0.005  2.5496e-17  -80
5.005  8.19738e-10  -80
10.005  3.14211e-09  -80
15.005  6.73602e-09  -80
20.005  1.14024e-08  -80
25.005  1.69698e-08  -80
30.005  2.32899e-08  -80
35.005  3.02346e-08  -80
40.005  3.76928e-08  -80
45.005  4.55683e-08  -80
50.005  5.37775e-08  -80
55.005  6.2248e-08  -80
60.005  7.09168e-08  -80
65.005  7.97295e-08  -80
70.005  8.86386e-08  -80
75.005  9.76032e-08  -80
80.005  1.06588e-07  -80
85.005  1.15562e-07  -80
90.005  1.24498e-07  -80
95.005  1.33375e-07  -80
100.005  1.42173e-07  -80
105.005  1.50875e-07  -80
110.005  1.59468e-07  -80
115.005  1.67939e-07  -80
120.005  1.76279e-07  -80
125.005  1.84479e-07  -80
130.005  1.92533e-07  -80
135.005  2.00436e-07  -80
140.005  2.08184e-07  -80
145.005  2.15773e-07  -80
150.005  2.23201e-07  -80
155.005  2.30467e-07  -80
160.005  2.3757e-07  -80
165.005  2.4451e-07  -80
170.005  2.51287e-07  -80
175.005  2.57903e-07  -80
180.005  2.64357e-07  -80
185.005  2.70653e-07  -80
190.005  2.7679e-07  -80
195.005  2.82773e-07  -80
200.005  2.88602e-07  -80
205.005  2.94281e-07  -80
210.005  2.99812e-07  -80
215.005  3.05196e-07  -80
220.005  3.10439e-07  -80
225.005  3.15541e-07  -80
230.005  3.20506e-07  -80
235.005  3.25337e-07  -80
240.005  3.30037e-07  -80
245.005  3.34609e-07  -80
250.005  3.39055e-07  -80
255.005  3.43379e-07  -80
260.005  3.47583e-07  -80
265.005  3.51671e-07  -80
270.005  3.55646e-07  -80
275.005  3.59509e-07  -80
280.005  3.63265e-07  -80
285.005  3.66915e-07  -80
290.005  3.70463e-07  -80
295.005  3.73911e-07  -80
300.005  3.77262e-07  -80
305.005  3.80518e-07  -80
310.005  3.83682e-07  -80
315.005  3.86757e-07  -80
320.005  3.89744e-07  -80
325.005  3.92646e-07  -80
330.005  3.95466e-07  -80
335.005  3.98206e-07  -80
340.005  4.00868e-07  -80
345.005  4.03454e-07  -80
350.005  4.05966e-07  -80
355.005  4.08406e-07  -80
360.005  4.10777e-07  -80
365.005  4.1308e-07  -80
370.005  4.15316e-07  -80
375.005  4.17489e-07  -80
380.005  4.196e-07  -80
385.005  4.2165e-07  -80
390.005  4.23642e-07  -80
395.005  4.25576e-07  -80
400.005  4.27455e-07  -80
405.005  4.2928e-07  -80
410.005  4.31053e-07  -80
415.005  4.32774e-07  -80
420.005  4.34447e-07  -80
425.005  4.36071e-07  -80
430.005  4.37648e-07  -80
435.005  4.39181e-07  -80
440.005  4.40669e-07  -80
445.005  4.42114e-07  -80
450.005  4.43518e-07  -80
455.005  4.44881e-07  -80
460.005  4.46206e-07  -80
465.005  4.47492e-07  -80
470.005  4.48741e-07  -80
475.005  4.49954e-07  -80
480.005  4.51133e-07  -80
485.005  4.52277e-07  -80
490.005  4.53389e-07  -80
495.005  4.54468e-07  -80
500.005  4.55517e-07  -80
505.005  4.56535e-07  -80
510.005  4.57524e-07  -80
515.005  4.58484e-07  -80
520.005  4.59417e-07  -80
525.005  4.60323e-07  -80
530.005  4.61203e-07  -80
535.005  4.62057e-07  -80
540.005  4.62887e-07  -80
545.005  4.63693e-07  -80
550.005  4.64476e-07  -80
555.005  4.65237e-07  -80
560.005  4.65975e-07  -80
565.005  4.66692e-07  -80
570.005  4.67389e-07  -80
575.005  4.68065e-07  -80
580.005  4.68722e-07  -80
585.005  4.6936e-07  -80
590.005  4.6998e-07  -80
595.005  4.70582e-07  -80
600.005  4.71166e-07  -80
605.005  4.71734e-07  -80
610.005  4.72285e-07  -80
615.005  4.7282e-07  -80
620.005  4.7334e-07  -80
625.005  4.73845e-07  -80
630.005  4.74336e-07  -80
635.005  4.74812e-07  -80
640.005  4.75275e-07  -80
645.005  4.75724e-07  -80
650.005  4.76161e-07  -80
655.005  4.76584e-07  -80
660.005  4.76996e-07  -80
665.005  4.77396e-07  -80
670.005  4.77784e-07  -80
675.005  4.78161e-07  -80
680.005  4.78527e-07  -80
685.005  4.78883e-07  -80
690.005  4.79228e-07  -80
695.005  4.79564e-07  -80
700.005  4.79889e-07  -80
705.005  4.80206e-07  -80
710.005  4.80513e-07  -80
715.005  4.80811e-07  -80
720.005  4.81101e-07  -80
725.005  4.81383e-07  -80
730.005  4.81656e-07  -80
735.005  4.81922e-07  -80
740.005  4.8218e-07  -80
745.005  4.8243e-07  -80
750.005  4.82673e-07  -80
755.005  4.82909e-07  -80
760.005  4.83139e-07  -80
765.005  4.83362e-07  -80
770.005  4.83578e-07  -80
775.005  4.83788e-07  -80
780.005  4.83992e-07  -80
785.005  4.8419e-07  -80
790.005  4.84383e-07  -80
795.005  4.8457e-07  -80
800.005  4.84751e-07  -80
805.005  4.84928e-07  -80
810.005  4.85099e-07  -80
815.005  4.85265e-07  -80
820.005  4.85427e-07  -80
825.005  4.85584e-07  -80
830.005  4.85736e-07  -80
835.005  4.85884e-07  -80
840.005  4.86028e-07  -80
845.005  4.86167e-07  -80
850.005  4.86303e-07  -80
855.005  4.86435e-07  -80
860.005  4.86562e-07  -80
865.005  4.86687e-07  -80
870.005  4.86807e-07  -80
875.005  4.86924e-07  -80
880.005  4.87038e-07  -80
885.005  4.87149e-07  -80
890.005  4.87256e-07  -80
895.005  4.8736e-07  -80
900.005  4.87461e-07  -80
905.005  4.8756e-07  -80
910.005  4.87655e-07  -80
915.005  4.87748e-07  -80
920.005  4.87838e-07  -80
925.005  4.87925e-07  -80
930.005  4.8801e-07  -80
935.005  4.88093e-07  -80
940.005  4.88173e-07  -80
945.005  4.8825e-07  -80
950.005  4.88326e-07  -80
955.005  4.88399e-07  -80
960.005  4.88471e-07  -80
965.005  4.8854e-07  -80
970.005  4.88607e-07  -80
975.005  4.88672e-07  -80
980.005  4.88736e-07  -80
985.005  4.88797e-07  -80
990.005  4.88857e-07  -80
995.005  4.88915e-07  -80
1000  4.88972e-07  -80
1005  4.89026e-07  -80
1010  4.8908e-07  -80
1015  4.89131e-07  -80
1020  4.89181e-07  -80
1025  4.8923e-07  -80
1030  4.89277e-07  -80
1035  4.89323e-07  -80
1040  4.89368e-07  -80
1045  4.89411e-07  -80
1050  4.89453e-07  -80
1055  4.89494e-07  -80
1060  4.89534e-07  -80
1065.01  4.89573e-07  -80
1070.01  4.8961e-07  -80
1075.01  4.89647e-07  -80
1080.01  4.89682e-07  -80
1085.01  4.89716e-07  -80
1090.01  4.8975e-07  -80
1095.01  4.89782e-07  -80
1100.01  4.89813e-07  -80
1105.01  4.89844e-07  -80
1110.01  4.89873e-07  -80
1115.01  4.89902e-07  -80
1120.01  4.8993e-07  -80
1125.01  4.89957e-07  -80
1130.01  4.89984e-07  -80
1135.01  4.90009e-07  -80
1140.01  4.90034e-07  -80
1145.01  4.90058e-07  -80
1150.01  4.90082e-07  -80
1155.01  4.90105e-07  -80
1160.01  4.90127e-07  -80
1165.01  4.90148e-07  -80
1170.01  4.90169e-07  -80
1175.01  4.9019e-07  -80
1180.01  4.90209e-07  -80
1185.01  4.90228e-07  -80
1190.01  4.90247e-07  -80
1195.01  4.90265e-07  -80
1200.01  4.90282e-07  -80
1205.01  4.90299e-07  -80
1210.01  4.90316e-07  -80
1215.01  4.90332e-07  -80
1220.01  4.90348e-07  -80
1225.01  4.90363e-07  -80
1230.01  4.90377e-07  -80
1235.01  4.90392e-07  -80
1240.01  4.90406e-07  -80
1245.01  4.90419e-07  -80
1250.01  4.90432e-07  -80
1255.01  4.90445e-07  -80
1260.01  4.90457e-07  -80
1265.01  4.90469e-07  -80
1270.01  4.90481e-07  -80
1275.01  4.90492e-07  -80
1280.01  4.90503e-07  -80
1285.01  4.90514e-07  -80
1290.01  4.90524e-07  -80
1295.01  4.90534e-07  -80
1300.01  4.90544e-07  -80
1305.01  4.90553e-07  -80
1310.01  4.90563e-07  -80
1315.01  4.90572e-07  -80
1320.01  4.9058e-07  -80
1325.01  4.90589e-07  -80
1330.01  4.90597e-07  -80
1335.01  4.90605e-07  -80
1340.01  4.90613e-07  -80
1345.01  4.9062e-07  -80
1350.01  4.90627e-07  -80
1355.01  4.90634e-07  -80
1360.01  4.90641e-07  -80
1365.01  4.90648e-07  -80
1370.01  4.90655e-07  -80
1375.01  4.90661e-07  -80
1380.01  4.90667e-07  -80
1385.01  4.90673e-07  -80
1390.01  4.90679e-07  -80
1395.01  4.90684e-07  -80
1400.01  4.9069e-07  -80
1405.01  4.90695e-07  -80
1410.01  4.907e-07  -80
1415.01  4.90705e-07  -80
1420.01  4.9071e-07  -80
1425.01  4.90715e-07  -80
1430.01  4.90719e-07  -80
1435.01  4.90724e-07  -80
1440.01  4.90728e-07  -80
1445.01  4.90732e-07  -80
1450.01  4.90736e-07  -80
1455.01  4.9074e-07  -80
1460.01  4.90744e-07  -80
1465.01  4.90748e-07  -80
1470.01  4.90751e-07  -80
1475.01  4.90755e-07  -80
1480.01  4.90758e-07  -80
1485.01  4.90762e-07  -80
1490.01  4.90765e-07  -80
1495.01  4.90768e-07  -80
1500.01  4.90771e-07  -80
1505.01  4.90774e-07  -80
1510.01  4.90777e-07  -80
1515.01  4.90779e-07  -80
1520.01  4.90782e-07  -80
1525.01  4.90785e-07  -80
1530.01  4.90787e-07  -80
1535.01  4.9079e-07  -80
1540.01  4.90792e-07  -80
1545.01  4.90795e-07  -80
1550.01  4.90797e-07  -80
1555.01  4.90799e-07  -80
1560.01  4.90801e-07  -80
1565.01  4.90803e-07  -80
1570.01  4.90805e-07  -80
1575.01  4.90807e-07  -80
1580.01  4.90809e-07  -80
1585.01  4.90811e-07  -80
1590.01  4.90813e-07  -80
1595.01  4.90814e-07  -80
1600.01  4.90816e-07  -80
1605.01  4.90818e-07  -80
1610.01  4.90819e-07  -80
1615.01  4.90821e-07  -80
1620.01  4.90822e-07  -80
1625.01  4.90824e-07  -80
1630.01  4.90825e-07  -80
1635.01  4.90827e-07  -80
1640.01  4.90828e-07  -80
1645.01  4.90829e-07  -80
1650.01  4.90831e-07  -80
1655.01  4.90832e-07  -80
1660.01  4.90833e-07  -80
1665.01  4.90834e-07  -80
1670.01  4.90835e-07  -80
1675.01  4.90836e-07  -80
1680.01  4.90837e-07  -80
1685.01  4.90838e-07  -80
1690.01  4.90839e-07  -80
1695.01  4.9084e-07  -80
1700.01  4.90841e-07  -80
1705.01  4.90842e-07  -80
1710.01  4.90843e-07  -80
1715.01  4.90844e-07  -80
1720.01  4.90845e-07  -80
1725.01  4.90846e-07  -80
1730.01  4.90847e-07  -80
1735.01  4.90847e-07  -80
1740.01  4.90848e-07  -80
1745.01  4.90849e-07  -80
1750.01  4.90849e-07  -80
1755.01  4.9085e-07  -80
1760.01  4.90851e-07  -80
1765.01  4.90851e-07  -80
1770.01  4.90852e-07  -80
1775.01  4.90853e-07  -80
1780.01  4.90853e-07  -80
1785.01  4.90854e-07  -80
1790.01  4.90854e-07  -80
1795.01  4.90855e-07  -80
1800.01  4.90855e-07  -80
1805.01  4.90856e-07  -80
1810.01  4.90856e-07  -80
1815.01  4.90857e-07  -80
1820.01  4.90857e-07  -80
1825.01  4.90858e-07  -80
1830.01  4.90858e-07  -80
1835.01  4.90859e-07  -80
1840.01  4.90859e-07  -80
1845.01  4.9086e-07  -80
1850.01  4.9086e-07  -80
1855.01  4.9086e-07  -80
1860.01  4.90861e-07  -80
1865.01  4.90861e-07  -80
1870.01  4.90861e-07  -80
1875.01  4.90862e-07  -80
1880.01  4.90862e-07  -80
1885.01  4.90862e-07  -80
1890.01  4.90863e-07  -80
1895.01  4.90863e-07  -80
1900.01  4.90863e-07  -80
1905.01  4.90864e-07  -80
1910.01  4.90864e-07  -80
1915.01  4.90864e-07  -80
1920.01  4.90864e-07  -80
1925.01  4.90865e-07  -80
1930.01  4.90865e-07  -80
1935.01  4.90865e-07  -80
1940.01  4.90865e-07  -80
1945.01  4.90866e-07  -80
1950.01  4.90866e-07  -80
1955.01  4.90866e-07  -80
1960.01  4.90866e-07  -80
1965.01  4.90866e-07  -80
1970.01  4.90867e-07  -80
1975.01  4.90867e-07  -80
1980.01  4.90867e-07  -80
1985.01  4.90867e-07  -80
1990.01  4.90867e-07  -80
1995.01  4.90868e-07  -80
2000.01  4.90868e-07  -80
2005.01  4.90868e-07  -80
2010.01  4.90868e-07  -80
2015.01  4.90868e-07  -80
2020.01  4.90868e-07  -80
2025.01  4.90868e-07  -80
2030.01  4.90869e-07  -80
2035.01  4.90869e-07  -80
2040.01  4.90869e-07  -80
2045.01  4.90869e-07  -80
2050.01  4.90869e-07  -80
2055.01  4.90869e-07  -80
2060.01  4.90869e-07  -80
2065.01  4.90869e-07  -80
2070.01  4.9087e-07  -80
2075.01  4.9087e-07  -80
2080.01  4.9087e-07  -80
2085.01  4.9087e-07  -80
2090.01  4.9087e-07  -80
2095.01  4.9087e-07  -80
2100.01  4.9087e-07  -80
2105.01  4.9087e-07  -80
2110.01  4.9087e-07  -80
2115.01  4.9087e-07  -80
2120.01  4.9087e-07  -80
2125.01  4.90871e-07  -80
2130.01  4.90871e-07  -80
2135.01  4.90871e-07  -80
2140.01  4.90871e-07  -80
2145.01  4.90871e-07  -80
2150.01  4.90871e-07  -80
2155.01  4.90871e-07  -80
2160.01  4.90871e-07  -80
2165.01  4.90871e-07  -80
2170.01  4.90871e-07  -80
2175.01  4.90871e-07  -80
2180.01  4.90871e-07  -80
2185.01  4.90871e-07  -80
2190.01  4.90871e-07  -80
2195.01  4.90871e-07  -80
2200.01  4.90871e-07  -80
2205.01  4.90872e-07  -80
2210.01  4.90872e-07  -80
2215.01  4.90872e-07  -80
2220.01  4.90872e-07  -80
2225.01  4.90872e-07  -80
2230.01  4.90872e-07  -80
2235.01  4.90872e-07  -80
2240.01  4.90872e-07  -80
2245.01  4.90872e-07  -80
2250.01  4.90872e-07  -80
2255.01  4.90872e-07  -80
2260.01  4.90872e-07  -80
2265.01  4.90872e-07  -80
2270.01  4.90872e-07  -80
2275.01  4.90872e-07  -80
2280.01  4.90872e-07  -80
2285.01  4.90872e-07  -80
2290.01  4.90872e-07  -80
2295.01  4.90872e-07  -80
2300.01  4.90872e-07  -80
2305.01  4.90872e-07  -80
2310.01  4.90872e-07  -80
2315.01  4.90872e-07  -80
2320.01  4.90872e-07  -80
2325.01  4.90872e-07  -80
2330.01  4.90872e-07  -80
2335.01  4.90872e-07  -80
2340.01  4.90872e-07  -80
2345.01  4.90872e-07  -80
2350.01  4.90872e-07  -80
2355.01  4.90872e-07  -80
2360.01  4.90873e-07  -80
2365.01  4.90873e-07  -80
2370.01  4.90873e-07  -80
2375.01  4.90873e-07  -80
2380.01  4.90873e-07  -80
2385.01  4.90873e-07  -80
2390.01  4.90873e-07  -80
2395.01  4.90873e-07  -80
2400.01  4.90873e-07  -80
2405.01  4.90873e-07  -80
2410.01  4.90873e-07  -80
2415.01  4.90873e-07  -80
2420.01  4.90873e-07  -80
2425.01  4.90873e-07  -80
2430.01  4.90873e-07  -80
2435.01  4.90873e-07  -80
2440.01  4.90873e-07  -80
2445.01  4.90873e-07  -80
2450.01  4.90873e-07  -80
2455.01  4.90873e-07  -80
2460.01  4.90873e-07  -80
2465.01  4.90873e-07  -80
2470.01  4.90873e-07  -80
2475.01  4.90873e-07  -80
2480.01  4.90873e-07  -80
2485.01  4.90873e-07  -80
2490.01  4.90873e-07  -80
2495.01  4.90873e-07  -80
2500.01  4.90873e-07  -80
2505.01  4.90873e-07  -80
2510.01  4.90873e-07  -80
2515.01  4.90873e-07  -80
2520.01  4.90873e-07  -80
2525.01  4.90873e-07  -80
2530.01  4.90873e-07  -80
2535.01  4.90873e-07  -80
2540.01  4.90873e-07  -80
2545.01  4.90873e-07  -80
2550.01  4.90873e-07  -80
2555.01  4.90873e-07  -80
2560.01  4.90873e-07  -80
2565.01  4.90873e-07  -80
2570.01  4.90873e-07  -80
2575.01  4.90873e-07  -80
2580.01  4.90873e-07  -80
2585.01  4.90873e-07  -80
2590.01  4.90873e-07  -80
2595.01  4.90873e-07  -80
2600.01  4.90873e-07  -80
2605.01  4.90873e-07  -80
2610.01  4.90873e-07  -80
2615.01  4.90873e-07  -80
2620.01  4.90873e-07  -80
2625.01  4.90873e-07  -80
2630.01  4.90873e-07  -80
2635.01  4.90873e-07  -80
2640.01  4.90873e-07  -80
2645.01  4.90873e-07  -80
2650.01  4.90873e-07  -80
2655.01  4.90873e-07  -80
2660.01  4.90873e-07  -80
2665.01  4.90873e-07  -80
2670.01  4.90873e-07  -80
2675.01  4.90873e-07  -80
2680.01  4.90873e-07  -80
2685.01  4.90873e-07  -80
2690.01  4.90873e-07  -80
2695.01  4.90873e-07  -80
2700.01  4.90873e-07  -80
2705.01  4.90873e-07  -80
2710.01  4.90873e-07  -80
2715.01  4.90873e-07  -80
2720.01  4.90873e-07  -80
2725.01  4.90873e-07  -80
2730.01  4.90873e-07  -80
2735.01  4.90873e-07  -80
2740.01  4.90873e-07  -80
2745.01  4.90873e-07  -80
2750.01  4.90873e-07  -80
2755.01  4.90873e-07  -80
2760.01  4.90873e-07  -80
2765.01  4.90873e-07  -80
2770.01  4.90873e-07  -80
2775.01  4.90873e-07  -80
2780.01  4.90873e-07  -80
2785.01  4.90873e-07  -80
2790.01  4.90873e-07  -80
2795.01  4.90873e-07  -80
2800.01  4.90873e-07  -80
2805.01  4.90873e-07  -80
2810.01  4.90873e-07  -80
2815.01  4.90873e-07  -80
2820.01  4.90873e-07  -80
2825.01  4.90873e-07  -80
2830.01  4.90873e-07  -80
2835.01  4.90873e-07  -80
2840.01  4.90873e-07  -80
2845.01  4.90873e-07  -80
2850.01  4.90873e-07  -80
2855.01  4.90873e-07  -80
2860.01  4.90873e-07  -80
2865.01  4.90873e-07  -80
2870.01  4.90873e-07  -80
2875.01  4.90873e-07  -80
2880.01  4.90873e-07  -80
2885.01  4.90873e-07  -80
2890.01  4.90873e-07  -80
2895.01  4.90873e-07  -80
2900.01  4.90873e-07  -80
2905.01  4.90873e-07  -80
2910.01  4.90873e-07  -80
2915.01  4.90873e-07  -80
2920.01  4.90873e-07  -80
2925.01  4.90873e-07  -80
2930.01  4.90873e-07  -80
2935.01  4.90873e-07  -80
2940.01  4.90873e-07  -80
2945.01  4.90873e-07  -80
2950.01  4.90873e-07  -80
2955.01  4.90873e-07  -80
2960.01  4.90873e-07  -80
2965.01  4.90873e-07  -80
2970.01  4.90873e-07  -80
2975.01  4.90873e-07  -80
2980.01  4.90873e-07  -80
2985.01  4.90873e-07  -80
2990.01  4.90873e-07  -80
2995.01  4.90873e-07  -80
3000.01  4.90873e-07  -80
3005.01  4.90873e-07  -80
3010.01  4.90873e-07  -80
3015.01  4.90873e-07  -80
3020.01  4.90873e-07  -80
3025.01  4.90873e-07  -80
3030.01  4.90873e-07  -80
3035.01  4.90873e-07  -80
3040.01  4.90873e-07  -80
3045.01  4.90873e-07  -80
3050.01  4.90873e-07  -80
3055.01  4.90873e-07  -80
3060.01  4.90873e-07  -80
3065.01  4.90873e-07  -80
3070.01  4.90873e-07  -80
3075.01  4.90873e-07  -80
3080.01  4.90873e-07  -80
3085.01  4.90873e-07  -80
3090.01  4.90873e-07  -80
3095.01  4.90873e-07  -80
3100.01  4.90873e-07  -80
3105.01  4.90873e-07  -80
3110.01  4.90873e-07  -80
3115.01  4.90873e-07  -80
3120.01  4.90873e-07  -80
3125.01  4.90873e-07  -80
3130.01  4.90873e-07  -80
3135.01  4.90873e-07  -80
3140.01  4.90873e-07  -80
3145.01  4.90873e-07  -80
3150.01  4.90873e-07  -80
3155.01  4.90873e-07  -80
3160.01  4.90873e-07  -80
3165.01  4.90873e-07  -80
3170.01  4.90873e-07  -80
3175.01  4.90873e-07  -80
3180.01  4.90873e-07  -80
3185.01  4.90873e-07  -80
3190.01  4.90873e-07  -80
3195.01  4.90873e-07  -80
3200.01  4.90873e-07  -80
3205.01  4.90873e-07  -80
3210.01  4.90873e-07  -80
3215.01  4.90873e-07  -80
3220.01  4.90873e-07  -80
3225.01  4.90873e-07  -80
3230.01  4.90873e-07  -80
3235.01  4.90873e-07  -80
3240.01  4.90873e-07  -80
3245.01  4.90873e-07  -80
3250.01  4.90873e-07  -80
3255.01  4.90873e-07  -80
3260.01  4.90873e-07  -80
3265.01  4.90873e-07  -80
3270.01  4.90873e-07  -80
3275.01  4.90873e-07  -80
3280.01  4.90873e-07  -80
3285.01  4.90873e-07  -80
3290.01  4.90873e-07  -80
3295.01  4.90873e-07  -80
3300.01  4.90873e-07  -80
3305.01  4.90873e-07  -80
3310.01  4.90873e-07  -80
3315.01  4.90873e-07  -80
3320.01  4.90873e-07  -80
3325.01  4.90873e-07  -80
3330.01  4.90873e-07  -80
3335.01  4.90873e-07  -80
3340.01  4.90873e-07  -80
3345.01  4.90873e-07  -80
3350.01  4.90873e-07  -80
3355.01  4.90873e-07  -80
3360.01  4.90873e-07  -80
3365.01  4.90873e-07  -80
3370.01  4.90873e-07  -80
3375.01  4.90873e-07  -80
3380.01  4.90873e-07  -80
3385.01  4.90873e-07  -80
3390.01  4.90873e-07  -80
3395.01  4.90873e-07  -80
3400.01  4.90873e-07  -80
3405.01  4.90873e-07  -80
3410.01  4.90873e-07  -80
3415.01  4.90873e-07  -80
3420.01  4.90873e-07  -80
3425.01  4.90873e-07  -80
3430.01  4.90873e-07  -80
3435.01  4.90873e-07  -80
3440.01  4.90873e-07  -80
3445.01  4.90873e-07  -80
3450.01  4.90873e-07  -80
3455.01  4.90873e-07  -80
3460.01  4.90873e-07  -80
3465.01  4.90873e-07  -80
3470.01  4.90873e-07  -80
3475.01  4.90873e-07  -80
3480.01  4.90873e-07  -80
3485.01  4.90873e-07  -80
3490.01  4.90873e-07  -80
3495.01  4.90873e-07  -80
3500.01  4.90873e-07  -80
3505.01  4.90873e-07  -80
3510.01  4.90873e-07  -80
3515.01  4.90873e-07  -80
3520.01  4.90873e-07  -80
3525.01  4.90873e-07  -80
3530.01  4.90873e-07  -80
3535.01  4.90873e-07  -80
3540.01  4.90873e-07  -80
3545.01  4.90873e-07  -80
3550.01  4.90873e-07  -80
3555.01  4.90873e-07  -80
3560.01  4.90873e-07  -80
3565.01  4.90873e-07  -80
3570.01  4.90873e-07  -80
3575.01  4.90873e-07  -80
3580.01  4.90873e-07  -80
3585.01  4.90873e-07  -80
3590.01  4.90873e-07  -80
3595.01  4.90873e-07  -80
3600.01  4.90873e-07  -80
3605.01  4.90873e-07  -80
3610.01  4.90873e-07  -80
3615.01  4.90873e-07  -80
3620.01  4.90873e-07  -80
3625.01  4.90873e-07  -80
3630.01  4.90873e-07  -80
3635.01  4.90873e-07  -80
3640.01  4.90873e-07  -80
3645.01  4.90873e-07  -80
3650.01  4.90873e-07  -80
3655.01  4.90873e-07  -80
3660.01  4.90873e-07  -80
3665.01  4.90873e-07  -80
3670.01  4.90873e-07  -80
3675.01  4.90873e-07  -80
3680.01  4.90873e-07  -80
3685.01  4.90873e-07  -80
3690.01  4.90873e-07  -80
3695.01  4.90873e-07  -80
3700.01  4.90873e-07  -80
3705.01  4.90873e-07  -80
3710.01  4.90873e-07  -80
3715.01  4.90873e-07  -80
3720.01  4.90873e-07  -80
3725.01  4.90873e-07  -80
3730.01  4.90873e-07  -80
3735.01  4.90873e-07  -80
3740.01  4.90873e-07  -80
3745.01  4.90873e-07  -80
3750.01  4.90873e-07  -80
3755.01  4.90873e-07  -80
3760.01  4.90873e-07  -80
3765.01  4.90873e-07  -80
3770.01  4.90873e-07  -80
3775.01  4.90873e-07  -80
3780.01  4.90873e-07  -80
3785.01  4.90873e-07  -80
3790.01  4.90873e-07  -80
3795.01  4.90873e-07  -80
3800.01  4.90873e-07  -80
3805.01  4.90873e-07  -80
3810.01  4.90873e-07  -80
3815.01  4.90873e-07  -80
3820.01  4.90873e-07  -80
3825.01  4.90873e-07  -80
3830.01  4.90873e-07  -80
3835.01  4.90873e-07  -80
3840.01  4.90873e-07  -80
3845.01  4.90873e-07  -80
3850.01  4.90873e-07  -80
3855.01  4.90873e-07  -80
3860.01  4.90873e-07  -80
3865.01  4.90873e-07  -80
3870.01  4.90873e-07  -80
3875.01  4.90873e-07  -80
3880.01  4.90873e-07  -80
3885.01  4.90873e-07  -80
3890.01  4.90873e-07  -80
3895.01  4.90873e-07  -80
3900.01  4.90873e-07  -80
3905.01  4.90873e-07  -80
3910.01  4.90873e-07  -80
3915.01  4.90873e-07  -80
3920.01  4.90873e-07  -80
3925.01  4.90873e-07  -80
3930.01  4.90873e-07  -80
3935.01  4.90873e-07  -80
3940.01  4.90873e-07  -80
3945.01  4.90873e-07  -80
3950.01  4.90873e-07  -80
3955.01  4.90873e-07  -80
3960.01  4.90873e-07  -80
3965.01  4.90873e-07  -80
3970.01  4.90873e-07  -80
3975.01  4.90873e-07  -80
3980.01  4.90873e-07  -80
3985.01  4.90873e-07  -80
3990.01  4.90873e-07  -80
3995.01  4.90873e-07  -80
4000.01  4.90873e-07  -80
4005.01  4.90873e-07  -80
4010.01  4.90873e-07  -80
4015.01  4.90873e-07  -80
4020.01  4.90873e-07  -80
4025.01  4.90873e-07  -80
4030.01  4.90873e-07  -80
4035.01  4.90873e-07  -80
4040.01  4.90873e-07  -80
4045.01  4.90873e-07  -80
4050.01  4.90873e-07  -80
4055.01  4.90873e-07  -80
4060.01  4.90873e-07  -80
4065.01  4.90873e-07  -80
4070.01  4.90873e-07  -80
4075.01  4.90873e-07  -80
4080.01  4.90873e-07  -80
4085.01  4.90873e-07  -80
4090.01  4.90873e-07  -80
4095.01  4.90873e-07  -80
4100.01  4.90873e-07  -80
4105.01  4.90873e-07  -80
4110.01  4.90873e-07  -80
4115.01  4.90873e-07  -80
4120.01  4.90873e-07  -80
4125.01  4.90873e-07  -80
4130.01  4.90873e-07  -80
4135.01  4.90873e-07  -80
4140.01  4.90873e-07  -80
4145.01  4.90873e-07  -80
4150.01  4.90873e-07  -80
4155.01  4.90873e-07  -80
4160.01  4.90873e-07  -80
4165.01  4.90873e-07  -80
4170.01  4.90873e-07  -80
4175.01  4.90873e-07  -80
4180.01  4.90873e-07  -80
4185.01  4.90873e-07  -80
4190.01  4.90873e-07  -80
4195.01  4.90873e-07  -80
4200.01  4.90873e-07  -80
4205.01  4.90873e-07  -80
4210.01  4.90873e-07  -80
4215.01  4.90873e-07  -80
4220.01  4.90873e-07  -80
4225.01  4.90873e-07  -80
4230.01  4.90873e-07  -80
4235.01  4.90873e-07  -80
4240.01  4.90873e-07  -80
4245.01  4.90873e-07  -80
4250.01  4.90873e-07  -80
4255.01  4.90873e-07  -80
4260.01  4.90873e-07  -80
4265.01  4.90873e-07  -80
4270.01  4.90873e-07  -80
4275.01  4.90873e-07  -80
4280.01  4.90873e-07  -80
4285.01  4.90873e-07  -80
4290.01  4.90873e-07  -80
4295.01  4.90873e-07  -80
4300.01  4.90873e-07  -80
4305.01  4.90873e-07  -80
4310.01  4.90873e-07  -80
4315.01  4.90873e-07  -80
4320.01  4.90873e-07  -80
4325.01  4.90873e-07  -80
4330.01  4.90873e-07  -80
4335.01  4.90873e-07  -80
4340.01  4.90873e-07  -80
4345.01  4.90873e-07  -80
4350.01  4.90873e-07  -80
4355.01  4.90873e-07  -80
4360.01  4.90873e-07  -80
4365.01  4.90873e-07  -80
4370.01  4.90873e-07  -80
4375.01  4.90873e-07  -80
4380.01  4.90873e-07  -80
4385.01  4.90873e-07  -80
4390.01  4.90873e-07  -80
4395.01  4.90873e-07  -80
4400.01  4.90873e-07  -80
4405.01  4.90873e-07  -80
4410.01  4.90873e-07  -80
4415.01  4.90873e-07  -80
4420.01  4.90873e-07  -80
4425.01  4.90873e-07  -80
4430.01  4.90873e-07  -80
4435.01  4.90873e-07  -80
4440.01  4.90873e-07  -80
4445.01  4.90873e-07  -80
4450.01  4.90873e-07  -80
4455.01  4.90873e-07  -80
4460.01  4.90873e-07  -80
4465.01  4.90873e-07  -80
4470.01  4.90873e-07  -80
4475.01  4.90873e-07  -80
4480.01  4.90873e-07  -80
4485.01  4.90873e-07  -80
4490.01  4.90873e-07  -80
4495.01  4.90873e-07  -80
4500.01  4.90873e-07  -80
4505.01  4.90873e-07  -80
4510.01  4.90873e-07  -80
4515.01  4.90873e-07  -80
4520.01  4.90873e-07  -80
4525.01  4.90873e-07  -80
4530.01  4.90873e-07  -80
4535.01  4.90873e-07  -80
4540.01  4.90873e-07  -80
4545.01  4.90873e-07  -80
4550.01  4.90873e-07  -80
4555.01  4.90873e-07  -80
4560.01  4.90873e-07  -80
4565.01  4.90873e-07  -80
4570.01  4.90873e-07  -80
4575.01  4.90873e-07  -80
4580.01  4.90873e-07  -80
4585.01  4.90873e-07  -80
4590.01  4.90873e-07  -80
4595.01  4.90873e-07  -80
4600.01  4.90873e-07  -80
4605.01  4.90873e-07  -80
4610.01  4.90873e-07  -80
4615.01  4.90873e-07  -80
4620.01  4.90873e-07  -80
4625.01  4.90873e-07  -80
4630.01  4.90873e-07  -80
4635.01  4.90873e-07  -80
4640.01  4.90873e-07  -80
4645.01  4.90873e-07  -80
4650.01  4.90873e-07  -80
4655.01  4.90873e-07  -80
4660.01  4.90873e-07  -80
4665.01  4.90873e-07  -80
4670.01  4.90873e-07  -80
4675.01  4.90873e-07  -80
4680.01  4.90873e-07  -80
4685.01  4.90873e-07  -80
4690.01  4.90873e-07  -80
4695.01  4.90873e-07  -80
4700.01  4.90873e-07  -80
4705.01  4.90873e-07  -80
4710.01  4.90873e-07  -80
4715.01  4.90873e-07  -80
4720.01  4.90873e-07  -80
4725.01  4.90873e-07  -80
4730.01  4.90873e-07  -80
4735.01  4.90873e-07  -80
4740.01  4.90873e-07  -80
4745.01  4.90873e-07  -80
4750.01  4.90873e-07  -80
4755.01  4.90873e-07  -80
4760.01  4.90873e-07  -80
4765.01  4.90873e-07  -80
4770.01  4.90873e-07  -80
4775.01  4.90873e-07  -80
4780.01  4.90873e-07  -80
4785.01  4.90873e-07  -80
4790.01  4.90873e-07  -80
4795.01  4.90873e-07  -80
4800.01  4.90873e-07  -80
4805.01  4.90873e-07  -80
4810.01  4.90873e-07  -80
4815.01  4.90873e-07  -80
4820.01  4.90873e-07  -80
4825.01  4.90873e-07  -80
4830.01  4.90873e-07  -80
4835.01  4.90873e-07  -80
4840.01  4.90873e-07  -80
4845.01  4.90873e-07  -80
4850.01  4.90873e-07  -80
4855.01  4.90873e-07  -80
4860.01  4.90873e-07  -80
4865.01  4.90873e-07  -80
4870.01  4.90873e-07  -80
4875.01  4.90873e-07  -80
4880.01  4.90873e-07  -80
4885.01  4.90873e-07  -80
4890.01  4.90873e-07  -80
4895.01  4.90873e-07  -80
4900.01  4.90873e-07  -80
4905.01  4.90873e-07  -80
4910.01  4.90873e-07  -80
4915.01  4.90873e-07  -80
4920.01  4.90873e-07  -80
4925.01  4.90873e-07  -80
4930.01  4.90873e-07  -80
4935.01  4.90873e-07  -80
4940.01  4.90873e-07  -80
4945.01  4.90873e-07  -80
4950.01  4.90873e-07  -80
4955.01  4.90873e-07  -80
4960.01  4.90873e-07  -80
4965.01  4.90873e-07  -80
4970.01  4.90873e-07  -80
4975.01  4.90873e-07  -80
4980.01  4.90873e-07  -80
4985.01  4.90873e-07  -80
4990.01  4.90873e-07  -80
4995.01  4.90873e-07  -80
5000.01  4.90873e-07  -80
5005.01  4.90873e-07  -80
5010.01  4.90873e-07  -80
5015.01  4.90873e-07  -80
5020.01  4.90873e-07  -80
5025.01  4.90873e-07  -80
5030.01  4.90873e-07  -80
5035.01  4.90873e-07  -80
5040.01  4.90873e-07  -80
5045.01  4.90873e-07  -80
5050.01  4.90873e-07  -80
5055.01  4.90873e-07  -80
5060.01  4.90873e-07  -80
5065.01  4.90873e-07  -80
5070.01  4.90873e-07  -80
5075.01  4.90873e-07  -80
5080.01  4.90873e-07  -80
5085.01  4.90873e-07  -80
5090.01  4.90873e-07  -80
5095.01  4.90873e-07  -80
5100.01  4.90873e-07  -80
5105.01  4.90873e-07  -80
5110.01  4.90873e-07  -80
5115.01  4.90873e-07  -80
5120.01  4.90873e-07  -80
5125.01  4.90873e-07  -80
5130.01  4.90873e-07  -80
5135.01  4.90873e-07  -80
5140.01  4.90873e-07  -80
5145.01  4.90873e-07  -80
5150.01  4.90873e-07  -80
5155.01  4.90873e-07  -80
5160.01  4.90873e-07  -80
5165.01  4.90873e-07  -80
5170.01  4.90873e-07  -80
5175.01  4.90873e-07  -80
5180.01  4.90873e-07  -80
5185.01  4.90873e-07  -80
5190.01  4.90873e-07  -80
5195.01  4.90873e-07  -80
5200.01  4.90873e-07  -80
5205.01  4.90873e-07  -80
5210.01  4.90873e-07  -80
5215.01  4.90873e-07  -80
5220.01  4.90873e-07  -80
5225.01  4.90873e-07  -80
5230.01  4.90873e-07  -80
5235.01  4.90873e-07  -80
5240.01  4.90873e-07  -80
5245.01  4.90873e-07  -80
5250.01  4.90873e-07  -80
5255.01  4.90873e-07  -80
5260.01  4.90873e-07  -80
5265.01  4.90873e-07  -80
5270.01  4.90873e-07  -80
5275.01  4.90873e-07  -80
5280.01  4.90873e-07  -80
5285.01  4.90873e-07  -80
5290.01  4.90873e-07  -80
5295.01  4.90873e-07  -80
5300.01  4.90873e-07  -80
5305.01  4.90873e-07  -80
5310.01  4.90873e-07  -80
5315.01  4.90873e-07  -80
5320.01  4.90873e-07  -80
5325.01  4.90873e-07  -80
5330.01  4.90873e-07  -80
5335.01  4.90873e-07  -80
5340.01  4.90873e-07  -80
5345.01  4.90873e-07  -80
5350.01  4.90873e-07  -80
5355.01  4.90873e-07  -80
5360.01  4.90873e-07  -80
5365.01  4.90873e-07  -80
5370.01  4.90873e-07  -80
5375.01  4.90873e-07  -80
5380.01  4.90873e-07  -80
5385.01  4.90873e-07  -80
5390.01  4.90873e-07  -80
5395.01  4.90873e-07  -80
5400.01  4.90873e-07  -80
5405.01  4.90873e-07  -80
5410.01  4.90873e-07  -80
5415.01  4.90873e-07  -80
5420.01  4.90873e-07  -80
5425.01  4.90873e-07  -80
5430.01  4.90873e-07  -80
5435.01  4.90873e-07  -80
5440.01  4.90873e-07  -80
5445.01  4.90873e-07  -80
5450.01  4.90873e-07  -80
5455.01  4.90873e-07  -80
5460.01  4.90873e-07  -80
5465.01  4.90873e-07  -80
5470.01  4.90873e-07  -80
5475.01  4.90873e-07  -80
5480.01  4.90873e-07  -80
5485.01  4.90873e-07  -80
5490.01  4.90873e-07  -80
5495.01  4.90873e-07  -80
5500.01  4.90873e-07  -80
5505.01  4.90873e-07  -80
5510.01  4.90873e-07  -80
5515.01  4.90873e-07  -80
5520.01  4.90873e-07  -80
5525.01  4.90873e-07  -80
5530.01  4.90873e-07  -80
5535.01  4.90873e-07  -80
5540.01  4.90873e-07  -80
5545.01  4.90873e-07  -80
5550.01  4.90873e-07  -80
5555.01  4.90873e-07  -80
5560.01  4.90873e-07  -80
5565.01  4.90873e-07  -80
5570.01  4.90873e-07  -80
5575.01  4.90873e-07  -80
5580.01  4.90873e-07  -80
5585.01  4.90873e-07  -80
5590.01  4.90873e-07  -80
5595.01  4.90873e-07  -80
5600.01  4.90873e-07  -80
5605.01  4.90873e-07  -80
5610.01  4.90873e-07  -80
5615.01  4.90873e-07  -80
5620.01  4.90873e-07  -80
5625.01  4.90873e-07  -80
5630.01  4.90873e-07  -80
5635.01  4.90873e-07  -80
5640.01  4.90873e-07  -80
5645.01  4.90873e-07  -80
5650.01  4.90873e-07  -80
5655.01  4.90873e-07  -80
5660.01  4.90873e-07  -80
5665.01  4.90873e-07  -80
5670.01  4.90873e-07  -80
5675.01  4.90873e-07  -80
5680.01  4.90873e-07  -80
5685.01  4.90873e-07  -80
5690.01  4.90873e-07  -80
5695.01  4.90873e-07  -80
5700.01  4.90873e-07  -80
5705.01  4.90873e-07  -80
5710.01  4.90873e-07  -80
5715.01  4.90873e-07  -80
5720.01  4.90873e-07  -80
5725.01  4.90873e-07  -80
5730.01  4.90873e-07  -80
5735.01  4.90873e-07  -80
5740.01  4.90873e-07  -80
5745.01  4.90873e-07  -80
5750.01  4.90873e-07  -80
5755.01  4.90873e-07  -80
5760.01  4.90873e-07  -80
5765.01  4.90873e-07  -80
5770.01  4.90873e-07  -80
5775.01  4.90873e-07  -80
5780.01  4.90873e-07  -80
5785.01  4.90873e-07  -80
5790.01  4.90873e-07  -80
5795.01  4.90873e-07  -80
5800.01  4.90873e-07  -80
5805.01  4.90873e-07  -80
5810.01  4.90873e-07  -80
5815.01  4.90873e-07  -80
5820.01  4.90873e-07  -80
5825.01  4.90873e-07  -80
5830.01  4.90873e-07  -80
5835.01  4.90873e-07  -80
5840.01  4.90873e-07  -80
5845.01  4.90873e-07  -80
5850.01  4.90873e-07  -80
5855.01  4.90873e-07  -80
5860.01  4.90873e-07  -80
5865.01  4.90873e-07  -80
5870.01  4.90873e-07  -80
5875.01  4.90873e-07  -80
5880.01  4.90873e-07  -80
5885.01  4.90873e-07  -80
5890.01  4.90873e-07  -80
5895.01  4.90873e-07  -80
5900.01  4.90873e-07  -80
5905.01  4.90873e-07  -80
5910.01  4.90873e-07  -80
5915.01  4.90873e-07  -80
5920.01  4.90873e-07  -80
5925.01  4.90873e-07  -80
5930.01  4.90873e-07  -80
5935.01  4.90873e-07  -80
5940.01  4.90873e-07  -80
5945.01  4.90873e-07  -80
5950.01  4.90873e-07  -80
5955.01  4.90873e-07  -80
5960.01  4.90873e-07  -80
5965.01  4.90873e-07  -80
5970.01  4.90873e-07  -80
5975.01  4.90873e-07  -80
5980.01  4.90873e-07  -80
5985.01  4.90873e-07  -80
5990.01  4.90873e-07  -80
5995.01  4.90873e-07  -80
6000.01  4.90873e-07  -80
6005.01  4.90873e-07  -80
6010.01  4.90873e-07  -80
6015.01  4.90873e-07  -80
6020.01  4.90873e-07  -80
6025.01  4.90873e-07  -80
6030.01  4.90873e-07  -80
6035.01  4.90873e-07  -80
6040.01  4.90873e-07  -80
6045.01  4.90873e-07  -80
6050.01  4.90873e-07  -80
6055.01  4.90873e-07  -80
6060.01  4.90873e-07  -80
6065.01  4.90873e-07  -80
6070.01  4.90873e-07  -80
6075.01  4.90873e-07  -80
6080.01  4.90873e-07  -80
6085.01  4.90873e-07  -80
6090.01  4.90873e-07  -80
6095.01  4.90873e-07  -80
6100.01  4.90873e-07  -80
6105.01  4.90873e-07  -80
6110.01  4.90873e-07  -80
6115.01  4.90873e-07  -80
6120.01  4.90873e-07  -80
6125.01  4.90873e-07  -80
6130.01  4.90873e-07  -80
6135.01  4.90873e-07  -80
6140.01  4.90873e-07  -80
6145.01  4.90873e-07  -80
6150.01  4.90873e-07  -80
6155.01  4.90873e-07  -80
6160.01  4.90873e-07  -80
6165.01  4.90873e-07  -80
6170.01  4.90873e-07  -80
6175.01  4.90873e-07  -80
6180.01  4.90873e-07  -80
6185.01  4.90873e-07  -80
6190.01  4.90873e-07  -80
6195.01  4.90873e-07  -80
6200.01  4.90873e-07  -80
6205.01  4.90873e-07  -80
6210.01  4.90873e-07  -80
6215.01  4.90873e-07  -80
6220.01  4.90873e-07  -80
6225.01  4.90873e-07  -80
6230.01  4.90873e-07  -80
6235.01  4.90873e-07  -80
6240.01  4.90873e-07  -80
6245.01  4.90873e-07  -80
6250.01  4.90873e-07  -80
6255.01  4.90873e-07  -80
6260.01  4.90873e-07  -80
6265.01  4.90873e-07  -80
6270.01  4.90873e-07  -80
6275.01  4.90873e-07  -80
6280.01  4.90873e-07  -80
6285.01  4.90873e-07  -80
6290.01  4.90873e-07  -80
6295.01  4.90873e-07  -80
6300.01  4.90873e-07  -80
6305.01  4.90873e-07  -80
6310.01  4.90873e-07  -80
6315.01  4.90873e-07  -80
6320.01  4.90873e-07  -80
6325.01  4.90873e-07  -80
6330.01  4.90873e-07  -80
6335.01  4.90873e-07  -80
6340.01  4.90873e-07  -80
6345.01  4.90873e-07  -80
6350.01  4.90873e-07  -80
6355.01  4.90873e-07  -80
6360.01  4.90873e-07  -80
6365.01  4.90873e-07  -80
6370.01  4.90873e-07  -80
6375.01  4.90873e-07  -80
6380.01  4.90873e-07  -80
6385.01  4.90873e-07  -80
6390.01  4.90873e-07  -80
6395.01  4.90873e-07  -80
6400.01  4.90873e-07  -80
6405.01  4.90873e-07  -80
6410.01  4.90873e-07  -80
6415.01  4.90873e-07  -80
6420.01  4.90873e-07  -80
6425.01  4.90873e-07  -80
6430.01  4.90873e-07  -80
6435.01  4.90873e-07  -80
6440.01  4.90873e-07  -80
6445.01  4.90873e-07  -80
6450.01  4.90873e-07  -80
6455.01  4.90873e-07  -80
6460.01  4.90873e-07  -80
6465.01  4.90873e-07  -80
6470.01  4.90873e-07  -80
6475.01  4.90873e-07  -80
6480.01  4.90873e-07  -80
6485.01  4.90873e-07  -80
6490.01  4.90873e-07  -80
6495.01  4.90873e-07  -80
6500.01  4.90873e-07  -80
6505.01  4.90873e-07  -80
6510.01  4.90873e-07  -80
6515.01  4.90873e-07  -80
6520.01  4.90873e-07  -80
6525.01  4.90873e-07  -80
6530.01  4.90873e-07  -80
6535.01  4.90873e-07  -80
6540.01  4.90873e-07  -80
6545.01  4.90873e-07  -80
6550.01  4.90873e-07  -80
6555.01  4.90873e-07  -80
6560.01  4.90873e-07  -80
6565.01  4.90873e-07  -80
6570.01  4.90873e-07  -80
6575.01  4.90873e-07  -80
6580.01  4.90873e-07  -80
6585.01  4.90873e-07  -80
6590.01  4.90873e-07  -80
6595.01  4.90873e-07  -80
6600.01  4.90873e-07  -80
6605.01  4.90873e-07  -80
6610.01  4.90873e-07  -80
6615.01  4.90873e-07  -80
6620.01  4.90873e-07  -80
6625.01  4.90873e-07  -80
6630.01  4.90873e-07  -80
6635.01  4.90873e-07  -80
6640.01  4.90873e-07  -80
6645.01  4.90873e-07  -80
6650.01  4.90873e-07  -80
6655.01  4.90873e-07  -80
6660.01  4.90873e-07  -80
6665.01  4.90873e-07  -80
6670.01  4.90873e-07  -80
6675.01  4.90873e-07  -80
6680.01  4.90873e-07  -80
6685.01  4.90873e-07  -80
6690.01  4.90873e-07  -80
6695.01  4.90873e-07  -80
6700.01  4.90873e-07  -80
6705.01  4.90873e-07  -80
6710.01  4.90873e-07  -80
6715.01  4.90873e-07  -80
6720.01  4.90873e-07  -80
6725.01  4.90873e-07  -80
6730.01  4.90873e-07  -80
6735.01  4.90873e-07  -80
6740.01  4.90873e-07  -80
6745.01  4.90873e-07  -80
6750.01  4.90873e-07  -80
6755.01  4.90873e-07  -80
6760.01  4.90873e-07  -80
6765.01  4.90873e-07  -80
6770.01  4.90873e-07  -80
6775.01  4.90873e-07  -80
6780.01  4.90873e-07  -80
6785.01  4.90873e-07  -80
6790.01  4.90873e-07  -80
6795.01  4.90873e-07  -80
6800.01  4.90873e-07  -80
6805.01  4.90873e-07  -80
6810.01  4.90873e-07  -80
6815.01  4.90873e-07  -80
6820.01  4.90873e-07  -80
6825.01  4.90873e-07  -80
6830.01  4.90873e-07  -80
6835.01  4.90873e-07  -80
6840.01  4.90873e-07  -80
6845.01  4.90873e-07  -80
6850.01  4.90873e-07  -80
6855.01  4.90873e-07  -80
6860.01  4.90873e-07  -80
6865.01  4.90873e-07  -80
6870.01  4.90873e-07  -80
6875.01  4.90873e-07  -80
6880.01  4.90873e-07  -80
6885.01  4.90873e-07  -80
6890.01  4.90873e-07  -80
6895.01  4.90873e-07  -80
6900.01  4.90873e-07  -80
6905.01  4.90873e-07  -80
6910.01  4.90873e-07  -80
6915.01  4.90873e-07  -80
6920.01  4.90873e-07  -80
6925.01  4.90873e-07  -80
6930.01  4.90873e-07  -80
6935.01  4.90873e-07  -80
6940.01  4.90873e-07  -80
6945.01  4.90873e-07  -80
6950.01  4.90873e-07  -80
6955.01  4.90873e-07  -80
6960.01  4.90873e-07  -80
6965.01  4.90873e-07  -80
6970.01  4.90873e-07  -80
6975.01  4.90873e-07  -80
6980.01  4.90873e-07  -80
6985.01  4.90873e-07  -80
6990.01  4.90873e-07  -80
6995.01  4.90873e-07  -80
7000.01  4.90873e-07  -80
7005.01  4.90873e-07  -80
7010.01  4.90873e-07  -80
7015.01  4.90873e-07  -80
7020.01  4.90873e-07  -80
7025.01  4.90873e-07  -80
7030.01  4.90873e-07  -80
7035.01  4.90873e-07  -80
7040.01  4.90873e-07  -80
7045.01  4.90873e-07  -80
7050.01  4.90873e-07  -80
7055.01  4.90873e-07  -80
7060.01  4.90873e-07  -80
7065.01  4.90873e-07  -80
7070.01  4.90873e-07  -80
7075.01  4.90873e-07  -80
7080.01  4.90873e-07  -80
7085.01  4.90873e-07  -80
7090.01  4.90873e-07  -80
7095.01  4.90873e-07  -80
7100.01  4.90873e-07  -80
7105.01  4.90873e-07  -80
7110.01  4.90873e-07  -80
7115.01  4.90873e-07  -80
7120.01  4.90873e-07  -80
7125.01  4.90873e-07  -80
7130.01  4.90873e-07  -80
7135.01  4.90873e-07  -80
7140.01  4.90873e-07  -80
7145.01  4.90873e-07  -80
7150.01  4.90873e-07  -80
7155.01  4.90873e-07  -80
7160.01  4.90873e-07  -80
7165.01  4.90873e-07  -80
7170.01  4.90873e-07  -80
7175.01  4.90873e-07  -80
7180.01  4.90873e-07  -80
7185.01  4.90873e-07  -80
7190.01  4.90873e-07  -80
7195.01  4.90873e-07  -80
7200.01  4.90873e-07  -80
7205.01  4.90873e-07  -80
7210.01  4.90873e-07  -80
7215.01  4.90873e-07  -80
7220.01  4.90873e-07  -80
7225.01  4.90873e-07  -80
7230.01  4.90873e-07  -80
7235.01  4.90873e-07  -80
7240.01  4.90873e-07  -80
7245.01  4.90873e-07  -80
7250.01  4.90873e-07  -80
7255.01  4.90873e-07  -80
7260.01  4.90873e-07  -80
7265.01  4.90873e-07  -80
7270.01  4.90873e-07  -80
7275.01  4.90873e-07  -80
7280.01  4.90873e-07  -80
7285.01  4.90873e-07  -80
7290.01  4.90873e-07  -80
7295.01  4.90873e-07  -80
7300.01  4.90873e-07  -80
7305.01  4.90873e-07  -80
7310.01  4.90873e-07  -80
7315.01  4.90873e-07  -80
7320.01  4.90873e-07  -80
7325.01  4.90873e-07  -80
7330.01  4.90873e-07  -80
7335.01  4.90873e-07  -80
7340.01  4.90873e-07  -80
7345.01  4.90873e-07  -80
7350.01  4.90873e-07  -80
7355.01  4.90873e-07  -80
7360.01  4.90873e-07  -80
7365.01  4.90873e-07  -80
7370.01  4.90873e-07  -80
7375.01  4.90873e-07  -80
7380.01  4.90873e-07  -80
7385.01  4.90873e-07  -80
7390.01  4.90873e-07  -80
7395.01  4.90873e-07  -80
7400.01  4.90873e-07  -80
7405.01  4.90873e-07  -80
7410.01  4.90873e-07  -80
7415.01  4.90873e-07  -80
7420.01  4.90873e-07  -80
7425.01  4.90873e-07  -80
7430.01  4.90873e-07  -80
7435.01  4.90873e-07  -80
7440.01  4.90873e-07  -80
7445.01  4.90873e-07  -80
7450.01  4.90873e-07  -80
7455.01  4.90873e-07  -80
7460.01  4.90873e-07  -80
7465.01  4.90873e-07  -80
7470.01  4.90873e-07  -80
7475.01  4.90873e-07  -80
7480.01  4.90873e-07  -80
7485.01  4.90873e-07  -80
7490.01  4.90873e-07  -80
7495.01  4.90873e-07  -80
7500.01  4.90873e-07  -80
7505.01  4.90873e-07  -80
7510.01  4.90873e-07  -80
7515.01  4.90873e-07  -80
7520.01  4.90873e-07  -80
7525.01  4.90873e-07  -80
7530.01  4.90873e-07  -80
7535.01  4.90873e-07  -80
7540.01  4.90873e-07  -80
7545.01  4.90873e-07  -80
7550.01  4.90873e-07  -80
7555.01  4.90873e-07  -80
7560.01  4.90873e-07  -80
7565.01  4.90873e-07  -80
7570.01  4.90873e-07  -80
7575.01  4.90873e-07  -80
7580.01  4.90873e-07  -80
7585.01  4.90873e-07  -80
7590.01  4.90873e-07  -80
7595.01  4.90873e-07  -80
7600.01  4.90873e-07  -80
7605.01  4.90873e-07  -80
7610.01  4.90873e-07  -80
7615.01  4.90873e-07  -80
7620.01  4.90873e-07  -80
7625.01  4.90873e-07  -80
7630.01  4.90873e-07  -80
7635.01  4.90873e-07  -80
7640.01  4.90873e-07  -80
7645.01  4.90873e-07  -80
7650.01  4.90873e-07  -80
7655.01  4.90873e-07  -80
7660.01  4.90873e-07  -80
7665.01  4.90873e-07  -80
7670.01  4.90873e-07  -80
7675.01  4.90873e-07  -80
7680.01  4.90873e-07  -80
7685.01  4.90873e-07  -80
7690.01  4.90873e-07  -80
7695.01  4.90873e-07  -80
7700.01  4.90873e-07  -80
7705.01  4.90873e-07  -80
7710.01  4.90873e-07  -80
7715.01  4.90873e-07  -80
7720.01  4.90873e-07  -80
7725.01  4.90873e-07  -80
7730.01  4.90873e-07  -80
7735.01  4.90873e-07  -80
7740.01  4.90873e-07  -80
7745.01  4.90873e-07  -80
7750.01  4.90873e-07  -80
7755.01  4.90873e-07  -80
7760.01  4.90873e-07  -80
7765.01  4.90873e-07  -80
7770.01  4.90873e-07  -80
7775.01  4.90873e-07  -80
7780.01  4.90873e-07  -80
7785.01  4.90873e-07  -80
7790.01  4.90873e-07  -80
7795.01  4.90873e-07  -80
7800.01  4.90873e-07  -80
7805.01  4.90873e-07  -80
7810.01  4.90873e-07  -80
7815.01  4.90873e-07  -80
7820.01  4.90873e-07  -80
7825.01  4.90873e-07  -80
7830.01  4.90873e-07  -80
7835.01  4.90873e-07  -80
7840.01  4.90873e-07  -80
7845.01  4.90873e-07  -80
7850.01  4.90873e-07  -80
7855.01  4.90873e-07  -80
7860.01  4.90873e-07  -80
7865.01  4.90873e-07  -80
7870.01  4.90873e-07  -80
7875.01  4.90873e-07  -80
7880.01  4.90873e-07  -80
7885.01  4.90873e-07  -80
7890.01  4.90873e-07  -80
7895.01  4.90873e-07  -80
7900.01  4.90873e-07  -80
7905.01  4.90873e-07  -80
7910.01  4.90873e-07  -80
7915.01  4.90873e-07  -80
7920.01  4.90873e-07  -80
7925.01  4.90873e-07  -80
7930.01  4.90873e-07  -80
7935.01  4.90873e-07  -80
7940.01  4.90873e-07  -80
7945.01  4.90873e-07  -80
7950.01  4.90873e-07  -80
7955.01  4.90873e-07  -80
7960.01  4.90873e-07  -80
7965.01  4.90873e-07  -80
7970.01  4.90873e-07  -80
7975.01  4.90873e-07  -80
7980.01  4.90873e-07  -80
7985.01  4.90873e-07  -80
7990.01  4.90873e-07  -80
7995.01  4.90873e-07  -80
8000.01  4.90873e-07  -80
8005.01  4.90873e-07  -80
8010.01  4.90873e-07  -80
8015.01  4.90873e-07  -80
8020.01  4.90873e-07  -80
8025.01  4.90873e-07  -80
8030.01  4.90873e-07  -80
8035.01  4.90873e-07  -80
8040.01  4.90873e-07  -80
8045.01  4.90873e-07  -80
8050.01  4.90873e-07  -80
8055.01  4.90873e-07  -80
8060.01  4.90873e-07  -80
8065.01  4.90873e-07  -80
8070.01  4.90873e-07  -80
8075.01  4.90873e-07  -80
8080.01  4.90873e-07  -80
8085.01  4.90873e-07  -80
8090.01  4.90873e-07  -80
8095.01  4.90873e-07  -80
8100.01  4.90873e-07  -80
8105.01  4.90873e-07  -80
8110.01  4.90873e-07  -80
8115.01  4.90873e-07  -80
8120.01  4.90873e-07  -80
8125.01  4.90873e-07  -80
8130.01  4.90873e-07  -80
8135.01  4.90873e-07  -80
8140.01  4.90873e-07  -80
8145.01  4.90873e-07  -80
8150.01  4.90873e-07  -80
8155.01  4.90873e-07  -80
8160.01  4.90873e-07  -80
8165.01  4.90873e-07  -80
8170.01  4.90873e-07  -80
8175.01  4.90873e-07  -80
8180.01  4.90873e-07  -80
8185.01  4.90873e-07  -80
8190.01  4.90873e-07  -80
8195.01  4.90873e-07  -80
8200.01  4.90873e-07  -80
8205.01  4.90873e-07  -80
8210.01  4.90873e-07  -80
8215.01  4.90873e-07  -80
8220.01  4.90873e-07  -80
8225.01  4.90873e-07  -80
8230.01  4.90873e-07  -80
8235.01  4.90873e-07  -80
8240.01  4.90873e-07  -80
8245.01  4.90873e-07  -80
8250.01  4.90873e-07  -80
8255.01  4.90873e-07  -80
8260.01  4.90873e-07  -80
8265.01  4.90873e-07  -80
8270.01  4.90873e-07  -80
8275.01  4.90873e-07  -80
8280.01  4.90873e-07  -80
8285.01  4.90873e-07  -80
8290.01  4.90873e-07  -80
8295.01  4.90873e-07  -80
8300.01  4.90873e-07  -80
8305.01  4.90873e-07  -80
8310.01  4.90873e-07  -80
8315.01  4.90873e-07  -80
8320.01  4.90873e-07  -80
8325.01  4.90873e-07  -80
8330.01  4.90873e-07  -80
8335.01  4.90873e-07  -80
8340.01  4.90873e-07  -80
8345.01  4.90873e-07  -80
8350.01  4.90873e-07  -80
8355.01  4.90873e-07  -80
8360.01  4.90873e-07  -80
8365.01  4.90873e-07  -80
8370.01  4.90873e-07  -80
8375.01  4.90873e-07  -80
8380.01  4.90873e-07  -80
8385.01  4.90873e-07  -80
8390.01  4.90873e-07  -80
8395.01  4.90873e-07  -80
8400.01  4.90873e-07  -80
8405.01  4.90873e-07  -80
8410.01  4.90873e-07  -80
8415.01  4.90873e-07  -80
8420.01  4.90873e-07  -80
8425.01  4.90873e-07  -80
8430.01  4.90873e-07  -80
8435.01  4.90873e-07  -80
8440.01  4.90873e-07  -80
8445.01  4.90873e-07  -80
8450.01  4.90873e-07  -80
8455.01  4.90873e-07  -80
8460.01  4.90873e-07  -80
8465.01  4.90873e-07  -80
8470.01  4.90873e-07  -80
8475.01  4.90873e-07  -80
8480.01  4.90873e-07  -80
8485.01  4.90873e-07  -80
8490.01  4.90873e-07  -80
8495.01  4.90873e-07  -80
8500.01  4.90873e-07  -80
8505.01  4.90873e-07  -80
8510.01  4.90873e-07  -80
8515.01  4.90873e-07  -80
8520.01  4.90873e-07  -80
8525.01  4.90873e-07  -80
8530.01  4.90873e-07  -80
8535.01  4.90873e-07  -80
8540.01  4.90873e-07  -80
8545.01  4.90873e-07  -80
8550.01  4.90873e-07  -80
8555.01  4.90873e-07  -80
8560.01  4.90873e-07  -80
8565.01  4.90873e-07  -80
8570.01  4.90873e-07  -80
8575.01  4.90873e-07  -80
8580.01  4.90873e-07  -80
8585.01  4.90873e-07  -80
8590.01  4.90873e-07  -80
8595.01  4.90873e-07  -80
8600.01  4.90873e-07  -80
8605.01  4.90873e-07  -80
8610.01  4.90873e-07  -80
8615.01  4.90873e-07  -80
8620.01  4.90873e-07  -80
8625.01  4.90873e-07  -80
8630.01  4.90873e-07  -80
8635.01  4.90873e-07  -80
8640.01  4.90873e-07  -80
8645.01  4.90873e-07  -80
8650.01  4.90873e-07  -80
8655.01  4.90873e-07  -80
8660.01  4.90873e-07  -80
8665.01  4.90873e-07  -80
8670.01  4.90873e-07  -80
8675.01  4.90873e-07  -80
8680.01  4.90873e-07  -80
8685.01  4.90873e-07  -80
8690.01  4.90873e-07  -80
8695.01  4.90873e-07  -80
8700.01  4.90873e-07  -80
8705.01  4.90873e-07  -80
8710.01  4.90873e-07  -80
8715.01  4.90873e-07  -80
8720.01  4.90873e-07  -80
8725.01  4.90873e-07  -80
8730.01  4.90873e-07  -80
8735.01  4.90873e-07  -80
8740.01  4.90873e-07  -80
8745.01  4.90873e-07  -80
8750.01  4.90873e-07  -80
8755.01  4.90873e-07  -80
8760.01  4.90873e-07  -80
8765.01  4.90873e-07  -80
8770.01  4.90873e-07  -80
8775.01  4.90873e-07  -80
8780.01  4.90873e-07  -80
8785.01  4.90873e-07  -80
8790.01  4.90873e-07  -80
8795.01  4.90873e-07  -80
8800.01  4.90873e-07  -80
8805.01  4.90873e-07  -80
8810.01  4.90873e-07  -80
8815.01  4.90873e-07  -80
8820.01  4.90873e-07  -80
8825.01  4.90873e-07  -80
8830.01  4.90873e-07  -80
8835.01  4.90873e-07  -80
8840.01  4.90873e-07  -80
8845.01  4.90873e-07  -80
8850.01  4.90873e-07  -80
8855.01  4.90873e-07  -80
8860.01  4.90873e-07  -80
8865.01  4.90873e-07  -80
8870.01  4.90873e-07  -80
8875.01  4.90873e-07  -80
8880.01  4.90873e-07  -80
8885.01  4.90873e-07  -80
8890.01  4.90873e-07  -80
8895.01  4.90873e-07  -80
8900.01  4.90873e-07  -80
8905.01  4.90873e-07  -80
8910.01  4.90873e-07  -80
8915.01  4.90873e-07  -80
8920.01  4.90873e-07  -80
8925.01  4.90873e-07  -80
8930.01  4.90873e-07  -80
8935.01  4.90873e-07  -80
8940.01  4.90873e-07  -80
8945.01  4.90873e-07  -80
8950.01  4.90873e-07  -80
8955.01  4.90873e-07  -80
8960.01  4.90873e-07  -80
8965.01  4.90873e-07  -80
8970.01  4.90873e-07  -80
8975.01  4.90873e-07  -80
8980.01  4.90873e-07  -80
8985.01  4.90873e-07  -80
8990.01  4.90873e-07  -80
8995.01  4.90873e-07  -80
9000.01  4.90873e-07  -80
9005.01  4.90873e-07  -80
9010.01  4.90873e-07  -80
9015.01  4.90873e-07  -80
9020.01  4.90873e-07  -80
9025.01  4.90873e-07  -80
9030.01  4.90873e-07  -80
9035.01  4.90873e-07  -80
9040.01  4.90873e-07  -80
9045.01  4.90873e-07  -80
9050.01  4.90873e-07  -80
9055.01  4.90873e-07  -80
9060.01  4.90873e-07  -80
9065.01  4.90873e-07  -80
9070.01  4.90873e-07  -80
9075.01  4.90873e-07  -80
9080.01  4.90873e-07  -80
9085.01  4.90873e-07  -80
9090.01  4.90873e-07  -80
9095.01  4.90873e-07  -80
9100.01  4.90873e-07  -80
9105.01  4.90873e-07  -80
9110.01  4.90873e-07  -80
9115.01  4.90873e-07  -80
9120.01  4.90873e-07  -80
9125.01  4.90873e-07  -80
9130.01  4.90873e-07  -80
9135.01  4.90873e-07  -80
9140.01  4.90873e-07  -80
9145.01  4.90873e-07  -80
9150.01  4.90873e-07  -80
9155.01  4.90873e-07  -80
9160.01  4.90873e-07  -80
9165  4.90873e-07  -80
9170  4.90873e-07  -80
9175  4.90873e-07  -80
9180  4.90873e-07  -80
9185  4.90873e-07  -80
9190  4.90873e-07  -80
9195  4.90873e-07  -80
9200  4.90873e-07  -80
9205  4.90873e-07  -80
9210  4.90873e-07  -80
9215  4.90873e-07  -80
9220  4.90873e-07  -80
9225  4.90873e-07  -80
9230  4.90873e-07  -80
9235  4.90873e-07  -80
9240  4.90873e-07  -80
9245  4.90873e-07  -80
9250  4.90873e-07  -80
9255  4.90873e-07  -80
9260  4.90873e-07  -80
9265  4.90873e-07  -80
9270  4.90873e-07  -80
9275  4.90873e-07  -80
9280  4.90873e-07  -80
9285  4.90873e-07  -80
9290  4.90873e-07  -80
9295  4.90873e-07  -80
9300  4.90873e-07  -80
9305  4.90873e-07  -80
9310  4.90873e-07  -80
9315  4.90873e-07  -80
9320  4.90873e-07  -80
9325  4.90873e-07  -80
9330  4.90873e-07  -80
9335  4.90873e-07  -80
9340  4.90873e-07  -80
9345  4.90873e-07  -80
9350  4.90873e-07  -80
9355  4.90873e-07  -80
9360  4.90873e-07  -80
9365  4.90873e-07  -80
9370  4.90873e-07  -80
9375  4.90873e-07  -80
9380  4.90873e-07  -80
9385  4.90873e-07  -80
9390  4.90873e-07  -80
9395  4.90873e-07  -80
9400  4.90873e-07  -80
9405  4.90873e-07  -80
9410  4.90873e-07  -80
9415  4.90873e-07  -80
9420  4.90873e-07  -80
9425  4.90873e-07  -80
9430  4.90873e-07  -80
9435  4.90873e-07  -80
9440  4.90873e-07  -80
9445  4.90873e-07  -80
9450  4.90873e-07  -80
9455  4.90873e-07  -80
9460  4.90873e-07  -80
9465  4.90873e-07  -80
9470  4.90873e-07  -80
9475  4.90873e-07  -80
9480  4.90873e-07  -80
9485  4.90873e-07  -80
9490  4.90873e-07  -80
9495  4.90873e-07  -80
9500  4.90873e-07  -80
9505  4.90873e-07  -80
9510  4.90873e-07  -80
9515  4.90873e-07  -80
9520  4.90873e-07  -80
9525  4.90873e-07  -80
9530  4.90873e-07  -80
9535  4.90873e-07  -80
9540  4.90873e-07  -80
9545  4.90873e-07  -80
9550  4.90873e-07  -80
9555  4.90873e-07  -80
9560  4.90873e-07  -80
9565  4.90873e-07  -80
9570  4.90873e-07  -80
9575  4.90873e-07  -80
9580  4.90873e-07  -80
9585  4.90873e-07  -80
9590  4.90873e-07  -80
9595  4.90873e-07  -80
9600  4.90873e-07  -80
9605  4.90873e-07  -80
9610  4.90873e-07  -80
9615  4.90873e-07  -80
9620  4.90873e-07  -80
9625  4.90873e-07  -80
9630  4.90873e-07  -80
9635  4.90873e-07  -80
9640  4.90873e-07  -80
9645  4.90873e-07  -80
9650  4.90873e-07  -80
9655  4.90873e-07  -80
9660  4.90873e-07  -80
9665  4.90873e-07  -80
9670  4.90873e-07  -80
9675  4.90873e-07  -80
9680  4.90873e-07  -80
9685  4.90873e-07  -80
9690  4.90873e-07  -80
9695  4.90873e-07  -80
9700  4.90873e-07  -80
9705  4.90873e-07  -80
9710  4.90873e-07  -80
9715  4.90873e-07  -80
9720  4.90873e-07  -80
9725  4.90873e-07  -80
9730  4.90873e-07  -80
9735  4.90873e-07  -80
9740  4.90873e-07  -80
9745  4.90873e-07  -80
9750  4.90873e-07  -80
9755  4.90873e-07  -80
9760  4.90873e-07  -80
9765  4.90873e-07  -80
9770  4.90873e-07  -80
9775  4.90873e-07  -80
9780  4.90873e-07  -80
9785  4.90873e-07  -80
9790  4.90873e-07  -80
9795  4.90873e-07  -80
9800  4.90873e-07  -80
9805  4.90873e-07  -80
9810  4.90873e-07  -80
9815  4.90873e-07  -80
9820  4.90873e-07  -80
9825  4.90873e-07  -80
9830  4.90873e-07  -80
9835  4.90873e-07  -80
9840  4.90873e-07  -80
9845  4.90873e-07  -80
9850  4.90873e-07  -80
9855  4.90873e-07  -80
9860  4.90873e-07  -80
9865  4.90873e-07  -80
9870  4.90873e-07  -80
9875  4.90873e-07  -80
9880  4.90873e-07  -80
9885  4.90873e-07  -80
9890  4.90873e-07  -80
9895  4.90873e-07  -80
9900  4.90873e-07  -80
9905  4.90873e-07  -80
9910  4.90873e-07  -80
9915  4.90873e-07  -80
9920  4.90873e-07  -80
9925  4.90873e-07  -80
9930  4.90873e-07  -80
9935  4.90873e-07  -80
9940  4.90873e-07  -80
9945  4.90873e-07  -80
9950  4.90873e-07  -80
9955  4.90873e-07  -80
9960  4.90873e-07  -80
9965  4.90873e-07  -80
9970  4.90873e-07  -80
9975  4.90873e-07  -80
9980  4.90873e-07  -80
9985  4.90873e-07  -80
9990  4.90873e-07  -80
9995  4.90873e-07  -80
10000  1.57116e-05  40
10005  0.000551878  40
10010  0.00217419  40
10015  0.00444308  40
10020  0.0069037  40
10025  0.00927867  40
10030  0.0114166  40
10035  0.0132471  40
10040  0.0147501  40
10045  0.0159352  40
10050  0.0168286  40
10055  0.0174637  40
10060  0.0178768  40
10065  0.0181028  40
10070  0.0181744  40
10075  0.0181207  40
10080  0.0179669  40
10085  0.0177349  40
10090  0.0174428  40
10095  0.0171057  40
10100  0.0167363  40
10105  0.0163445  40
10110  0.0159387  40
10115  0.0155253  40
10120  0.0151096  40
10125  0.0146955  40
10130  0.0142862  40
10135  0.0138841  40
10140  0.0134909  40
10145  0.013108  40
10150  0.0127363  40
10155  0.0123763  40
10160  0.0120285  40
10165  0.0116929  40
10170  0.0113696  40
10175  0.0110586  40
10180  0.0107596  40
10185  0.0104724  40
10190  0.0101967  40
10195  0.00993221  40
10200  0.00967858  40
10205  0.00943545  40
10210  0.00920246  40
10215  0.00897924  40
10220  0.00876543  40
10225  0.00856065  40
10230  0.00836456  40
10235  0.00817682  40
10240  0.00799708  40
10245  0.00782501  40
10250  0.0076603  40
10255  0.00750265  40
10260  0.00735175  40
10265  0.00720733  40
10270  0.0070691  40
10275  0.00693682  40
10280  0.00681022  40
10285  0.00668906  40
10290  0.00657311  40
10295  0.00646215  40
10300  0.00635596  40
10305  0.00625435  40
10310  0.0061571  40
10315  0.00606404  40
10320  0.00597499  40
10325  0.00588977  40
10330  0.00580822  40
10335  0.00573019  40
10340  0.00565551  40
10345  0.00558404  40
10350  0.00551566  40
10355  0.00545022  40
10360  0.0053876  40
10365  0.00532767  40
10370  0.00527033  40
10375  0.00521545  40
10380  0.00516294  40
10385  0.00511269  40
10390  0.0050646  40
10395  0.00501859  40
10400  0.00497455  40
10405  0.00493242  40
10410  0.00489209  40
10415  0.00485351  40
10420  0.00481658  40
10425  0.00478125  40
10430  0.00474744  40
10435  0.00471508  40
10440  0.00468412  40
10445  0.00465449  40
10450  0.00462614  40
10455  0.004599  40
10460  0.00457304  40
10465  0.00454819  40
10470  0.00452442  40
10475  0.00450167  40
10480  0.0044799  40
10485  0.00445906  40
10490  0.00443913  40
10495  0.00442005  40
10500  0.00440179  40
10505  0.00438432  40
10510  0.0043676  40
10515  0.00435161  40
10520  0.0043363  40
10525  0.00432165  40
10530  0.00430763  40
10535  0.00429422  40
10540  0.00428138  40
10545  0.0042691  40
10550  0.00425734  40
10555  0.00424609  40
10560  0.00423533  40
10565  0.00422503  40
10570  0.00421517  40
10575  0.00420574  40
10580  0.00419671  40
10585  0.00418807  40
10590  0.00417981  40
10595  0.0041719  40
10600  0.00416433  40
10605  0.00415709  40
10610  0.00415015  40
10615  0.00414352  40
10620  0.00413718  40
10625  0.0041311  40
10630  0.00412529  40
10635  0.00411973  40
10640  0.00411441  40
10645  0.00410931  40
10650  0.00410444  40
10655  0.00409978  40
10660  0.00409531  40
10665  0.00409104  40
10670  0.00408696  40
10675  0.00408304  40
10680  0.0040793  40
10685  0.00407572  40
10690  0.00407229  40
10695  0.00406902  40
10700  0.00406588  40
10705  0.00406287  40
10710  0.00406  40
10715  0.00405725  40
10720  0.00405462  40
10725  0.0040521  40
10730  0.00404969  40
10735  0.00404739  40
10740  0.00404518  40
10745  0.00404307  40
10750  0.00404105  40
10755  0.00403911  40
10760  0.00403726  40
10765  0.00403549  40
10770  0.0040338  40
10775  0.00403218  40
10780  0.00403063  40
10785  0.00402914  40
10790  0.00402772  40
10795  0.00402636  40
10800  0.00402506  40
10805  0.00402381  40
10810  0.00402262  40
10815  0.00402148  40
10820  0.00402039  40
10825  0.00401935  40
10830  0.00401835  40
10835  0.00401739  40
10840  0.00401648  40
10845  0.0040156  40
10850  0.00401477  40
10855  0.00401396  40
10860  0.0040132  40
10865  0.00401246  40
10870  0.00401176  40
10875  0.00401109  40
10880  0.00401044  40
10885  0.00400983  40
10890  0.00400924  40
10895  0.00400868  40
10900  0.00400814  40
10905  0.00400762  40
10910  0.00400713  40
10915  0.00400665  40
10920  0.0040062  40
10925  0.00400577  40
10930  0.00400536  40
10935  0.00400496  40
10940  0.00400458  40
10945  0.00400422  40
10950  0.00400387  40
10955  0.00400354  40
10960  0.00400322  40
10965  0.00400291  40
10970  0.00400262  40
10975  0.00400234  40
10980  0.00400208  40
10985  0.00400182  40
10990  0.00400158  40
10995  0.00400134  40
11000  -0.00150559  -120
11000  0.00145856  -50
11005  0.040525  -50
11010  0.0734785  -50
11015  0.101249  -50
11020  0.124623  -50
11025  0.144271  -50
11030  0.160759  -50
11035  0.174568  -50
11040  0.186105  -50
11045  0.195717  -50
11050  0.203697  -50
11055  0.210293  -50
11060  0.215716  -50
11065  0.220146  -50
11070  0.223733  -50
11075  0.226607  -50
11080  0.228877  -50
11085  0.230635  -50
11090  0.231959  -50
11095  0.232917  -50
11100  0.233565  -50
11105  0.23395  -50
11110  0.234114  -50
11115  0.23409  -50
11120  0.233908  -50
11125  0.233593  -50
11130  0.233165  -50
11135  0.232642  -50
11140  0.23204  -50
11145  0.231371  -50
11150  0.230646  -50
11155  0.229875  -50
11160  0.229065  -50
11165  0.228222  -50
11170  0.227353  -50
11175  0.226462  -50
11180  0.225553  -50
11185  0.22463  -50
11190  0.223695  -50
11195  0.222751  -50
11200  0.2218  -50
11205  0.220843  -50
11210  0.219883  -50
11215  0.21892  -50
11220  0.217956  -50
11225  0.216991  -50
11230  0.216026  -50
11235  0.215062  -50
11240  0.2141  -50
11245  0.213139  -50
11250  0.21218  -50
11255  0.211224  -50
11260  0.210271  -50
11265  0.209321  -50
11270  0.208374  -50
11275  0.20743  -50
11280  0.20649  -50
11285  0.205554  -50
11290  0.204621  -50
11295  0.203692  -50
11300  0.202767  -50
11305  0.201845  -50
11310  0.200928  -50
11315  0.200014  -50
11320  0.199105  -50
11325  0.198199  -50
11330  0.197297  -50
11335  0.1964  -50
11340  0.195506  -50
11345  0.194617  -50
11350  0.193731  -50
11355  0.192849  -50
11360  0.191971  -50
11365  0.191098  -50
11370  0.190228  -50
11375  0.189362  -50
11380  0.1885  -50
11385  0.187642  -50
11390  0.186788  -50
11395  0.185938  -50
11400  0.185091  -50
11405  0.184249  -50
11410  0.18341  -50
11415  0.182575  -50
11420  0.181744  -50
11425  0.180917  -50
11430  0.180094  -50
11435  0.179274  -50
11440  0.178458  -50
11445  0.177646  -50
11450  0.176837  -50
11455  0.176032  -50
11460  0.175231  -50
11465  0.174434  -50
11470  0.17364  -50
11475  0.17285  -50
11480  0.172063  -50
11485  0.17128  -50
11490  0.170501  -50
11495  0.169725  -50
11500  0.168953  -50
11505  0.168184  -50
11510  0.167419  -50
11515  0.166657  -50
11520  0.165899  -50
11525  0.165144  -50
11530  0.164392  -50
11535  0.163644  -50
11540  0.1629  -50
11545  0.162159  -50
11550  0.161421  -50
11555  0.160687  -50
11560  0.159956  -50
11565  0.159228  -50
11570  0.158504  -50
11575  0.157783  -50
11580  0.157065  -50
11585  0.156351  -50
11590  0.155639  -50
11595  0.154932  -50
11600  0.154227  -50
11605  0.153525  -50
11610  0.152827  -50
11615  0.152132  -50
11620  0.15144  -50
11625  0.150752  -50
11630  0.150066  -50
11635  0.149384  -50
11640  0.148704  -50
11645  0.148028  -50
11650  0.147355  -50
11655  0.146685  -50
11660  0.146018  -50
11665  0.145354  -50
11670  0.144693  -50
11675  0.144035  -50
11680  0.143381  -50
11685  0.142729  -50
11690  0.14208  -50
11695  0.141434  -50
11700  0.140791  -50
11705  0.140151  -50
11710  0.139514  -50
11715  0.13888  -50
11720  0.138248  -50
11725  0.13762  -50
11730  0.136995  -50
11735  0.136372  -50
11740  0.135752  -50
11745  0.135135  -50
11750  0.134521  -50
11755  0.13391  -50
11760  0.133301  -50
11765  0.132695  -50
11770  0.132092  -50
11775  0.131492  -50
11780  0.130895  -50
11785  0.1303  -50
11790  0.129708  -50
11795  0.129119  -50
11800  0.128532  -50
11805  0.127948  -50
11810  0.127367  -50
11815  0.126788  -50
11820  0.126212  -50
11825  0.125639  -50
11830  0.125068  -50
11835  0.1245  -50
11840  0.123934  -50
11845  0.123371  -50
11850  0.122811  -50
11855  0.122253  -50
11860  0.121698  -50
11865  0.121145  -50
11870  0.120595  -50
11875  0.120048  -50
11880  0.119502  -50
11885  0.11896  -50
11890  0.11842  -50
11895  0.117882  -50
11900  0.117347  -50
11905  0.116814  -50
11910  0.116283  -50
11915  0.115755  -50
11920  0.11523  -50
11925  0.114707  -50
11930  0.114186  -50
11935  0.113668  -50
11940  0.113152  -50
11945  0.112638  -50
11950  0.112127  -50
11955  0.111618  -50
11960  0.111111  -50
11965  0.110607  -50
11970  0.110105  -50
11975  0.109605  -50
11980  0.109108  -50
11985  0.108613  -50
11990  0.10812  -50
11995  0.107629  -50
12000  0.107141  -50
12005  0.106655  -50
12010  0.106171  -50
12015  0.105689  -50
12020  0.10521  -50
12025  0.104732  -50
12030  0.104257  -50
12035  0.103784  -50
12040  0.103313  -50
12045  0.102845  -50
12050  0.102378  -50
12055  0.101914  -50
12060  0.101452  -50
12065  0.100992  -50
12070  0.100534  -50
12075  0.100078  -50
12080  0.0996238  -50
12085  0.0991721  -50
12090  0.0987224  -50
12095  0.0982747  -50
12100  0.0978291  -50
12105  0.0973856  -50
12110  0.0969441  -50
12115  0.0965045  -50
12120  0.096067  -50
12125  0.0956315  -50
12130  0.095198  -50
12135  0.0947665  -50
12140  0.094337  -50
12145  0.0939094  -50
12150  0.0934837  -50
12155  0.09306  -50
12160  0.0926383  -50
12165  0.0922185  -50
12170  0.0918006  -50
12175  0.0913846  -50
12180  0.0909705  -50
12185  0.0905583  -50
12190  0.090148  -50
12195  0.0897396  -50
12200  0.089333  -50
12205  0.0889283  -50
12210  0.0885254  -50
12215  0.0881244  -50
12220  0.0877252  -50
12225  0.0873279  -50
12230  0.0869323  -50
12235  0.0865386  -50
12240  0.0861467  -50
12245  0.0857565  -50
12250  0.0853682  -50
12255  0.0849816  -50
12260  0.0845968  -50
12265  0.0842137  -50
12270  0.0838324  -50
12275  0.0834529  -50
12280  0.0830751  -50
12285  0.082699  -50
12290  0.0823246  -50
12295  0.0819519  -50
12300  0.081581  -50
12305  0.0812117  -50
12310  0.0808442  -50
12315  0.0804783  -50
12320  0.0801141  -50
12325  0.0797515  -50
12330  0.0793906  -50
12335  0.0790314  -50
12340  0.0786738  -50
12345  0.0783178  -50
12350  0.0779635  -50
12355  0.0776107  -50
12360  0.0772596  -50
12365  0.0769101  -50
12370  0.0765622  -50
12375  0.0762159  -50
12380  0.0758712  -50
12385  0.075528  -50
12390  0.0751865  -50
12395  0.0748464  -50
12400  0.074508  -50
12405  0.0741711  -50
12410  0.0738357  -50
12415  0.0735018  -50
12420  0.0731695  -50
12425  0.0728387  -50
12430  0.0725094  -50
12435  0.0721817  -50
12440  0.0718554  -50
12445  0.0715306  -50
12450  0.0712073  -50
12455  0.0708855  -50
12460  0.0705651  -50
12465  0.0702462  -50
12470  0.0699288  -50
12475  0.0696128  -50
12480  0.0692983  -50
12485  0.0689852  -50
12490  0.0686735  -50
12495  0.0683633  -50
12500  0.0680545  -50
12505  0.0677471  -50
12510  0.0674411  -50
12515  0.0671365  -50
12520  0.0668333  -50
12525  0.0665314  -50
12530  0.066231  -50
12535  0.0659319  -50
12540  0.0656342  -50
12545  0.0653379  -50
12550  0.0650429  -50
12555  0.0647493  -50
12560  0.064457  -50
12565  0.064166  -50
12570  0.0638764  -50
12575  0.0635881  -50
12580  0.0633011  -50
12585  0.0630154  -50
12590  0.0627311  -50
12595  0.062448  -50
12600  0.0621662  -50
12605  0.0618857  -50
12610  0.0616065  -50
12615  0.0613286  -50
12620  0.061052  -50
12625  0.0607766  -50
12630  0.0605025  -50
12635  0.0602296  -50
12640  0.059958  -50
12645  0.0596876  -50
12650  0.0594184  -50
12655  0.0591505  -50
12660  0.0588838  -50
12665  0.0586183  -50
12670  0.0583541  -50
12675  0.058091  -50
12680  0.0578292  -50
12685  0.0575685  -50
12690  0.0573091  -50
12695  0.0570508  -50
12700  0.0567937  -50
12705  0.0565378  -50
12710  0.0562831  -50
12715  0.0560295  -50
12720  0.0557771  -50
12725  0.0555258  -50
12730  0.0552757  -50
12735  0.0550267  -50
12740  0.0547789  -50
12745  0.0545322  -50
12750  0.0542866  -50
12755  0.0540421  -50
12760  0.0537988  -50
12765  0.0535566  -50
12770  0.0533155  -50
12775  0.0530755  -50
12780  0.0528365  -50
12785  0.0525987  -50
12790  0.052362  -50
12795  0.0521263  -50
12800  0.0518918  -50
12805  0.0516583  -50
12810  0.0514258  -50
12815  0.0511945  -50
12820  0.0509642  -50
12825  0.0507349  -50
12830  0.0505067  -50
12835  0.0502795  -50
12840  0.0500534  -50
12845  0.0498283  -50
12850  0.0496042  -50
12855  0.0493812  -50
12860  0.0491592  -50
12865  0.0489382  -50
12870  0.0487182  -50
12875  0.0484992  -50
12880  0.0482812  -50
12885  0.0480642  -50
12890  0.0478482  -50
12895  0.0476332  -50
12900  0.0474192  -50
12905  0.0472061  -50
12910  0.0469941  -50
12915  0.046783  -50
12920  0.0465728  -50
12925  0.0463636  -50
12930  0.0461554  -50
12935  0.0459481  -50
12940  0.0457418  -50
12945  0.0455364  -50
12950  0.045332  -50
12955  0.0451285  -50
12960  0.0449259  -50
12965  0.0447243  -50
12970  0.0445236  -50
12975  0.0443237  -50
12980  0.0441249  -50
12985  0.0439269  -50
12990  0.0437298  -50
12995  0.0435336  -50
13000  0.0433383  -50
13005  0.0431439  -50
13010  0.0429504  -50
13015  0.0427578  -50
13020  0.0425661  -50
13025  0.0423752  -50
13030  0.0421853  -50
13035  0.0419961  -50
13040  0.0418079  -50
13045  0.0416205  -50
13050  0.041434  -50
13055  0.0412483  -50
13060  0.0410635  -50
13065  0.0408795  -50
13070  0.0406963  -50
13075  0.040514  -50
13080  0.0403325  -50
13085  0.0401519  -50
13090  0.0399721  -50
13095  0.0397931  -50
13100  0.0396149  -50
13105  0.0394376  -50
13110  0.039261  -50
13115  0.0390853  -50
13120  0.0389103  -50
13125  0.0387362  -50
13130  0.0385628  -50
13135  0.0383903  -50
13140  0.0382185  -50
13145  0.0380475  -50
13150  0.0378774  -50
13155  0.0377079  -50
13160  0.0375393  -50
13165  0.0373714  -50
13170  0.0372043  -50
13175  0.037038  -50
13180  0.0368724  -50
13185  0.0367076  -50
13190  0.0365435  -50
13195  0.0363802  -50
13200  0.0362176  -50
13205  0.0360558  -50
13210  0.0358947  -50
13215  0.0357344  -50
13220  0.0355747  -50
13225  0.0354159  -50
13230  0.0352577  -50
13235  0.0351003  -50
13240  0.0349435  -50
13245  0.0347875  -50
13250  0.0346323  -50
13255  0.0344777  -50
13260  0.0343238  -50
13265  0.0341706  -50
13270  0.0340182  -50
13275  0.0338664  -50
13280  0.0337153  -50
13285  0.0335649  -50
13290  0.0334152  -50
13295  0.0332662  -50
13300  0.0331179  -50
13305  0.0329702  -50
13310  0.0328233  -50
13315  0.032677  -50
13320  0.0325313  -50
13325  0.0323864  -50
13330  0.032242  -50
13335  0.0320984  -50
13340  0.0319554  -50
13345  0.0318131  -50
13350  0.0316714  -50
13355  0.0315303  -50
13360  0.03139  -50
13365  0.0312502  -50
13370  0.0311111  -50
13375  0.0309726  -50
13380  0.0308348  -50
13385  0.0306976  -50
13390  0.030561  -50
13395  0.030425  -50
13400  0.0302897  -50
13405  0.030155  -50
13410  0.0300208  -50
13415  0.0298874  -50
13420  0.0297545  -50
13425  0.0296222  -50
13430  0.0294905  -50
13435  0.0293595  -50
13440  0.029229  -50
13445  0.0290991  -50
13450  0.0289699  -50
13455  0.0288412  -50
13460  0.0287131  -50
13465  0.0285856  -50
13470  0.0284586  -50
13475  0.0283323  -50
13480  0.0282065  -50
13485  0.0280813  -50
13490  0.0279567  -50
13495  0.0278326  -50
13500  0.0277092  -50
13505  0.0275862  -50
13510  0.0274639  -50
13515  0.0273421  -50
13520  0.0272208  -50
13525  0.0271002  -50
13530  0.02698  -50
13535  0.0268604  -50
13540  0.0267414  -50
13545  0.0266229  -50
13550  0.0265049  -50
13555  0.0263875  -50
13560  0.0262707  -50
13565  0.0261543  -50
13570  0.0260385  -50
13575  0.0259232  -50
13580  0.0258085  -50
13585  0.0256942  -50
13590  0.0255805  -50
13595  0.0254673  -50
13600  0.0253547  -50
13605  0.0252425  -50
13610  0.0251309  -50
13615  0.0250198  -50
13620  0.0249091  -50
13625  0.024799  -50
13630  0.0246894  -50
13635  0.0245803  -50
13640  0.0244717  -50
13645  0.0243636  -50
13650  0.0242559  -50
13655  0.0241488  -50
13660  0.0240422  -50
13665  0.023936  -50
13670  0.0238303  -50
13675  0.0237252  -50
13680  0.0236205  -50
13685  0.0235162  -50
13690  0.0234125  -50
13695  0.0233092  -50
13700  0.0232064  -50
13705  0.0231041  -50
13710  0.0230022  -50
13715  0.0229008  -50
13720  0.0227999  -50
13725  0.0226994  -50
13730  0.0225994  -50
13735  0.0224999  -50
13740  0.0224008  -50
13745  0.0223021  -50
13750  0.0222039  -50
13755  0.0221062  -50
13760  0.0220089  -50
13765  0.021912  -50
13770  0.0218156  -50
13775  0.0217196  -50
13780  0.0216241  -50
13785  0.021529  -50
13790  0.0214343  -50
13795  0.0213401  -50
13800  0.0212463  -50
13805  0.0211529  -50
13810  0.02106  -50
13815  0.0209675  -50
13820  0.0208754  -50
13825  0.0207837  -50
13830  0.0206925  -50
13835  0.0206016  -50
13840  0.0205112  -50
13845  0.0204212  -50
13850  0.0203316  -50
13855  0.0202424  -50
13860  0.0201537  -50
13865  0.0200653  -50
13870  0.0199773  -50
13875  0.0198898  -50
13880  0.0198026  -50
13885  0.0197158  -50
13890  0.0196295  -50
13895  0.0195435  -50
13900  0.0194579  -50
13905  0.0193727  -50
13910  0.0192879  -50
13915  0.0192035  -50
13920  0.0191195  -50
13925  0.0190358  -50
13930  0.0189526  -50
13935  0.0188697  -50
13940  0.0187872  -50
13945  0.0187051  -50
13950  0.0186233  -50
13955  0.0185419  -50
13960  0.0184609  -50
13965  0.0183803  -50
13970  0.0183  -50
13975  0.0182202  -50
13980  0.0181406  -50
13985  0.0180615  -50
13990  0.0179827  -50
13995  0.0179042  -50
14000  0.0178261  -50
14005  0.0177484  -50
14010  0.017671  -50
14015  0.017594  -50
14020  0.0175173  -50
14025  0.017441  -50
14030  0.0173651  -50
14035  0.0172894  -50
14040  0.0172142  -50
14045  0.0171392  -50
14050  0.0170646  -50
14055  0.0169904  -50
14060  0.0169165  -50
14065  0.0168429  -50
14070  0.0167697  -50
14075  0.0166968  -50
14080  0.0166242  -50
14085  0.016552  -50
14090  0.0164801  -50
14095  0.0164085  -50
14100  0.0163373  -50
14105  0.0162663  -50
14110  0.0161958  -50
14115  0.0161255  -50
14120  0.0160555  -50
14125  0.0159859  -50
14130  0.0159166  -50
14135  0.0158476  -50
14140  0.0157789  -50
14145  0.0157105  -50
14150  0.0156425  -50
14155  0.0155747  -50
14160  0.0155073  -50
14165  0.0154402  -50
14170  0.0153734  -50
14175  0.0153069  -50
14180  0.0152406  -50
14185  0.0151747  -50
14190  0.0151091  -50
14195  0.0150438  -50
14200  0.0149788  -50
14205  0.0149141  -50
14210  0.0148497  -50
14215  0.0147856  -50
14220  0.0147218  -50
14225  0.0146582  -50
14230  0.014595  -50
14235  0.014532  -50
14240  0.0144694  -50
14245  0.014407  -50
14250  0.0143449  -50
14255  0.0142831  -50
14260  0.0142216  -50
14265  0.0141603  -50
14270  0.0140993  -50
14275  0.0140387  -50
14280  0.0139782  -50
14285  0.0139181  -50
14290  0.0138583  -50
14295  0.0137987  -50
14300  0.0137394  -50
14305  0.0136803  -50
14310  0.0136216  -50
14315  0.013563  -50
14320  0.0135048  -50
14325  0.0134468  -50
14330  0.0133891  -50
14335  0.0133317  -50
14340  0.0132745  -50
14345  0.0132176  -50
14350  0.013161  -50
14355  0.0131046  -50
14360  0.0130484  -50
14365  0.0129925  -50
14370  0.0129369  -50
14375  0.0128815  -50
14380  0.0128264  -50
14385  0.0127716  -50
14390  0.0127169  -50
14395  0.0126626  -50
14400  0.0126085  -50
14405  0.0125546  -50
14410  0.012501  -50
14415  0.0124476  -50
14420  0.0123945  -50
14425  0.0123416  -50
14430  0.0122889  -50
14435  0.0122365  -50
14440  0.0121843  -50
14445  0.0121324  -50
14450  0.0120807  -50
14455  0.0120293  -50
14460  0.011978  -50
14465  0.0119271  -50
14470  0.0118763  -50
14475  0.0118258  -50
14480  0.0117755  -50
14485  0.0117254  -50
14490  0.0116756  -50
14495  0.011626  -50
14500  0.0115766  -50
14505  0.0115275  -50
14510  0.0114785  -50
14515  0.0114298  -50
14520  0.0113814  -50
14525  0.0113331  -50
14530  0.0112851  -50
14535  0.0112372  -50
14540  0.0111896  -50
14545  0.0111423  -50
14550  0.0110951  -50
14555  0.0110481  -50
14560  0.0110014  -50
14565  0.0109549  -50
14570  0.0109086  -50
14575  0.0108625  -50
14580  0.0108166  -50
14585  0.0107709  -50
14590  0.0107255  -50
14595  0.0106802  -50
14600  0.0106351  -50
14605  0.0105903  -50
14610  0.0105457  -50
14615  0.0105012  -50
14620  0.010457  -50
14625  0.010413  -50
14630  0.0103691  -50
14635  0.0103255  -50
14640  0.0102821  -50
14645  0.0102388  -50
14650  0.0101958  -50
14655  0.010153  -50
14660  0.0101103  -50
14665  0.0100679  -50
14670  0.0100256  -50
14675  0.00998356  -50
14680  0.0099417  -50
14685  0.00990002  -50
14690  0.00985854  -50
14695  0.00981724  -50
14700  0.00977614  -50
14705  0.00973522  -50
14710  0.00969449  -50
14715  0.00965394  -50
14720  0.00961358  -50
14725  0.00957341  -50
14730  0.00953342  -50
14735  0.00949361  -50
14740  0.00945398  -50
14745  0.00941454  -50
14750  0.00937527  -50
14755  0.00933619  -50
14760  0.00929728  -50
14765  0.00925855  -50
14770  0.00922  -50
14775  0.00918163  -50
14780  0.00914343  -50
14785  0.0091054  -50
14790  0.00906755  -50
14795  0.00902987  -50
14800  0.00899237  -50
14805  0.00895503  -50
14810  0.00891787  -50
14815  0.00888088  -50
14820  0.00884405  -50
14825  0.0088074  -50
14830  0.00877091  -50
14835  0.00873459  -50
14840  0.00869843  -50
14845  0.00866244  -50
14850  0.00862662  -50
14855  0.00859095  -50
14860  0.00855546  -50
14865  0.00852012  -50
14870  0.00848494  -50
14875  0.00844993  -50
14880  0.00841508  -50
14885  0.00838038  -50
14890  0.00834585  -50
14895  0.00831147  -50
14900  0.00827725  -50
14905  0.00824318  -50
14910  0.00820928  -50
14915  0.00817552  -50
14920  0.00814192  -50
14925  0.00810848  -50
14930  0.00807518  -50
14935  0.00804204  -50
14940  0.00800906  -50
14945  0.00797622  -50
14950  0.00794353  -50
14955  0.00791099  -50
14960  0.0078786  -50
