0.005  2.5496e-17  -80
5.005  8.19738e-10  -80
10.005  3.14211e-09  -80
15.005  6.73602e-09  -80
20.005  1.14024e-08  -80
25.005  1.69698e-08  -80
30.005  2.32899e-08  -80
35.005  3.02346e-08  -80
40.005  3.76928e-08  -80
45.005  4.55683e-08  -80
50.005  5.37775e-08  -80
55.005  6.2248e-08  -80
60.005  7.09168e-08  -80
65.005  7.97295e-08  -80
70.005  8.86386e-08  -80
75.005  9.76032e-08  -80
80.005  1.06588e-07  -80
85.005  1.15562e-07  -80
90.005  1.24498e-07  -80
95.005  1.33375e-07  -80
100.005  1.42173e-07  -80
105.005  1.50875e-07  -80
110.005  1.59468e-07  -80
115.005  1.67939e-07  -80
120.005  1.76279e-07  -80
125.005  1.84479e-07  -80
130.005  1.92533e-07  -80
135.005  2.00436e-07  -80
140.005  2.08184e-07  -80
145.005  2.15773e-07  -80
150.005  2.23201e-07  -80
155.005  2.30467e-07  -80
160.005  2.3757e-07  -80
165.005  2.4451e-07  -80
170.005  2.51287e-07  -80
175.005  2.57903e-07  -80
180.005  2.64357e-07  -80
185.005  2.70653e-07  -80
190.005  2.7679e-07  -80
195.005  2.82773e-07  -80
200.005  2.88602e-07  -80
205.005  2.94281e-07  -80
210.005  2.99812e-07  -80
215.005  3.05196e-07  -80
220.005  3.10439e-07  -80
225.005  3.15541e-07  -80
230.005  3.20506e-07  -80
235.005  3.25337e-07  -80
240.005  3.30037e-07  -80
245.005  3.34609e-07  -80
250.005  3.39055e-07  -80
255.005  3.43379e-07  -80
260.005  3.47583e-07  -80
265.005  3.51671e-07  -80
270.005  3.55646e-07  -80
275.005  3.59509e-07  -80
280.005  3.63265e-07  -80
285.005  3.66915e-07  -80
290.005  3.70463e-07  -80
295.005  3.73911e-07  -80
300.005  3.77262e-07  -80
305.005  3.80518e-07  -80
310.005  3.83682e-07  -80
315.005  3.86757e-07  -80
320.005  3.89744e-07  -80
325.005  3.92646e-07  -80
330.005  3.95466e-07  -80
335.005  3.98206e-07  -80
340.005  4.00868e-07  -80
345.005  4.03454e-07  -80
350.005  4.05966e-07  -80
355.005  4.08406e-07  -80
360.005  4.10777e-07  -80
365.005  4.1308e-07  -80
370.005  4.15316e-07  -80
375.005  4.17489e-07  -80
380.005  4.196e-07  -80
385.005  4.2165e-07  -80
390.005  4.23642e-07  -80
395.005  4.25576e-07  -80
400.005  4.27455e-07  -80
405.005  4.2928e-07  -80
410.005  4.31053e-07  -80
415.005  4.32774e-07  -80
420.005  4.34447e-07  -80
425.005  4.36071e-07  -80
430.005  4.37648e-07  -80
435.005  4.39181e-07  -80
440.005  4.40669e-07  -80
445.005  4.42114e-07  -80
450.005  4.43518e-07  -80
455.005  4.44881e-07  -80
460.005  4.46206e-07  -80
465.005  4.47492e-07  -80
470.005  4.48741e-07  -80
475.005  4.49954e-07  -80
480.005  4.51133e-07  -80
485.005  4.52277e-07  -80
490.005  4.53389e-07  -80
495.005  4.54468e-07  -80
500.005  4.55517e-07  -80
505.005  4.56535e-07  -80
510.005  4.57524e-07  -80
515.005  4.58484e-07  -80
520.005  4.59417e-07  -80
525.005  4.60323e-07  -80
530.005  4.61203e-07  -80
535.005  4.62057e-07  -80
540.005  4.62887e-07  -80
545.005  4.63693e-07  -80
550.005  4.64476e-07  -80
555.005  4.65237e-07  -80
560.005  4.65975e-07  -80
565.005  4.66692e-07  -80
570.005  4.67389e-07  -80
575.005  4.68065e-07  -80
580.005  4.68722e-07  -80
585.005  4.6936e-07  -80
590.005  4.6998e-07  -80
595.005  4.70582e-07  -80
600.005  4.71166e-07  -80
605.005  4.71734e-07  -80
610.005  4.72285e-07  -80
615.005  4.7282e-07  -80
620.005  4.7334e-07  -80
625.005  4.73845e-07  -80
630.005  4.74336e-07  -80
635.005  4.74812e-07  -80
640.005  4.75275e-07  -80
645.005  4.75724e-07  -80
650.005  4.76161e-07  -80
655.005  4.76584e-07  -80
660.005  4.76996e-07  -80
665.005  4.77396e-07  -80
670.005  4.77784e-07  -80
675.005  4.78161e-07  -80
680.005  4.78527e-07  -80
685.005  4.78883e-07  -80
690.005  4.79228e-07  -80
695.005  4.79564e-07  -80
700.005  4.79889e-07  -80
705.005  4.80206e-07  -80
710.005  4.80513e-07  -80
715.005  4.80811e-07  -80
720.005  4.81101e-07  -80
725.005  4.81383e-07  -80
730.005  4.81656e-07  -80
735.005  4.81922e-07  -80
740.005  4.8218e-07  -80
745.005  4.8243e-07  -80
750.005  4.82673e-07  -80
755.005  4.82909e-07  -80
760.005  4.83139e-07  -80
765.005  4.83362e-07  -80
770.005  4.83578e-07  -80
775.005  4.83788e-07  -80
780.005  4.83992e-07  -80
785.005  4.8419e-07  -80
790.005  4.84383e-07  -80
795.005  4.8457e-07  -80
800.005  4.84751e-07  -80
805.005  4.84928e-07  -80
810.005  4.85099e-07  -80
815.005  4.85265e-07  -80
820.005  4.85427e-07  -80
825.005  4.85584e-07  -80
830.005  4.85736e-07  -80
835.005  4.85884e-07  -80
840.005  4.86028e-07  -80
845.005  4.86167e-07  -80
850.005  4.86303e-07  -80
855.005  4.86435e-07  -80
860.005  4.86562e-07  -80
865.005  4.86687e-07  -80
870.005  4.86807e-07  -80
875.005  4.86924e-07  -80
880.005  4.87038e-07  -80
885.005  4.87149e-07  -80
890.005  4.87256e-07  -80
895.005  4.8736e-07  -80
900.005  4.87461e-07  -80
905.005  4.8756e-07  -80
910.005  4.87655e-07  -80
915.005  4.87748e-07  -80
920.005  4.87838e-07  -80
925.005  4.87925e-07  -80
930.005  4.8801e-07  -80
935.005  4.88093e-07  -80
940.005  4.88173e-07  -80
945.005  4.8825e-07  -80
950.005  4.88326e-07  -80
955.005  4.88399e-07  -80
960.005  4.88471e-07  -80
965.005  4.8854e-07  -80
970.005  4.88607e-07  -80
975.005  4.88672e-07  -80
980.005  4.88736e-07  -80
985.005  4.88797e-07  -80
990.005  4.88857e-07  -80
995.005  4.88915e-07  -80
1000  4.88972e-07  -80
1005  4.89026e-07  -80
1010  4.8908e-07  -80
1015  4.89131e-07  -80
1020  4.89181e-07  -80
1025  4.8923e-07  -80
1030  4.89277e-07  -80
1035  4.89323e-07  -80
1040  4.89368e-07  -80
1045  4.89411e-07  -80
1050  4.89453e-07  -80
1055  4.89494e-07  -80
1060  4.89534e-07  -80
1065.01  4.89573e-07  -80
1070.01  4.8961e-07  -80
1075.01  4.89647e-07  -80
1080.01  4.89682e-07  -80
1085.01  4.89716e-07  -80
1090.01  4.8975e-07  -80
1095.01  4.89782e-07  -80
1100.01  4.89813e-07  -80
1105.01  4.89844e-07  -80
1110.01  4.89873e-07  -80
1115.01  4.89902e-07  -80
1120.01  4.8993e-07  -80
1125.01  4.89957e-07  -80
1130.01  4.89984e-07  -80
1135.01  4.90009e-07  -80
1140.01  4.90034e-07  -80
1145.01  4.90058e-07  -80
1150.01  4.90082e-07  -80
1155.01  4.90105e-07  -80
1160.01  4.90127e-07  -80
1165.01  4.90148e-07  -80
1170.01  4.90169e-07  -80
1175.01  4.9019e-07  -80
1180.01  4.90209e-07  -80
1185.01  4.90228e-07  -80
1190.01  4.90247e-07  -80
1195.01  4.90265e-07  -80
1200.01  4.90282e-07  -80
1205.01  4.90299e-07  -80
1210.01  4.90316e-07  -80
1215.01  4.90332e-07  -80
1220.01  4.90348e-07  -80
1225.01  4.90363e-07  -80
1230.01  4.90377e-07  -80
1235.01  4.90392e-07  -80
1240.01  4.90406e-07  -80
1245.01  4.90419e-07  -80
1250.01  4.90432e-07  -80
1255.01  4.90445e-07  -80
1260.01  4.90457e-07  -80
1265.01  4.90469e-07  -80
1270.01  4.90481e-07  -80
1275.01  4.90492e-07  -80
1280.01  4.90503e-07  -80
1285.01  4.90514e-07  -80
1290.01  4.90524e-07  -80
1295.01  4.90534e-07  -80
1300.01  4.90544e-07  -80
1305.01  4.90553e-07  -80
1310.01  4.90563e-07  -80
1315.01  4.90572e-07  -80
1320.01  4.9058e-07  -80
1325.01  4.90589e-07  -80
1330.01  4.90597e-07  -80
1335.01  4.90605e-07  -80
1340.01  4.90613e-07  -80
1345.01  4.9062e-07  -80
1350.01  4.90627e-07  -80
1355.01  4.90634e-07  -80
1360.01  4.90641e-07  -80
1365.01  4.90648e-07  -80
1370.01  4.90655e-07  -80
1375.01  4.90661e-07  -80
1380.01  4.90667e-07  -80
1385.01  4.90673e-07  -80
1390.01  4.90679e-07  -80
1395.01  4.90684e-07  -80
1400.01  4.9069e-07  -80
1405.01  4.90695e-07  -80
1410.01  4.907e-07  -80
1415.01  4.90705e-07  -80
1420.01  4.9071e-07  -80
1425.01  4.90715e-07  -80
1430.01  4.90719e-07  -80
1435.01  4.90724e-07  -80
1440.01  4.90728e-07  -80
1445.01  4.90732e-07  -80
1450.01  4.90736e-07  -80
1455.01  4.9074e-07  -80
1460.01  4.90744e-07  -80
1465.01  4.90748e-07  -80
1470.01  4.90751e-07  -80
1475.01  4.90755e-07  -80
1480.01  4.90758e-07  -80
1485.01  4.90762e-07  -80
1490.01  4.90765e-07  -80
1495.01  4.90768e-07  -80
1500.01  4.90771e-07  -80
1505.01  4.90774e-07  -80
1510.01  4.90777e-07  -80
1515.01  4.90779e-07  -80
1520.01  4.90782e-07  -80
1525.01  4.90785e-07  -80
1530.01  4.90787e-07  -80
1535.01  4.9079e-07  -80
1540.01  4.90792e-07  -80
1545.01  4.90795e-07  -80
1550.01  4.90797e-07  -80
1555.01  4.90799e-07  -80
1560.01  4.90801e-07  -80
1565.01  4.90803e-07  -80
1570.01  4.90805e-07  -80
1575.01  4.90807e-07  -80
1580.01  4.90809e-07  -80
1585.01  4.90811e-07  -80
1590.01  4.90813e-07  -80
1595.01  4.90814e-07  -80
1600.01  4.90816e-07  -80
1605.01  4.90818e-07  -80
1610.01  4.90819e-07  -80
1615.01  4.90821e-07  -80
1620.01  4.90822e-07  -80
1625.01  4.90824e-07  -80
1630.01  4.90825e-07  -80
1635.01  4.90827e-07  -80
1640.01  4.90828e-07  -80
1645.01  4.90829e-07  -80
1650.01  4.90831e-07  -80
1655.01  4.90832e-07  -80
1660.01  4.90833e-07  -80
1665.01  4.90834e-07  -80
1670.01  4.90835e-07  -80
1675.01  4.90836e-07  -80
1680.01  4.90837e-07  -80
1685.01  4.90838e-07  -80
1690.01  4.90839e-07  -80
1695.01  4.9084e-07  -80
1700.01  4.90841e-07  -80
1705.01  4.90842e-07  -80
1710.01  4.90843e-07  -80
1715.01  4.90844e-07  -80
1720.01  4.90845e-07  -80
1725.01  4.90846e-07  -80
1730.01  4.90847e-07  -80
1735.01  4.90847e-07  -80
1740.01  4.90848e-07  -80
1745.01  4.90849e-07  -80
1750.01  4.90849e-07  -80
1755.01  4.9085e-07  -80
1760.01  4.90851e-07  -80
1765.01  4.90851e-07  -80
1770.01  4.90852e-07  -80
1775.01  4.90853e-07  -80
1780.01  4.90853e-07  -80
1785.01  4.90854e-07  -80
1790.01  4.90854e-07  -80
1795.01  4.90855e-07  -80
1800.01  4.90855e-07  -80
1805.01  4.90856e-07  -80
1810.01  4.90856e-07  -80
1815.01  4.90857e-07  -80
1820.01  4.90857e-07  -80
1825.01  4.90858e-07  -80
1830.01  4.90858e-07  -80
1835.01  4.90859e-07  -80
1840.01  4.90859e-07  -80
1845.01  4.9086e-07  -80
1850.01  4.9086e-07  -80
1855.01  4.9086e-07  -80
1860.01  4.90861e-07  -80
1865.01  4.90861e-07  -80
1870.01  4.90861e-07  -80
1875.01  4.90862e-07  -80
1880.01  4.90862e-07  -80
1885.01  4.90862e-07  -80
1890.01  4.90863e-07  -80
1895.01  4.90863e-07  -80
1900.01  4.90863e-07  -80
1905.01  4.90864e-07  -80
1910.01  4.90864e-07  -80
1915.01  4.90864e-07  -80
1920.01  4.90864e-07  -80
1925.01  4.90865e-07  -80
1930.01  4.90865e-07  -80
1935.01  4.90865e-07  -80
1940.01  4.90865e-07  -80
1945.01  4.90866e-07  -80
1950.01  4.90866e-07  -80
1955.01  4.90866e-07  -80
1960.01  4.90866e-07  -80
1965.01  4.90866e-07  -80
1970.01  4.90867e-07  -80
1975.01  4.90867e-07  -80
1980.01  4.90867e-07  -80
1985.01  4.90867e-07  -80
1990.01  4.90867e-07  -80
1995.01  4.90868e-07  -80
2000.01  4.90868e-07  -80
2005.01  4.90868e-07  -80
2010.01  4.90868e-07  -80
2015.01  4.90868e-07  -80
2020.01  4.90868e-07  -80
2025.01  4.90868e-07  -80
2030.01  4.90869e-07  -80
2035.01  4.90869e-07  -80
2040.01  4.90869e-07  -80
2045.01  4.90869e-07  -80
2050.01  4.90869e-07  -80
2055.01  4.90869e-07  -80
2060.01  4.90869e-07  -80
2065.01  4.90869e-07  -80
2070.01  4.9087e-07  -80
2075.01  4.9087e-07  -80
2080.01  4.9087e-07  -80
2085.01  4.9087e-07  -80
2090.01  4.9087e-07  -80
2095.01  4.9087e-07  -80
2100.01  4.9087e-07  -80
2105.01  4.9087e-07  -80
2110.01  4.9087e-07  -80
2115.01  4.9087e-07  -80
2120.01  4.9087e-07  -80
2125.01  4.90871e-07  -80
2130.01  4.90871e-07  -80
2135.01  4.90871e-07  -80
2140.01  4.90871e-07  -80
2145.01  4.90871e-07  -80
2150.01  4.90871e-07  -80
2155.01  4.90871e-07  -80
2160.01  4.90871e-07  -80
2165.01  4.90871e-07  -80
2170.01  4.90871e-07  -80
2175.01  4.90871e-07  -80
2180.01  4.90871e-07  -80
2185.01  4.90871e-07  -80
2190.01  4.90871e-07  -80
2195.01  4.90871e-07  -80
2200.01  4.90871e-07  -80
2205.01  4.90872e-07  -80
2210.01  4.90872e-07  -80
2215.01  4.90872e-07  -80
2220.01  4.90872e-07  -80
2225.01  4.90872e-07  -80
2230.01  4.90872e-07  -80
2235.01  4.90872e-07  -80
2240.01  4.90872e-07  -80
2245.01  4.90872e-07  -80
2250.01  4.90872e-07  -80
2255.01  4.90872e-07  -80
2260.01  4.90872e-07  -80
2265.01  4.90872e-07  -80
2270.01  4.90872e-07  -80
2275.01  4.90872e-07  -80
2280.01  4.90872e-07  -80
2285.01  4.90872e-07  -80
2290.01  4.90872e-07  -80
2295.01  4.90872e-07  -80
2300.01  4.90872e-07  -80
2305.01  4.90872e-07  -80
2310.01  4.90872e-07  -80
2315.01  4.90872e-07  -80
2320.01  4.90872e-07  -80
2325.01  4.90872e-07  -80
2330.01  4.90872e-07  -80
2335.01  4.90872e-07  -80
2340.01  4.90872e-07  -80
2345.01  4.90872e-07  -80
2350.01  4.90872e-07  -80
2355.01  4.90872e-07  -80
2360.01  4.90873e-07  -80
2365.01  4.90873e-07  -80
2370.01  4.90873e-07  -80
2375.01  4.90873e-07  -80
2380.01  4.90873e-07  -80
2385.01  4.90873e-07  -80
2390.01  4.90873e-07  -80
2395.01  4.90873e-07  -80
2400.01  4.90873e-07  -80
2405.01  4.90873e-07  -80
2410.01  4.90873e-07  -80
2415.01  4.90873e-07  -80
2420.01  4.90873e-07  -80
2425.01  4.90873e-07  -80
2430.01  4.90873e-07  -80
2435.01  4.90873e-07  -80
2440.01  4.90873e-07  -80
2445.01  4.90873e-07  -80
2450.01  4.90873e-07  -80
2455.01  4.90873e-07  -80
2460.01  4.90873e-07  -80
2465.01  4.90873e-07  -80
2470.01  4.90873e-07  -80
2475.01  4.90873e-07  -80
2480.01  4.90873e-07  -80
2485.01  4.90873e-07  -80
2490.01  4.90873e-07  -80
2495.01  4.90873e-07  -80
2500.01  4.90873e-07  -80
2505.01  4.90873e-07  -80
2510.01  4.90873e-07  -80
2515.01  4.90873e-07  -80
2520.01  4.90873e-07  -80
2525.01  4.90873e-07  -80
2530.01  4.90873e-07  -80
2535.01  4.90873e-07  -80
2540.01  4.90873e-07  -80
2545.01  4.90873e-07  -80
2550.01  4.90873e-07  -80
2555.01  4.90873e-07  -80
2560.01  4.90873e-07  -80
2565.01  4.90873e-07  -80
2570.01  4.90873e-07  -80
2575.01  4.90873e-07  -80
2580.01  4.90873e-07  -80
2585.01  4.90873e-07  -80
2590.01  4.90873e-07  -80
2595.01  4.90873e-07  -80
2600.01  4.90873e-07  -80
2605.01  4.90873e-07  -80
2610.01  4.90873e-07  -80
2615.01  4.90873e-07  -80
2620.01  4.90873e-07  -80
2625.01  4.90873e-07  -80
2630.01  4.90873e-07  -80
2635.01  4.90873e-07  -80
2640.01  4.90873e-07  -80
2645.01  4.90873e-07  -80
2650.01  4.90873e-07  -80
2655.01  4.90873e-07  -80
2660.01  4.90873e-07  -80
2665.01  4.90873e-07  -80
2670.01  4.90873e-07  -80
2675.01  4.90873e-07  -80
2680.01  4.90873e-07  -80
2685.01  4.90873e-07  -80
2690.01  4.90873e-07  -80
2695.01  4.90873e-07  -80
2700.01  4.90873e-07  -80
2705.01  4.90873e-07  -80
2710.01  4.90873e-07  -80
2715.01  4.90873e-07  -80
2720.01  4.90873e-07  -80
2725.01  4.90873e-07  -80
2730.01  4.90873e-07  -80
2735.01  4.90873e-07  -80
2740.01  4.90873e-07  -80
2745.01  4.90873e-07  -80
2750.01  4.90873e-07  -80
2755.01  4.90873e-07  -80
2760.01  4.90873e-07  -80
2765.01  4.90873e-07  -80
2770.01  4.90873e-07  -80
2775.01  4.90873e-07  -80
2780.01  4.90873e-07  -80
2785.01  4.90873e-07  -80
2790.01  4.90873e-07  -80
2795.01  4.90873e-07  -80
2800.01  4.90873e-07  -80
2805.01  4.90873e-07  -80
2810.01  4.90873e-07  -80
2815.01  4.90873e-07  -80
2820.01  4.90873e-07  -80
2825.01  4.90873e-07  -80
2830.01  4.90873e-07  -80
2835.01  4.90873e-07  -80
2840.01  4.90873e-07  -80
2845.01  4.90873e-07  -80
2850.01  4.90873e-07  -80
2855.01  4.90873e-07  -80
2860.01  4.90873e-07  -80
2865.01  4.90873e-07  -80
2870.01  4.90873e-07  -80
2875.01  4.90873e-07  -80
2880.01  4.90873e-07  -80
2885.01  4.90873e-07  -80
2890.01  4.90873e-07  -80
2895.01  4.90873e-07  -80
2900.01  4.90873e-07  -80
2905.01  4.90873e-07  -80
2910.01  4.90873e-07  -80
2915.01  4.90873e-07  -80
2920.01  4.90873e-07  -80
2925.01  4.90873e-07  -80
2930.01  4.90873e-07  -80
2935.01  4.90873e-07  -80
2940.01  4.90873e-07  -80
2945.01  4.90873e-07  -80
2950.01  4.90873e-07  -80
2955.01  4.90873e-07  -80
2960.01  4.90873e-07  -80
2965.01  4.90873e-07  -80
2970.01  4.90873e-07  -80
2975.01  4.90873e-07  -80
2980.01  4.90873e-07  -80
2985.01  4.90873e-07  -80
2990.01  4.90873e-07  -80
2995.01  4.90873e-07  -80
3000.01  4.90873e-07  -80
3005.01  4.90873e-07  -80
3010.01  4.90873e-07  -80
3015.01  4.90873e-07  -80
3020.01  4.90873e-07  -80
3025.01  4.90873e-07  -80
3030.01  4.90873e-07  -80
3035.01  4.90873e-07  -80
3040.01  4.90873e-07  -80
3045.01  4.90873e-07  -80
3050.01  4.90873e-07  -80
3055.01  4.90873e-07  -80
3060.01  4.90873e-07  -80
3065.01  4.90873e-07  -80
3070.01  4.90873e-07  -80
3075.01  4.90873e-07  -80
3080.01  4.90873e-07  -80
3085.01  4.90873e-07  -80
3090.01  4.90873e-07  -80
3095.01  4.90873e-07  -80
3100.01  4.90873e-07  -80
3105.01  4.90873e-07  -80
3110.01  4.90873e-07  -80
3115.01  4.90873e-07  -80
3120.01  4.90873e-07  -80
3125.01  4.90873e-07  -80
3130.01  4.90873e-07  -80
3135.01  4.90873e-07  -80
3140.01  4.90873e-07  -80
3145.01  4.90873e-07  -80
3150.01  4.90873e-07  -80
3155.01  4.90873e-07  -80
3160.01  4.90873e-07  -80
3165.01  4.90873e-07  -80
3170.01  4.90873e-07  -80
3175.01  4.90873e-07  -80
3180.01  4.90873e-07  -80
3185.01  4.90873e-07  -80
3190.01  4.90873e-07  -80
3195.01  4.90873e-07  -80
3200.01  4.90873e-07  -80
3205.01  4.90873e-07  -80
3210.01  4.90873e-07  -80
3215.01  4.90873e-07  -80
3220.01  4.90873e-07  -80
3225.01  4.90873e-07  -80
3230.01  4.90873e-07  -80
3235.01  4.90873e-07  -80
3240.01  4.90873e-07  -80
3245.01  4.90873e-07  -80
3250.01  4.90873e-07  -80
3255.01  4.90873e-07  -80
3260.01  4.90873e-07  -80
3265.01  4.90873e-07  -80
3270.01  4.90873e-07  -80
3275.01  4.90873e-07  -80
3280.01  4.90873e-07  -80
3285.01  4.90873e-07  -80
3290.01  4.90873e-07  -80
3295.01  4.90873e-07  -80
3300.01  4.90873e-07  -80
3305.01  4.90873e-07  -80
3310.01  4.90873e-07  -80
3315.01  4.90873e-07  -80
3320.01  4.90873e-07  -80
3325.01  4.90873e-07  -80
3330.01  4.90873e-07  -80
3335.01  4.90873e-07  -80
3340.01  4.90873e-07  -80
3345.01  4.90873e-07  -80
3350.01  4.90873e-07  -80
3355.01  4.90873e-07  -80
3360.01  4.90873e-07  -80
3365.01  4.90873e-07  -80
3370.01  4.90873e-07  -80
3375.01  4.90873e-07  -80
3380.01  4.90873e-07  -80
3385.01  4.90873e-07  -80
3390.01  4.90873e-07  -80
3395.01  4.90873e-07  -80
3400.01  4.90873e-07  -80
3405.01  4.90873e-07  -80
3410.01  4.90873e-07  -80
3415.01  4.90873e-07  -80
3420.01  4.90873e-07  -80
3425.01  4.90873e-07  -80
3430.01  4.90873e-07  -80
3435.01  4.90873e-07  -80
3440.01  4.90873e-07  -80
3445.01  4.90873e-07  -80
3450.01  4.90873e-07  -80
3455.01  4.90873e-07  -80
3460.01  4.90873e-07  -80
3465.01  4.90873e-07  -80
3470.01  4.90873e-07  -80
3475.01  4.90873e-07  -80
3480.01  4.90873e-07  -80
3485.01  4.90873e-07  -80
3490.01  4.90873e-07  -80
3495.01  4.90873e-07  -80
3500.01  4.90873e-07  -80
3505.01  4.90873e-07  -80
3510.01  4.90873e-07  -80
3515.01  4.90873e-07  -80
3520.01  4.90873e-07  -80
3525.01  4.90873e-07  -80
3530.01  4.90873e-07  -80
3535.01  4.90873e-07  -80
3540.01  4.90873e-07  -80
3545.01  4.90873e-07  -80
3550.01  4.90873e-07  -80
3555.01  4.90873e-07  -80
3560.01  4.90873e-07  -80
3565.01  4.90873e-07  -80
3570.01  4.90873e-07  -80
3575.01  4.90873e-07  -80
3580.01  4.90873e-07  -80
3585.01  4.90873e-07  -80
3590.01  4.90873e-07  -80
3595.01  4.90873e-07  -80
3600.01  4.90873e-07  -80
3605.01  4.90873e-07  -80
3610.01  4.90873e-07  -80
3615.01  4.90873e-07  -80
3620.01  4.90873e-07  -80
3625.01  4.90873e-07  -80
3630.01  4.90873e-07  -80
3635.01  4.90873e-07  -80
3640.01  4.90873e-07  -80
3645.01  4.90873e-07  -80
3650.01  4.90873e-07  -80
3655.01  4.90873e-07  -80
3660.01  4.90873e-07  -80
3665.01  4.90873e-07  -80
3670.01  4.90873e-07  -80
3675.01  4.90873e-07  -80
3680.01  4.90873e-07  -80
3685.01  4.90873e-07  -80
3690.01  4.90873e-07  -80
3695.01  4.90873e-07  -80
3700.01  4.90873e-07  -80
3705.01  4.90873e-07  -80
3710.01  4.90873e-07  -80
3715.01  4.90873e-07  -80
3720.01  4.90873e-07  -80
3725.01  4.90873e-07  -80
3730.01  4.90873e-07  -80
3735.01  4.90873e-07  -80
3740.01  4.90873e-07  -80
3745.01  4.90873e-07  -80
3750.01  4.90873e-07  -80
3755.01  4.90873e-07  -80
3760.01  4.90873e-07  -80
3765.01  4.90873e-07  -80
3770.01  4.90873e-07  -80
3775.01  4.90873e-07  -80
3780.01  4.90873e-07  -80
3785.01  4.90873e-07  -80
3790.01  4.90873e-07  -80
3795.01  4.90873e-07  -80
3800.01  4.90873e-07  -80
3805.01  4.90873e-07  -80
3810.01  4.90873e-07  -80
3815.01  4.90873e-07  -80
3820.01  4.90873e-07  -80
3825.01  4.90873e-07  -80
3830.01  4.90873e-07  -80
3835.01  4.90873e-07  -80
3840.01  4.90873e-07  -80
3845.01  4.90873e-07  -80
3850.01  4.90873e-07  -80
3855.01  4.90873e-07  -80
3860.01  4.90873e-07  -80
3865.01  4.90873e-07  -80
3870.01  4.90873e-07  -80
3875.01  4.90873e-07  -80
3880.01  4.90873e-07  -80
3885.01  4.90873e-07  -80
3890.01  4.90873e-07  -80
3895.01  4.90873e-07  -80
3900.01  4.90873e-07  -80
3905.01  4.90873e-07  -80
3910.01  4.90873e-07  -80
3915.01  4.90873e-07  -80
3920.01  4.90873e-07  -80
3925.01  4.90873e-07  -80
3930.01  4.90873e-07  -80
3935.01  4.90873e-07  -80
3940.01  4.90873e-07  -80
3945.01  4.90873e-07  -80
3950.01  4.90873e-07  -80
3955.01  4.90873e-07  -80
3960.01  4.90873e-07  -80
3965.01  4.90873e-07  -80
3970.01  4.90873e-07  -80
3975.01  4.90873e-07  -80
3980.01  4.90873e-07  -80
3985.01  4.90873e-07  -80
3990.01  4.90873e-07  -80
3995.01  4.90873e-07  -80
4000.01  4.90873e-07  -80
4005.01  4.90873e-07  -80
4010.01  4.90873e-07  -80
4015.01  4.90873e-07  -80
4020.01  4.90873e-07  -80
4025.01  4.90873e-07  -80
4030.01  4.90873e-07  -80
4035.01  4.90873e-07  -80
4040.01  4.90873e-07  -80
4045.01  4.90873e-07  -80
4050.01  4.90873e-07  -80
4055.01  4.90873e-07  -80
4060.01  4.90873e-07  -80
4065.01  4.90873e-07  -80
4070.01  4.90873e-07  -80
4075.01  4.90873e-07  -80
4080.01  4.90873e-07  -80
4085.01  4.90873e-07  -80
4090.01  4.90873e-07  -80
4095.01  4.90873e-07  -80
4100.01  4.90873e-07  -80
4105.01  4.90873e-07  -80
4110.01  4.90873e-07  -80
4115.01  4.90873e-07  -80
4120.01  4.90873e-07  -80
4125.01  4.90873e-07  -80
4130.01  4.90873e-07  -80
4135.01  4.90873e-07  -80
4140.01  4.90873e-07  -80
4145.01  4.90873e-07  -80
4150.01  4.90873e-07  -80
4155.01  4.90873e-07  -80
4160.01  4.90873e-07  -80
4165.01  4.90873e-07  -80
4170.01  4.90873e-07  -80
4175.01  4.90873e-07  -80
4180.01  4.90873e-07  -80
4185.01  4.90873e-07  -80
4190.01  4.90873e-07  -80
4195.01  4.90873e-07  -80
4200.01  4.90873e-07  -80
4205.01  4.90873e-07  -80
4210.01  4.90873e-07  -80
4215.01  4.90873e-07  -80
4220.01  4.90873e-07  -80
4225.01  4.90873e-07  -80
4230.01  4.90873e-07  -80
4235.01  4.90873e-07  -80
4240.01  4.90873e-07  -80
4245.01  4.90873e-07  -80
4250.01  4.90873e-07  -80
4255.01  4.90873e-07  -80
4260.01  4.90873e-07  -80
4265.01  4.90873e-07  -80
4270.01  4.90873e-07  -80
4275.01  4.90873e-07  -80
4280.01  4.90873e-07  -80
4285.01  4.90873e-07  -80
4290.01  4.90873e-07  -80
4295.01  4.90873e-07  -80
4300.01  4.90873e-07  -80
4305.01  4.90873e-07  -80
4310.01  4.90873e-07  -80
4315.01  4.90873e-07  -80
4320.01  4.90873e-07  -80
4325.01  4.90873e-07  -80
4330.01  4.90873e-07  -80
4335.01  4.90873e-07  -80
4340.01  4.90873e-07  -80
4345.01  4.90873e-07  -80
4350.01  4.90873e-07  -80
4355.01  4.90873e-07  -80
4360.01  4.90873e-07  -80
4365.01  4.90873e-07  -80
4370.01  4.90873e-07  -80
4375.01  4.90873e-07  -80
4380.01  4.90873e-07  -80
4385.01  4.90873e-07  -80
4390.01  4.90873e-07  -80
4395.01  4.90873e-07  -80
4400.01  4.90873e-07  -80
4405.01  4.90873e-07  -80
4410.01  4.90873e-07  -80
4415.01  4.90873e-07  -80
4420.01  4.90873e-07  -80
4425.01  4.90873e-07  -80
4430.01  4.90873e-07  -80
4435.01  4.90873e-07  -80
4440.01  4.90873e-07  -80
4445.01  4.90873e-07  -80
4450.01  4.90873e-07  -80
4455.01  4.90873e-07  -80
4460.01  4.90873e-07  -80
4465.01  4.90873e-07  -80
4470.01  4.90873e-07  -80
4475.01  4.90873e-07  -80
4480.01  4.90873e-07  -80
4485.01  4.90873e-07  -80
4490.01  4.90873e-07  -80
4495.01  4.90873e-07  -80
4500.01  4.90873e-07  -80
4505.01  4.90873e-07  -80
4510.01  4.90873e-07  -80
4515.01  4.90873e-07  -80
4520.01  4.90873e-07  -80
4525.01  4.90873e-07  -80
4530.01  4.90873e-07  -80
4535.01  4.90873e-07  -80
4540.01  4.90873e-07  -80
4545.01  4.90873e-07  -80
4550.01  4.90873e-07  -80
4555.01  4.90873e-07  -80
4560.01  4.90873e-07  -80
4565.01  4.90873e-07  -80
4570.01  4.90873e-07  -80
4575.01  4.90873e-07  -80
4580.01  4.90873e-07  -80
4585.01  4.90873e-07  -80
4590.01  4.90873e-07  -80
4595.01  4.90873e-07  -80
4600.01  4.90873e-07  -80
4605.01  4.90873e-07  -80
4610.01  4.90873e-07  -80
4615.01  4.90873e-07  -80
4620.01  4.90873e-07  -80
4625.01  4.90873e-07  -80
4630.01  4.90873e-07  -80
4635.01  4.90873e-07  -80
4640.01  4.90873e-07  -80
4645.01  4.90873e-07  -80
4650.01  4.90873e-07  -80
4655.01  4.90873e-07  -80
4660.01  4.90873e-07  -80
4665.01  4.90873e-07  -80
4670.01  4.90873e-07  -80
4675.01  4.90873e-07  -80
4680.01  4.90873e-07  -80
4685.01  4.90873e-07  -80
4690.01  4.90873e-07  -80
4695.01  4.90873e-07  -80
4700.01  4.90873e-07  -80
4705.01  4.90873e-07  -80
4710.01  4.90873e-07  -80
4715.01  4.90873e-07  -80
4720.01  4.90873e-07  -80
4725.01  4.90873e-07  -80
4730.01  4.90873e-07  -80
4735.01  4.90873e-07  -80
4740.01  4.90873e-07  -80
4745.01  4.90873e-07  -80
4750.01  4.90873e-07  -80
4755.01  4.90873e-07  -80
4760.01  4.90873e-07  -80
4765.01  4.90873e-07  -80
4770.01  4.90873e-07  -80
4775.01  4.90873e-07  -80
4780.01  4.90873e-07  -80
4785.01  4.90873e-07  -80
4790.01  4.90873e-07  -80
4795.01  4.90873e-07  -80
4800.01  4.90873e-07  -80
4805.01  4.90873e-07  -80
4810.01  4.90873e-07  -80
4815.01  4.90873e-07  -80
4820.01  4.90873e-07  -80
4825.01  4.90873e-07  -80
4830.01  4.90873e-07  -80
4835.01  4.90873e-07  -80
4840.01  4.90873e-07  -80
4845.01  4.90873e-07  -80
4850.01  4.90873e-07  -80
4855.01  4.90873e-07  -80
4860.01  4.90873e-07  -80
4865.01  4.90873e-07  -80
4870.01  4.90873e-07  -80
4875.01  4.90873e-07  -80
4880.01  4.90873e-07  -80
4885.01  4.90873e-07  -80
4890.01  4.90873e-07  -80
4895.01  4.90873e-07  -80
4900.01  4.90873e-07  -80
4905.01  4.90873e-07  -80
4910.01  4.90873e-07  -80
4915.01  4.90873e-07  -80
4920.01  4.90873e-07  -80
4925.01  4.90873e-07  -80
4930.01  4.90873e-07  -80
4935.01  4.90873e-07  -80
4940.01  4.90873e-07  -80
4945.01  4.90873e-07  -80
4950.01  4.90873e-07  -80
4955.01  4.90873e-07  -80
4960.01  4.90873e-07  -80
4965.01  4.90873e-07  -80
4970.01  4.90873e-07  -80
4975.01  4.90873e-07  -80
4980.01  4.90873e-07  -80
4985.01  4.90873e-07  -80
4990.01  4.90873e-07  -80
4995.01  4.90873e-07  -80
5000.01  4.90873e-07  -80
5005.01  4.90873e-07  -80
5010.01  4.90873e-07  -80
5015.01  4.90873e-07  -80
5020.01  4.90873e-07  -80
5025.01  4.90873e-07  -80
5030.01  4.90873e-07  -80
5035.01  4.90873e-07  -80
5040.01  4.90873e-07  -80
5045.01  4.90873e-07  -80
5050.01  4.90873e-07  -80
5055.01  4.90873e-07  -80
5060.01  4.90873e-07  -80
5065.01  4.90873e-07  -80
5070.01  4.90873e-07  -80
5075.01  4.90873e-07  -80
5080.01  4.90873e-07  -80
5085.01  4.90873e-07  -80
5090.01  4.90873e-07  -80
5095.01  4.90873e-07  -80
5100.01  4.90873e-07  -80
5105.01  4.90873e-07  -80
5110.01  4.90873e-07  -80
5115.01  4.90873e-07  -80
5120.01  4.90873e-07  -80
5125.01  4.90873e-07  -80
5130.01  4.90873e-07  -80
5135.01  4.90873e-07  -80
5140.01  4.90873e-07  -80
5145.01  4.90873e-07  -80
5150.01  4.90873e-07  -80
5155.01  4.90873e-07  -80
5160.01  4.90873e-07  -80
5165.01  4.90873e-07  -80
5170.01  4.90873e-07  -80
5175.01  4.90873e-07  -80
5180.01  4.90873e-07  -80
5185.01  4.90873e-07  -80
5190.01  4.90873e-07  -80
5195.01  4.90873e-07  -80
5200.01  4.90873e-07  -80
5205.01  4.90873e-07  -80
5210.01  4.90873e-07  -80
5215.01  4.90873e-07  -80
5220.01  4.90873e-07  -80
5225.01  4.90873e-07  -80
5230.01  4.90873e-07  -80
5235.01  4.90873e-07  -80
5240.01  4.90873e-07  -80
5245.01  4.90873e-07  -80
5250.01  4.90873e-07  -80
5255.01  4.90873e-07  -80
5260.01  4.90873e-07  -80
5265.01  4.90873e-07  -80
5270.01  4.90873e-07  -80
5275.01  4.90873e-07  -80
5280.01  4.90873e-07  -80
5285.01  4.90873e-07  -80
5290.01  4.90873e-07  -80
5295.01  4.90873e-07  -80
5300.01  4.90873e-07  -80
5305.01  4.90873e-07  -80
5310.01  4.90873e-07  -80
5315.01  4.90873e-07  -80
5320.01  4.90873e-07  -80
5325.01  4.90873e-07  -80
5330.01  4.90873e-07  -80
5335.01  4.90873e-07  -80
5340.01  4.90873e-07  -80
5345.01  4.90873e-07  -80
5350.01  4.90873e-07  -80
5355.01  4.90873e-07  -80
5360.01  4.90873e-07  -80
5365.01  4.90873e-07  -80
5370.01  4.90873e-07  -80
5375.01  4.90873e-07  -80
5380.01  4.90873e-07  -80
5385.01  4.90873e-07  -80
5390.01  4.90873e-07  -80
5395.01  4.90873e-07  -80
5400.01  4.90873e-07  -80
5405.01  4.90873e-07  -80
5410.01  4.90873e-07  -80
5415.01  4.90873e-07  -80
5420.01  4.90873e-07  -80
5425.01  4.90873e-07  -80
5430.01  4.90873e-07  -80
5435.01  4.90873e-07  -80
5440.01  4.90873e-07  -80
5445.01  4.90873e-07  -80
5450.01  4.90873e-07  -80
5455.01  4.90873e-07  -80
5460.01  4.90873e-07  -80
5465.01  4.90873e-07  -80
5470.01  4.90873e-07  -80
5475.01  4.90873e-07  -80
5480.01  4.90873e-07  -80
5485.01  4.90873e-07  -80
5490.01  4.90873e-07  -80
5495.01  4.90873e-07  -80
5500.01  4.90873e-07  -80
5505.01  4.90873e-07  -80
5510.01  4.90873e-07  -80
5515.01  4.90873e-07  -80
5520.01  4.90873e-07  -80
5525.01  4.90873e-07  -80
5530.01  4.90873e-07  -80
5535.01  4.90873e-07  -80
5540.01  4.90873e-07  -80
5545.01  4.90873e-07  -80
5550.01  4.90873e-07  -80
5555.01  4.90873e-07  -80
5560.01  4.90873e-07  -80
5565.01  4.90873e-07  -80
5570.01  4.90873e-07  -80
5575.01  4.90873e-07  -80
5580.01  4.90873e-07  -80
5585.01  4.90873e-07  -80
5590.01  4.90873e-07  -80
5595.01  4.90873e-07  -80
5600.01  4.90873e-07  -80
5605.01  4.90873e-07  -80
5610.01  4.90873e-07  -80
5615.01  4.90873e-07  -80
5620.01  4.90873e-07  -80
5625.01  4.90873e-07  -80
5630.01  4.90873e-07  -80
5635.01  4.90873e-07  -80
5640.01  4.90873e-07  -80
5645.01  4.90873e-07  -80
5650.01  4.90873e-07  -80
5655.01  4.90873e-07  -80
5660.01  4.90873e-07  -80
5665.01  4.90873e-07  -80
5670.01  4.90873e-07  -80
5675.01  4.90873e-07  -80
5680.01  4.90873e-07  -80
5685.01  4.90873e-07  -80
5690.01  4.90873e-07  -80
5695.01  4.90873e-07  -80
5700.01  4.90873e-07  -80
5705.01  4.90873e-07  -80
5710.01  4.90873e-07  -80
5715.01  4.90873e-07  -80
5720.01  4.90873e-07  -80
5725.01  4.90873e-07  -80
5730.01  4.90873e-07  -80
5735.01  4.90873e-07  -80
5740.01  4.90873e-07  -80
5745.01  4.90873e-07  -80
5750.01  4.90873e-07  -80
5755.01  4.90873e-07  -80
5760.01  4.90873e-07  -80
5765.01  4.90873e-07  -80
5770.01  4.90873e-07  -80
5775.01  4.90873e-07  -80
5780.01  4.90873e-07  -80
5785.01  4.90873e-07  -80
5790.01  4.90873e-07  -80
5795.01  4.90873e-07  -80
5800.01  4.90873e-07  -80
5805.01  4.90873e-07  -80
5810.01  4.90873e-07  -80
5815.01  4.90873e-07  -80
5820.01  4.90873e-07  -80
5825.01  4.90873e-07  -80
5830.01  4.90873e-07  -80
5835.01  4.90873e-07  -80
5840.01  4.90873e-07  -80
5845.01  4.90873e-07  -80
5850.01  4.90873e-07  -80
5855.01  4.90873e-07  -80
5860.01  4.90873e-07  -80
5865.01  4.90873e-07  -80
5870.01  4.90873e-07  -80
5875.01  4.90873e-07  -80
5880.01  4.90873e-07  -80
5885.01  4.90873e-07  -80
5890.01  4.90873e-07  -80
5895.01  4.90873e-07  -80
5900.01  4.90873e-07  -80
5905.01  4.90873e-07  -80
5910.01  4.90873e-07  -80
5915.01  4.90873e-07  -80
5920.01  4.90873e-07  -80
5925.01  4.90873e-07  -80
5930.01  4.90873e-07  -80
5935.01  4.90873e-07  -80
5940.01  4.90873e-07  -80
5945.01  4.90873e-07  -80
5950.01  4.90873e-07  -80
5955.01  4.90873e-07  -80
5960.01  4.90873e-07  -80
5965.01  4.90873e-07  -80
5970.01  4.90873e-07  -80
5975.01  4.90873e-07  -80
5980.01  4.90873e-07  -80
5985.01  4.90873e-07  -80
5990.01  4.90873e-07  -80
5995.01  4.90873e-07  -80
6000.01  4.90873e-07  -80
6005.01  4.90873e-07  -80
6010.01  4.90873e-07  -80
6015.01  4.90873e-07  -80
6020.01  4.90873e-07  -80
6025.01  4.90873e-07  -80
6030.01  4.90873e-07  -80
6035.01  4.90873e-07  -80
6040.01  4.90873e-07  -80
6045.01  4.90873e-07  -80
6050.01  4.90873e-07  -80
6055.01  4.90873e-07  -80
6060.01  4.90873e-07  -80
6065.01  4.90873e-07  -80
6070.01  4.90873e-07  -80
6075.01  4.90873e-07  -80
6080.01  4.90873e-07  -80
6085.01  4.90873e-07  -80
6090.01  4.90873e-07  -80
6095.01  4.90873e-07  -80
6100.01  4.90873e-07  -80
6105.01  4.90873e-07  -80
6110.01  4.90873e-07  -80
6115.01  4.90873e-07  -80
6120.01  4.90873e-07  -80
6125.01  4.90873e-07  -80
6130.01  4.90873e-07  -80
6135.01  4.90873e-07  -80
6140.01  4.90873e-07  -80
6145.01  4.90873e-07  -80
6150.01  4.90873e-07  -80
6155.01  4.90873e-07  -80
6160.01  4.90873e-07  -80
6165.01  4.90873e-07  -80
6170.01  4.90873e-07  -80
6175.01  4.90873e-07  -80
6180.01  4.90873e-07  -80
6185.01  4.90873e-07  -80
6190.01  4.90873e-07  -80
6195.01  4.90873e-07  -80
6200.01  4.90873e-07  -80
6205.01  4.90873e-07  -80
6210.01  4.90873e-07  -80
6215.01  4.90873e-07  -80
6220.01  4.90873e-07  -80
6225.01  4.90873e-07  -80
6230.01  4.90873e-07  -80
6235.01  4.90873e-07  -80
6240.01  4.90873e-07  -80
6245.01  4.90873e-07  -80
6250.01  4.90873e-07  -80
6255.01  4.90873e-07  -80
6260.01  4.90873e-07  -80
6265.01  4.90873e-07  -80
6270.01  4.90873e-07  -80
6275.01  4.90873e-07  -80
6280.01  4.90873e-07  -80
6285.01  4.90873e-07  -80
6290.01  4.90873e-07  -80
6295.01  4.90873e-07  -80
6300.01  4.90873e-07  -80
6305.01  4.90873e-07  -80
6310.01  4.90873e-07  -80
6315.01  4.90873e-07  -80
6320.01  4.90873e-07  -80
6325.01  4.90873e-07  -80
6330.01  4.90873e-07  -80
6335.01  4.90873e-07  -80
6340.01  4.90873e-07  -80
6345.01  4.90873e-07  -80
6350.01  4.90873e-07  -80
6355.01  4.90873e-07  -80
6360.01  4.90873e-07  -80
6365.01  4.90873e-07  -80
6370.01  4.90873e-07  -80
6375.01  4.90873e-07  -80
6380.01  4.90873e-07  -80
6385.01  4.90873e-07  -80
6390.01  4.90873e-07  -80
6395.01  4.90873e-07  -80
6400.01  4.90873e-07  -80
6405.01  4.90873e-07  -80
6410.01  4.90873e-07  -80
6415.01  4.90873e-07  -80
6420.01  4.90873e-07  -80
6425.01  4.90873e-07  -80
6430.01  4.90873e-07  -80
6435.01  4.90873e-07  -80
6440.01  4.90873e-07  -80
6445.01  4.90873e-07  -80
6450.01  4.90873e-07  -80
6455.01  4.90873e-07  -80
6460.01  4.90873e-07  -80
6465.01  4.90873e-07  -80
6470.01  4.90873e-07  -80
6475.01  4.90873e-07  -80
6480.01  4.90873e-07  -80
6485.01  4.90873e-07  -80
6490.01  4.90873e-07  -80
6495.01  4.90873e-07  -80
6500.01  4.90873e-07  -80
6505.01  4.90873e-07  -80
6510.01  4.90873e-07  -80
6515.01  4.90873e-07  -80
6520.01  4.90873e-07  -80
6525.01  4.90873e-07  -80
6530.01  4.90873e-07  -80
6535.01  4.90873e-07  -80
6540.01  4.90873e-07  -80
6545.01  4.90873e-07  -80
6550.01  4.90873e-07  -80
6555.01  4.90873e-07  -80
6560.01  4.90873e-07  -80
6565.01  4.90873e-07  -80
6570.01  4.90873e-07  -80
6575.01  4.90873e-07  -80
6580.01  4.90873e-07  -80
6585.01  4.90873e-07  -80
6590.01  4.90873e-07  -80
6595.01  4.90873e-07  -80
6600.01  4.90873e-07  -80
6605.01  4.90873e-07  -80
6610.01  4.90873e-07  -80
6615.01  4.90873e-07  -80
6620.01  4.90873e-07  -80
6625.01  4.90873e-07  -80
6630.01  4.90873e-07  -80
6635.01  4.90873e-07  -80
6640.01  4.90873e-07  -80
6645.01  4.90873e-07  -80
6650.01  4.90873e-07  -80
6655.01  4.90873e-07  -80
6660.01  4.90873e-07  -80
6665.01  4.90873e-07  -80
6670.01  4.90873e-07  -80
6675.01  4.90873e-07  -80
6680.01  4.90873e-07  -80
6685.01  4.90873e-07  -80
6690.01  4.90873e-07  -80
6695.01  4.90873e-07  -80
6700.01  4.90873e-07  -80
6705.01  4.90873e-07  -80
6710.01  4.90873e-07  -80
6715.01  4.90873e-07  -80
6720.01  4.90873e-07  -80
6725.01  4.90873e-07  -80
6730.01  4.90873e-07  -80
6735.01  4.90873e-07  -80
6740.01  4.90873e-07  -80
6745.01  4.90873e-07  -80
6750.01  4.90873e-07  -80
6755.01  4.90873e-07  -80
6760.01  4.90873e-07  -80
6765.01  4.90873e-07  -80
6770.01  4.90873e-07  -80
6775.01  4.90873e-07  -80
6780.01  4.90873e-07  -80
6785.01  4.90873e-07  -80
6790.01  4.90873e-07  -80
6795.01  4.90873e-07  -80
6800.01  4.90873e-07  -80
6805.01  4.90873e-07  -80
6810.01  4.90873e-07  -80
6815.01  4.90873e-07  -80
6820.01  4.90873e-07  -80
6825.01  4.90873e-07  -80
6830.01  4.90873e-07  -80
6835.01  4.90873e-07  -80
6840.01  4.90873e-07  -80
6845.01  4.90873e-07  -80
6850.01  4.90873e-07  -80
6855.01  4.90873e-07  -80
6860.01  4.90873e-07  -80
6865.01  4.90873e-07  -80
6870.01  4.90873e-07  -80
6875.01  4.90873e-07  -80
6880.01  4.90873e-07  -80
6885.01  4.90873e-07  -80
6890.01  4.90873e-07  -80
6895.01  4.90873e-07  -80
6900.01  4.90873e-07  -80
6905.01  4.90873e-07  -80
6910.01  4.90873e-07  -80
6915.01  4.90873e-07  -80
6920.01  4.90873e-07  -80
6925.01  4.90873e-07  -80
6930.01  4.90873e-07  -80
6935.01  4.90873e-07  -80
6940.01  4.90873e-07  -80
6945.01  4.90873e-07  -80
6950.01  4.90873e-07  -80
6955.01  4.90873e-07  -80
6960.01  4.90873e-07  -80
6965.01  4.90873e-07  -80
6970.01  4.90873e-07  -80
6975.01  4.90873e-07  -80
6980.01  4.90873e-07  -80
6985.01  4.90873e-07  -80
6990.01  4.90873e-07  -80
6995.01  4.90873e-07  -80
7000.01  4.90873e-07  -80
7005.01  4.90873e-07  -80
7010.01  4.90873e-07  -80
7015.01  4.90873e-07  -80
7020.01  4.90873e-07  -80
7025.01  4.90873e-07  -80
7030.01  4.90873e-07  -80
7035.01  4.90873e-07  -80
7040.01  4.90873e-07  -80
7045.01  4.90873e-07  -80
7050.01  4.90873e-07  -80
7055.01  4.90873e-07  -80
7060.01  4.90873e-07  -80
7065.01  4.90873e-07  -80
7070.01  4.90873e-07  -80
7075.01  4.90873e-07  -80
7080.01  4.90873e-07  -80
7085.01  4.90873e-07  -80
7090.01  4.90873e-07  -80
7095.01  4.90873e-07  -80
7100.01  4.90873e-07  -80
7105.01  4.90873e-07  -80
7110.01  4.90873e-07  -80
7115.01  4.90873e-07  -80
7120.01  4.90873e-07  -80
7125.01  4.90873e-07  -80
7130.01  4.90873e-07  -80
7135.01  4.90873e-07  -80
7140.01  4.90873e-07  -80
7145.01  4.90873e-07  -80
7150.01  4.90873e-07  -80
7155.01  4.90873e-07  -80
7160.01  4.90873e-07  -80
7165.01  4.90873e-07  -80
7170.01  4.90873e-07  -80
7175.01  4.90873e-07  -80
7180.01  4.90873e-07  -80
7185.01  4.90873e-07  -80
7190.01  4.90873e-07  -80
7195.01  4.90873e-07  -80
7200.01  4.90873e-07  -80
7205.01  4.90873e-07  -80
7210.01  4.90873e-07  -80
7215.01  4.90873e-07  -80
7220.01  4.90873e-07  -80
7225.01  4.90873e-07  -80
7230.01  4.90873e-07  -80
7235.01  4.90873e-07  -80
7240.01  4.90873e-07  -80
7245.01  4.90873e-07  -80
7250.01  4.90873e-07  -80
7255.01  4.90873e-07  -80
7260.01  4.90873e-07  -80
7265.01  4.90873e-07  -80
7270.01  4.90873e-07  -80
7275.01  4.90873e-07  -80
7280.01  4.90873e-07  -80
7285.01  4.90873e-07  -80
7290.01  4.90873e-07  -80
7295.01  4.90873e-07  -80
7300.01  4.90873e-07  -80
7305.01  4.90873e-07  -80
7310.01  4.90873e-07  -80
7315.01  4.90873e-07  -80
7320.01  4.90873e-07  -80
7325.01  4.90873e-07  -80
7330.01  4.90873e-07  -80
7335.01  4.90873e-07  -80
7340.01  4.90873e-07  -80
7345.01  4.90873e-07  -80
7350.01  4.90873e-07  -80
7355.01  4.90873e-07  -80
7360.01  4.90873e-07  -80
7365.01  4.90873e-07  -80
7370.01  4.90873e-07  -80
7375.01  4.90873e-07  -80
7380.01  4.90873e-07  -80
7385.01  4.90873e-07  -80
7390.01  4.90873e-07  -80
7395.01  4.90873e-07  -80
7400.01  4.90873e-07  -80
7405.01  4.90873e-07  -80
7410.01  4.90873e-07  -80
7415.01  4.90873e-07  -80
7420.01  4.90873e-07  -80
7425.01  4.90873e-07  -80
7430.01  4.90873e-07  -80
7435.01  4.90873e-07  -80
7440.01  4.90873e-07  -80
7445.01  4.90873e-07  -80
7450.01  4.90873e-07  -80
7455.01  4.90873e-07  -80
7460.01  4.90873e-07  -80
7465.01  4.90873e-07  -80
7470.01  4.90873e-07  -80
7475.01  4.90873e-07  -80
7480.01  4.90873e-07  -80
7485.01  4.90873e-07  -80
7490.01  4.90873e-07  -80
7495.01  4.90873e-07  -80
7500.01  4.90873e-07  -80
7505.01  4.90873e-07  -80
7510.01  4.90873e-07  -80
7515.01  4.90873e-07  -80
7520.01  4.90873e-07  -80
7525.01  4.90873e-07  -80
7530.01  4.90873e-07  -80
7535.01  4.90873e-07  -80
7540.01  4.90873e-07  -80
7545.01  4.90873e-07  -80
7550.01  4.90873e-07  -80
7555.01  4.90873e-07  -80
7560.01  4.90873e-07  -80
7565.01  4.90873e-07  -80
7570.01  4.90873e-07  -80
7575.01  4.90873e-07  -80
7580.01  4.90873e-07  -80
7585.01  4.90873e-07  -80
7590.01  4.90873e-07  -80
7595.01  4.90873e-07  -80
7600.01  4.90873e-07  -80
7605.01  4.90873e-07  -80
7610.01  4.90873e-07  -80
7615.01  4.90873e-07  -80
7620.01  4.90873e-07  -80
7625.01  4.90873e-07  -80
7630.01  4.90873e-07  -80
7635.01  4.90873e-07  -80
7640.01  4.90873e-07  -80
7645.01  4.90873e-07  -80
7650.01  4.90873e-07  -80
7655.01  4.90873e-07  -80
7660.01  4.90873e-07  -80
7665.01  4.90873e-07  -80
7670.01  4.90873e-07  -80
7675.01  4.90873e-07  -80
7680.01  4.90873e-07  -80
7685.01  4.90873e-07  -80
7690.01  4.90873e-07  -80
7695.01  4.90873e-07  -80
7700.01  4.90873e-07  -80
7705.01  4.90873e-07  -80
7710.01  4.90873e-07  -80
7715.01  4.90873e-07  -80
7720.01  4.90873e-07  -80
7725.01  4.90873e-07  -80
7730.01  4.90873e-07  -80
7735.01  4.90873e-07  -80
7740.01  4.90873e-07  -80
7745.01  4.90873e-07  -80
7750.01  4.90873e-07  -80
7755.01  4.90873e-07  -80
7760.01  4.90873e-07  -80
7765.01  4.90873e-07  -80
7770.01  4.90873e-07  -80
7775.01  4.90873e-07  -80
7780.01  4.90873e-07  -80
7785.01  4.90873e-07  -80
7790.01  4.90873e-07  -80
7795.01  4.90873e-07  -80
7800.01  4.90873e-07  -80
7805.01  4.90873e-07  -80
7810.01  4.90873e-07  -80
7815.01  4.90873e-07  -80
7820.01  4.90873e-07  -80
7825.01  4.90873e-07  -80
7830.01  4.90873e-07  -80
7835.01  4.90873e-07  -80
7840.01  4.90873e-07  -80
7845.01  4.90873e-07  -80
7850.01  4.90873e-07  -80
7855.01  4.90873e-07  -80
7860.01  4.90873e-07  -80
7865.01  4.90873e-07  -80
7870.01  4.90873e-07  -80
7875.01  4.90873e-07  -80
7880.01  4.90873e-07  -80
7885.01  4.90873e-07  -80
7890.01  4.90873e-07  -80
7895.01  4.90873e-07  -80
7900.01  4.90873e-07  -80
7905.01  4.90873e-07  -80
7910.01  4.90873e-07  -80
7915.01  4.90873e-07  -80
7920.01  4.90873e-07  -80
7925.01  4.90873e-07  -80
7930.01  4.90873e-07  -80
7935.01  4.90873e-07  -80
7940.01  4.90873e-07  -80
7945.01  4.90873e-07  -80
7950.01  4.90873e-07  -80
7955.01  4.90873e-07  -80
7960.01  4.90873e-07  -80
7965.01  4.90873e-07  -80
7970.01  4.90873e-07  -80
7975.01  4.90873e-07  -80
7980.01  4.90873e-07  -80
7985.01  4.90873e-07  -80
7990.01  4.90873e-07  -80
7995.01  4.90873e-07  -80
8000.01  4.90873e-07  -80
8005.01  4.90873e-07  -80
8010.01  4.90873e-07  -80
8015.01  4.90873e-07  -80
8020.01  4.90873e-07  -80
8025.01  4.90873e-07  -80
8030.01  4.90873e-07  -80
8035.01  4.90873e-07  -80
8040.01  4.90873e-07  -80
8045.01  4.90873e-07  -80
8050.01  4.90873e-07  -80
8055.01  4.90873e-07  -80
8060.01  4.90873e-07  -80
8065.01  4.90873e-07  -80
8070.01  4.90873e-07  -80
8075.01  4.90873e-07  -80
8080.01  4.90873e-07  -80
8085.01  4.90873e-07  -80
8090.01  4.90873e-07  -80
8095.01  4.90873e-07  -80
8100.01  4.90873e-07  -80
8105.01  4.90873e-07  -80
8110.01  4.90873e-07  -80
8115.01  4.90873e-07  -80
8120.01  4.90873e-07  -80
8125.01  4.90873e-07  -80
8130.01  4.90873e-07  -80
8135.01  4.90873e-07  -80
8140.01  4.90873e-07  -80
8145.01  4.90873e-07  -80
8150.01  4.90873e-07  -80
8155.01  4.90873e-07  -80
8160.01  4.90873e-07  -80
8165.01  4.90873e-07  -80
8170.01  4.90873e-07  -80
8175.01  4.90873e-07  -80
8180.01  4.90873e-07  -80
8185.01  4.90873e-07  -80
8190.01  4.90873e-07  -80
8195.01  4.90873e-07  -80
8200.01  4.90873e-07  -80
8205.01  4.90873e-07  -80
8210.01  4.90873e-07  -80
8215.01  4.90873e-07  -80
8220.01  4.90873e-07  -80
8225.01  4.90873e-07  -80
8230.01  4.90873e-07  -80
8235.01  4.90873e-07  -80
8240.01  4.90873e-07  -80
8245.01  4.90873e-07  -80
8250.01  4.90873e-07  -80
8255.01  4.90873e-07  -80
8260.01  4.90873e-07  -80
8265.01  4.90873e-07  -80
8270.01  4.90873e-07  -80
8275.01  4.90873e-07  -80
8280.01  4.90873e-07  -80
8285.01  4.90873e-07  -80
8290.01  4.90873e-07  -80
8295.01  4.90873e-07  -80
8300.01  4.90873e-07  -80
8305.01  4.90873e-07  -80
8310.01  4.90873e-07  -80
8315.01  4.90873e-07  -80
8320.01  4.90873e-07  -80
8325.01  4.90873e-07  -80
8330.01  4.90873e-07  -80
8335.01  4.90873e-07  -80
8340.01  4.90873e-07  -80
8345.01  4.90873e-07  -80
8350.01  4.90873e-07  -80
8355.01  4.90873e-07  -80
8360.01  4.90873e-07  -80
8365.01  4.90873e-07  -80
8370.01  4.90873e-07  -80
8375.01  4.90873e-07  -80
8380.01  4.90873e-07  -80
8385.01  4.90873e-07  -80
8390.01  4.90873e-07  -80
8395.01  4.90873e-07  -80
8400.01  4.90873e-07  -80
8405.01  4.90873e-07  -80
8410.01  4.90873e-07  -80
8415.01  4.90873e-07  -80
8420.01  4.90873e-07  -80
8425.01  4.90873e-07  -80
8430.01  4.90873e-07  -80
8435.01  4.90873e-07  -80
8440.01  4.90873e-07  -80
8445.01  4.90873e-07  -80
8450.01  4.90873e-07  -80
8455.01  4.90873e-07  -80
8460.01  4.90873e-07  -80
8465.01  4.90873e-07  -80
8470.01  4.90873e-07  -80
8475.01  4.90873e-07  -80
8480.01  4.90873e-07  -80
8485.01  4.90873e-07  -80
8490.01  4.90873e-07  -80
8495.01  4.90873e-07  -80
8500.01  4.90873e-07  -80
8505.01  4.90873e-07  -80
8510.01  4.90873e-07  -80
8515.01  4.90873e-07  -80
8520.01  4.90873e-07  -80
8525.01  4.90873e-07  -80
8530.01  4.90873e-07  -80
8535.01  4.90873e-07  -80
8540.01  4.90873e-07  -80
8545.01  4.90873e-07  -80
8550.01  4.90873e-07  -80
8555.01  4.90873e-07  -80
8560.01  4.90873e-07  -80
8565.01  4.90873e-07  -80
8570.01  4.90873e-07  -80
8575.01  4.90873e-07  -80
8580.01  4.90873e-07  -80
8585.01  4.90873e-07  -80
8590.01  4.90873e-07  -80
8595.01  4.90873e-07  -80
8600.01  4.90873e-07  -80
8605.01  4.90873e-07  -80
8610.01  4.90873e-07  -80
8615.01  4.90873e-07  -80
8620.01  4.90873e-07  -80
8625.01  4.90873e-07  -80
8630.01  4.90873e-07  -80
8635.01  4.90873e-07  -80
8640.01  4.90873e-07  -80
8645.01  4.90873e-07  -80
8650.01  4.90873e-07  -80
8655.01  4.90873e-07  -80
8660.01  4.90873e-07  -80
8665.01  4.90873e-07  -80
8670.01  4.90873e-07  -80
8675.01  4.90873e-07  -80
8680.01  4.90873e-07  -80
8685.01  4.90873e-07  -80
8690.01  4.90873e-07  -80
8695.01  4.90873e-07  -80
8700.01  4.90873e-07  -80
8705.01  4.90873e-07  -80
8710.01  4.90873e-07  -80
8715.01  4.90873e-07  -80
8720.01  4.90873e-07  -80
8725.01  4.90873e-07  -80
8730.01  4.90873e-07  -80
8735.01  4.90873e-07  -80
8740.01  4.90873e-07  -80
8745.01  4.90873e-07  -80
8750.01  4.90873e-07  -80
8755.01  4.90873e-07  -80
8760.01  4.90873e-07  -80
8765.01  4.90873e-07  -80
8770.01  4.90873e-07  -80
8775.01  4.90873e-07  -80
8780.01  4.90873e-07  -80
8785.01  4.90873e-07  -80
8790.01  4.90873e-07  -80
8795.01  4.90873e-07  -80
8800.01  4.90873e-07  -80
8805.01  4.90873e-07  -80
8810.01  4.90873e-07  -80
8815.01  4.90873e-07  -80
8820.01  4.90873e-07  -80
8825.01  4.90873e-07  -80
8830.01  4.90873e-07  -80
8835.01  4.90873e-07  -80
8840.01  4.90873e-07  -80
8845.01  4.90873e-07  -80
8850.01  4.90873e-07  -80
8855.01  4.90873e-07  -80
8860.01  4.90873e-07  -80
8865.01  4.90873e-07  -80
8870.01  4.90873e-07  -80
8875.01  4.90873e-07  -80
8880.01  4.90873e-07  -80
8885.01  4.90873e-07  -80
8890.01  4.90873e-07  -80
8895.01  4.90873e-07  -80
8900.01  4.90873e-07  -80
8905.01  4.90873e-07  -80
8910.01  4.90873e-07  -80
8915.01  4.90873e-07  -80
8920.01  4.90873e-07  -80
8925.01  4.90873e-07  -80
8930.01  4.90873e-07  -80
8935.01  4.90873e-07  -80
8940.01  4.90873e-07  -80
8945.01  4.90873e-07  -80
8950.01  4.90873e-07  -80
8955.01  4.90873e-07  -80
8960.01  4.90873e-07  -80
8965.01  4.90873e-07  -80
8970.01  4.90873e-07  -80
8975.01  4.90873e-07  -80
8980.01  4.90873e-07  -80
8985.01  4.90873e-07  -80
8990.01  4.90873e-07  -80
8995.01  4.90873e-07  -80
9000.01  4.90873e-07  -80
9005.01  4.90873e-07  -80
9010.01  4.90873e-07  -80
9015.01  4.90873e-07  -80
9020.01  4.90873e-07  -80
9025.01  4.90873e-07  -80
9030.01  4.90873e-07  -80
9035.01  4.90873e-07  -80
9040.01  4.90873e-07  -80
9045.01  4.90873e-07  -80
9050.01  4.90873e-07  -80
9055.01  4.90873e-07  -80
9060.01  4.90873e-07  -80
9065.01  4.90873e-07  -80
9070.01  4.90873e-07  -80
9075.01  4.90873e-07  -80
9080.01  4.90873e-07  -80
9085.01  4.90873e-07  -80
9090.01  4.90873e-07  -80
9095.01  4.90873e-07  -80
9100.01  4.90873e-07  -80
9105.01  4.90873e-07  -80
9110.01  4.90873e-07  -80
9115.01  4.90873e-07  -80
9120.01  4.90873e-07  -80
9125.01  4.90873e-07  -80
9130.01  4.90873e-07  -80
9135.01  4.90873e-07  -80
9140.01  4.90873e-07  -80
9145.01  4.90873e-07  -80
9150.01  4.90873e-07  -80
9155.01  4.90873e-07  -80
9160.01  4.90873e-07  -80
9165  4.90873e-07  -80
9170  4.90873e-07  -80
9175  4.90873e-07  -80
9180  4.90873e-07  -80
9185  4.90873e-07  -80
9190  4.90873e-07  -80
9195  4.90873e-07  -80
9200  4.90873e-07  -80
9205  4.90873e-07  -80
9210  4.90873e-07  -80
9215  4.90873e-07  -80
9220  4.90873e-07  -80
9225  4.90873e-07  -80
9230  4.90873e-07  -80
9235  4.90873e-07  -80
9240  4.90873e-07  -80
9245  4.90873e-07  -80
9250  4.90873e-07  -80
9255  4.90873e-07  -80
9260  4.90873e-07  -80
9265  4.90873e-07  -80
9270  4.90873e-07  -80
9275  4.90873e-07  -80
9280  4.90873e-07  -80
9285  4.90873e-07  -80
9290  4.90873e-07  -80
9295  4.90873e-07  -80
9300  4.90873e-07  -80
9305  4.90873e-07  -80
9310  4.90873e-07  -80
9315  4.90873e-07  -80
9320  4.90873e-07  -80
9325  4.90873e-07  -80
9330  4.90873e-07  -80
9335  4.90873e-07  -80
9340  4.90873e-07  -80
9345  4.90873e-07  -80
9350  4.90873e-07  -80
9355  4.90873e-07  -80
9360  4.90873e-07  -80
9365  4.90873e-07  -80
9370  4.90873e-07  -80
9375  4.90873e-07  -80
9380  4.90873e-07  -80
9385  4.90873e-07  -80
9390  4.90873e-07  -80
9395  4.90873e-07  -80
9400  4.90873e-07  -80
9405  4.90873e-07  -80
9410  4.90873e-07  -80
9415  4.90873e-07  -80
9420  4.90873e-07  -80
9425  4.90873e-07  -80
9430  4.90873e-07  -80
9435  4.90873e-07  -80
9440  4.90873e-07  -80
9445  4.90873e-07  -80
9450  4.90873e-07  -80
9455  4.90873e-07  -80
9460  4.90873e-07  -80
9465  4.90873e-07  -80
9470  4.90873e-07  -80
9475  4.90873e-07  -80
9480  4.90873e-07  -80
9485  4.90873e-07  -80
9490  4.90873e-07  -80
9495  4.90873e-07  -80
9500  4.90873e-07  -80
9505  4.90873e-07  -80
9510  4.90873e-07  -80
9515  4.90873e-07  -80
9520  4.90873e-07  -80
9525  4.90873e-07  -80
9530  4.90873e-07  -80
9535  4.90873e-07  -80
9540  4.90873e-07  -80
9545  4.90873e-07  -80
9550  4.90873e-07  -80
9555  4.90873e-07  -80
9560  4.90873e-07  -80
9565  4.90873e-07  -80
9570  4.90873e-07  -80
9575  4.90873e-07  -80
9580  4.90873e-07  -80
9585  4.90873e-07  -80
9590  4.90873e-07  -80
9595  4.90873e-07  -80
9600  4.90873e-07  -80
9605  4.90873e-07  -80
9610  4.90873e-07  -80
9615  4.90873e-07  -80
9620  4.90873e-07  -80
9625  4.90873e-07  -80
9630  4.90873e-07  -80
9635  4.90873e-07  -80
9640  4.90873e-07  -80
9645  4.90873e-07  -80
9650  4.90873e-07  -80
9655  4.90873e-07  -80
9660  4.90873e-07  -80
9665  4.90873e-07  -80
9670  4.90873e-07  -80
9675  4.90873e-07  -80
9680  4.90873e-07  -80
9685  4.90873e-07  -80
9690  4.90873e-07  -80
9695  4.90873e-07  -80
9700  4.90873e-07  -80
9705  4.90873e-07  -80
9710  4.90873e-07  -80
9715  4.90873e-07  -80
9720  4.90873e-07  -80
9725  4.90873e-07  -80
9730  4.90873e-07  -80
9735  4.90873e-07  -80
9740  4.90873e-07  -80
9745  4.90873e-07  -80
9750  4.90873e-07  -80
9755  4.90873e-07  -80
9760  4.90873e-07  -80
9765  4.90873e-07  -80
9770  4.90873e-07  -80
9775  4.90873e-07  -80
9780  4.90873e-07  -80
9785  4.90873e-07  -80
9790  4.90873e-07  -80
9795  4.90873e-07  -80
9800  4.90873e-07  -80
9805  4.90873e-07  -80
9810  4.90873e-07  -80
9815  4.90873e-07  -80
9820  4.90873e-07  -80
9825  4.90873e-07  -80
9830  4.90873e-07  -80
9835  4.90873e-07  -80
9840  4.90873e-07  -80
9845  4.90873e-07  -80
9850  4.90873e-07  -80
9855  4.90873e-07  -80
9860  4.90873e-07  -80
9865  4.90873e-07  -80
9870  4.90873e-07  -80
9875  4.90873e-07  -80
9880  4.90873e-07  -80
9885  4.90873e-07  -80
9890  4.90873e-07  -80
9895  4.90873e-07  -80
9900  4.90873e-07  -80
9905  4.90873e-07  -80
9910  4.90873e-07  -80
9915  4.90873e-07  -80
9920  4.90873e-07  -80
9925  4.90873e-07  -80
9930  4.90873e-07  -80
9935  4.90873e-07  -80
9940  4.90873e-07  -80
9945  4.90873e-07  -80
9950  4.90873e-07  -80
9955  4.90873e-07  -80
9960  4.90873e-07  -80
9965  4.90873e-07  -80
9970  4.90873e-07  -80
9975  4.90873e-07  -80
9980  4.90873e-07  -80
9985  4.90873e-07  -80
9990  4.90873e-07  -80
9995  4.90873e-07  -80
10000  1.57116e-05  40
10005  0.000551878  40
10010  0.00217419  40
10015  0.00444308  40
10020  0.0069037  40
10025  0.00927867  40
10030  0.0114166  40
10035  0.0132471  40
10040  0.0147501  40
10045  0.0159352  40
10050  0.0168286  40
10055  0.0174637  40
10060  0.0178768  40
10065  0.0181028  40
10070  0.0181744  40
10075  0.0181207  40
10080  0.0179669  40
10085  0.0177349  40
10090  0.0174428  40
10095  0.0171057  40
10100  0.0167363  40
10105  0.0163445  40
10110  0.0159387  40
10115  0.0155253  40
10120  0.0151096  40
10125  0.0146955  40
10130  0.0142862  40
10135  0.0138841  40
10140  0.0134909  40
10145  0.013108  40
10150  0.0127363  40
10155  0.0123763  40
10160  0.0120285  40
10165  0.0116929  40
10170  0.0113696  40
10175  0.0110586  40
10180  0.0107596  40
10185  0.0104724  40
10190  0.0101967  40
10195  0.00993221  40
10200  0.00967858  40
10205  0.00943545  40
10210  0.00920246  40
10215  0.00897924  40
10220  0.00876543  40
10225  0.00856065  40
10230  0.00836456  40
10235  0.00817682  40
10240  0.00799708  40
10245  0.00782501  40
10250  0.0076603  40
10255  0.00750265  40
10260  0.00735175  40
10265  0.00720733  40
10270  0.0070691  40
10275  0.00693682  40
10280  0.00681022  40
10285  0.00668906  40
10290  0.00657311  40
10295  0.00646215  40
10300  0.00635596  40
10305  0.00625435  40
10310  0.0061571  40
10315  0.00606404  40
10320  0.00597499  40
10325  0.00588977  40
10330  0.00580822  40
10335  0.00573019  40
10340  0.00565551  40
10345  0.00558404  40
10350  0.00551566  40
10355  0.00545022  40
10360  0.0053876  40
10365  0.00532767  40
10370  0.00527033  40
10375  0.00521545  40
10380  0.00516294  40
10385  0.00511269  40
10390  0.0050646  40
10395  0.00501859  40
10400  0.00497455  40
10405  0.00493242  40
10410  0.00489209  40
10415  0.00485351  40
10420  0.00481658  40
10425  0.00478125  40
10430  0.00474744  40
10435  0.00471508  40
10440  0.00468412  40
10445  0.00465449  40
10450  0.00462614  40
10455  0.004599  40
10460  0.00457304  40
10465  0.00454819  40
10470  0.00452442  40
10475  0.00450167  40
10480  0.0044799  40
10485  0.00445906  40
10490  0.00443913  40
10495  0.00442005  40
10500  0.00440179  40
10505  0.00438432  40
10510  0.0043676  40
10515  0.00435161  40
10520  0.0043363  40
10525  0.00432165  40
10530  0.00430763  40
10535  0.00429422  40
10540  0.00428138  40
10545  0.0042691  40
10550  0.00425734  40
10555  0.00424609  40
10560  0.00423533  40
10565  0.00422503  40
10570  0.00421517  40
10575  0.00420574  40
10580  0.00419671  40
10585  0.00418807  40
10590  0.00417981  40
10595  0.0041719  40
10600  0.00416433  40
10605  0.00415709  40
10610  0.00415015  40
10615  0.00414352  40
10620  0.00413718  40
10625  0.0041311  40
10630  0.00412529  40
10635  0.00411973  40
10640  0.00411441  40
10645  0.00410931  40
10650  0.00410444  40
10655  0.00409978  40
10660  0.00409531  40
10665  0.00409104  40
10670  0.00408696  40
10675  0.00408304  40
10680  0.0040793  40
10685  0.00407572  40
10690  0.00407229  40
10695  0.00406902  40
10700  0.00406588  40
10705  0.00406287  40
10710  0.00406  40
10715  0.00405725  40
10720  0.00405462  40
10725  0.0040521  40
10730  0.00404969  40
10735  0.00404739  40
10740  0.00404518  40
10745  0.00404307  40
10750  0.00404105  40
10755  0.00403911  40
10760  0.00403726  40
10765  0.00403549  40
10770  0.0040338  40
10775  0.00403218  40
10780  0.00403063  40
10785  0.00402914  40
10790  0.00402772  40
10795  0.00402636  40
10800  0.00402506  40
10805  0.00402381  40
10810  0.00402262  40
10815  0.00402148  40
10820  0.00402039  40
10825  0.00401935  40
10830  0.00401835  40
10835  0.00401739  40
10840  0.00401648  40
10845  0.0040156  40
10850  0.00401477  40
10855  0.00401396  40
10860  0.0040132  40
10865  0.00401246  40
10870  0.00401176  40
10875  0.00401109  40
10880  0.00401044  40
10885  0.00400983  40
10890  0.00400924  40
10895  0.00400868  40
10900  0.00400814  40
10905  0.00400762  40
10910  0.00400713  40
10915  0.00400665  40
10920  0.0040062  40
10925  0.00400577  40
10930  0.00400536  40
10935  0.00400496  40
10940  0.00400458  40
10945  0.00400422  40
10950  0.00400387  40
10955  0.00400354  40
10960  0.00400322  40
10965  0.00400291  40
10970  0.00400262  40
10975  0.00400234  40
10980  0.00400208  40
10985  0.00400182  40
10990  0.00400158  40
10995  0.00400134  40
11000  -0.00150559  -120
11000  -0.000756112  -100
11005  -0.0687863  -100
11010  -0.110155  -100
11015  -0.133703  -100
11020  -0.145435  -100
11025  -0.149424  -100
11030  -0.148428  -100
11035  -0.144304  -100
11040  -0.138301  -100
11045  -0.131252  -100
11050  -0.123709  -100
11055  -0.116031  -100
11060  -0.108448  -100
11065  -0.101104  -100
11070  -0.0940847  -100
11075  -0.087435  -100
11080  -0.0811757  -100
11085  -0.0753105  -100
11090  -0.0698323  -100
11095  -0.0647278  -100
11100  -0.0599794  -100
11105  -0.055568  -100
11110  -0.0514732  -100
11115  -0.0476749  -100
11120  -0.0441534  -100
11125  -0.0408896  -100
11130  -0.0378655  -100
11135  -0.035064  -100
11140  -0.0324691  -100
11145  -0.0300658  -100
11150  -0.0278401  -100
11155  -0.025779  -100
11160  -0.0238704  -100
11165  -0.0221031  -100
11170  -0.0204665  -100
11175  -0.0189512  -100
11180  -0.0175481  -100
11185  -0.0162488  -100
11190  -0.0150458  -100
11195  -0.0139319  -100
11200  -0.0129005  -100
11205  -0.0119455  -100
11210  -0.0110611  -100
11215  -0.0102423  -100
11220  -0.00948413  -100
11225  -0.00878208  -100
11230  -0.00813202  -100
11235  -0.00753009  -100
11240  -0.00697273  -100
11245  -0.00645663  -100
11250  -0.00597875  -100
11255  -0.00553625  -100
11260  -0.0051265  -100
11265  -0.00474709  -100
11270  -0.00439577  -100
11275  -0.00407046  -100
11280  -0.00376922  -100
11285  -0.00349029  -100
11290  -0.003232  -100
11295  -0.00299283  -100
11300  -0.00277136  -100
11305  -0.00256629  -100
11310  -0.00237639  -100
11315  -0.00220055  -100
11320  -0.00203772  -100
11325  -0.00188694  -100
11330  -0.00174733  -100
11335  -0.00161804  -100
11340  -0.00149832  -100
11345  -0.00138746  -100
11350  -0.00128481  -100
11355  -0.00118975  -100
11360  -0.00110173  -100
11365  -0.00102022  -100
11370  -0.000944739  -100
11375  -0.000874845  -100
11380  -0.000810124  -100
11385  -0.000750191  -100
11390  -0.000694693  -100
11395  -0.000643302  -100
11400  -0.000595713  -100
11405  -0.000551645  -100
11410  -0.000510837  -100
11415  -0.000473049  -100
11420  -0.000438057  -100
11425  -0.000405654  -100
11430  -0.000375648  -100
11435  -0.000347863  -100
11440  -0.000322133  -100
11445  -0.000298306  -100
11450  -0.000276243  -100
11455  -0.000255811  -100
11460  -0.000236892  -100
11465  -0.000219372  -100
11470  -0.000203148  -100
11475  -0.000188124  -100
11480  -0.000174212  -100
11485  -0.000161329  -100
11490  -0.000149399  -100
11495  -0.000138352  -100
11500  -0.000128122  -100
11505  -0.000118649  -100
11510  -0.000109876  -100
11515  -0.000101753  -100
11520  -9.42301e-05  -100
11525  -8.7264e-05  -100
11530  -8.08133e-05  -100
11535  -7.48398e-05  -100
11540  -6.93081e-05  -100
11545  -6.41857e-05  -100
11550  -5.94421e-05  -100
11555  -5.50495e-05  -100
11560  -5.09818e-05  -100
11565  -4.7215e-05  -100
11570  -4.37269e-05  -100
11575  -4.04968e-05  -100
11580  -3.75056e-05  -100
11585  -3.47357e-05  -100
11590  -3.21707e-05  -100
11595  -2.97954e-05  -100
11600  -2.75958e-05  -100
11605  -2.55589e-05  -100
11610  -2.36727e-05  -100
11615  -2.1926e-05  -100
11620  -2.03086e-05  -100
11625  -1.88107e-05  -100
11630  -1.74237e-05  -100
11635  -1.61392e-05  -100
11640  -1.49498e-05  -100
11645  -1.38484e-05  -100
11650  -1.28284e-05  -100
11655  -1.18839e-05  -100
11660  -1.10092e-05  -100
11665  -1.01992e-05  -100
11670  -9.44918e-06  -100
11675  -8.7546e-06  -100
11680  -8.11141e-06  -100
11685  -7.51578e-06  -100
11690  -6.96422e-06  -100
11695  -6.45345e-06  -100
11700  -5.98047e-06  -100
11705  -5.54247e-06  -100
11710  -5.13687e-06  -100
11715  -4.76126e-06  -100
11720  -4.41345e-06  -100
11725  -4.09135e-06  -100
11730  -3.79309e-06  -100
11735  -3.51688e-06  -100
11740  -3.2611e-06  -100
11745  -3.02425e-06  -100
11750  -2.80491e-06  -100
11755  -2.6018e-06  -100
11760  -2.41371e-06  -100
11765  -2.23953e-06  -100
11770  -2.07823e-06  -100
11775  -1.92887e-06  -100
11780  -1.79055e-06  -100
11785  -1.66247e-06  -100
11790  -1.54386e-06  -100
11795  -1.43402e-06  -100
11800  -1.33231e-06  -100
11805  -1.23811e-06  -100
11810  -1.15089e-06  -100
11815  -1.07012e-06  -100
11820  -9.9532e-07  -100
11825  -9.26055e-07  -100
11830  -8.61913e-07  -100
11835  -8.02515e-07  -100
11840  -7.47511e-07  -100
11845  -6.96575e-07  -100
11850  -6.49406e-07  -100
11855  -6.05726e-07  -100
11860  -5.65277e-07  -100
11865  -5.2782e-07  -100
11870  -4.93134e-07  -100
11875  -4.61013e-07  -100
11880  -4.31267e-07  -100
11885  -4.03722e-07  -100
11890  -3.78215e-07  -100
11895  -3.54594e-07  -100
11900  -3.3272e-07  -100
11905  -3.12464e-07  -100
11910  -2.93706e-07  -100
11915  -2.76336e-07  -100
11920  -2.6025e-07  -100
11925  -2.45354e-07  -100
11930  -2.3156e-07  -100
11935  -2.18787e-07  -100
11940  -2.06958e-07  -100
11945  -1.96004e-07  -100
11950  -1.8586e-07  -100
11955  -1.76466e-07  -100
11960  -1.67767e-07  -100
11965  -1.59712e-07  -100
11970  -1.52253e-07  -100
11975  -1.45345e-07  -100
11980  -1.38948e-07  -100
11985  -1.33024e-07  -100
11990  -1.27539e-07  -100
11995  -1.22459e-07  -100
12000  -1.17755e-07  -100
12005  -1.13398e-07  -100
12010  -1.09364e-07  -100
12015  -1.05629e-07  -100
12020  -1.0217e-07  -100
12025  -9.89661e-08  -100
12030  -9.59996e-08  -100
12035  -9.32526e-08  -100
12040  -9.07087e-08  -100
12045  -8.83529e-08  -100
12050  -8.61714e-08  -100
12055  -8.41513e-08  -100
12060  -8.22805e-08  -100
12065  -8.05482e-08  -100
12070  -7.8944e-08  -100
12075  -7.74584e-08  -100
12080  -7.60827e-08  -100
12085  -7.48087e-08  -100
12090  -7.3629e-08  -100
12095  -7.25366e-08  -100
12100  -7.15249e-08  -100
12105  -7.05881e-08  -100
12110  -6.97205e-08  -100
12115  -6.89172e-08  -100
12120  -6.81732e-08  -100
12125  -6.74843e-08  -100
12130  -6.68463e-08  -100
12135  -6.62556e-08  -100
12140  -6.57085e-08  -100
12145  -6.52018e-08  -100
12150  -6.47327e-08  -100
12155  -6.42982e-08  -100
12160  -6.38959e-08  -100
12165  -6.35234e-08  -100
12170  -6.31784e-08  -100
12175  -6.28589e-08  -100
12180  -6.2563e-08  -100
12185  -6.22891e-08  -100
12190  -6.20353e-08  -100
12195  -6.18004e-08  -100
12200  -6.15828e-08  -100
12205  -6.13814e-08  -100
12210  -6.11948e-08  -100
12215  -6.1022e-08  -100
12220  -6.0862e-08  -100
12225  -6.07139e-08  -100
12230  -6.05767e-08  -100
12235  -6.04496e-08  -100
12240  -6.0332e-08  -100
12245  -6.0223e-08  -100
12250  -6.01221e-08  -100
12255  -6.00287e-08  -100
12260  -5.99422e-08  -100
12265  -5.9862e-08  -100
12270  -5.97878e-08  -100
12275  -5.97191e-08  -100
12280  -5.96555e-08  -100
12285  -5.95966e-08  -100
12290  -5.9542e-08  -100
12295  -5.94915e-08  -100
12300  -5.94447e-08  -100
12305  -5.94014e-08  -100
12310  -5.93613e-08  -100
12315  -5.93241e-08  -100
12320  -5.92897e-08  -100
12325  -5.92578e-08  -100
12330  -5.92283e-08  -100
12335  -5.9201e-08  -100
12340  -5.91757e-08  -100
12345  -5.91523e-08  -100
12350  -5.91306e-08  -100
12355  -5.91105e-08  -100
12360  -5.90919e-08  -100
12365  -5.90746e-08  -100
12370  -5.90587e-08  -100
12375  -5.90439e-08  -100
12380  -5.90302e-08  -100
12385  -5.90175e-08  -100
12390  -5.90058e-08  -100
12395  -5.89949e-08  -100
12400  -5.89849e-08  -100
12405  -5.89756e-08  -100
12410  -5.89669e-08  -100
12415  -5.89589e-08  -100
12420  -5.89515e-08  -100
12425  -5.89447e-08  -100
12430  -5.89383e-08  -100
12435  -5.89325e-08  -100
12440  -5.8927e-08  -100
12445  -5.8922e-08  -100
12450  -5.89173e-08  -100
12455  -5.8913e-08  -100
12460  -5.8909e-08  -100
12465  -5.89053e-08  -100
12470  -5.89019e-08  -100
12475  -5.88987e-08  -100
12480  -5.88957e-08  -100
12485  -5.8893e-08  -100
12490  -5.88905e-08  -100
12495  -5.88882e-08  -100
12500  -5.8886e-08  -100
12505  -5.8884e-08  -100
12510  -5.88821e-08  -100
12515  -5.88804e-08  -100
12520  -5.88788e-08  -100
12525  -5.88774e-08  -100
12530  -5.8876e-08  -100
12535  -5.88747e-08  -100
12540  -5.88736e-08  -100
12545  -5.88725e-08  -100
12550  -5.88715e-08  -100
12555  -5.88705e-08  -100
12560  -5.88697e-08  -100
12565  -5.88689e-08  -100
12570  -5.88681e-08  -100
12575  -5.88675e-08  -100
12580  -5.88668e-08  -100
12585  -5.88662e-08  -100
12590  -5.88657e-08  -100
12595  -5.88652e-08  -100
12600  -5.88647e-08  -100
12605  -5.88643e-08  -100
12610  -5.88639e-08  -100
12615  -5.88635e-08  -100
12620  -5.88632e-08  -100
12625  -5.88629e-08  -100
12630  -5.88626e-08  -100
12635  -5.88623e-08  -100
12640  -5.88621e-08  -100
12645  -5.88618e-08  -100
12650  -5.88616e-08  -100
12655  -5.88614e-08  -100
12660  -5.88612e-08  -100
12665  -5.8861e-08  -100
12670  -5.88609e-08  -100
12675  -5.88607e-08  -100
12680  -5.88606e-08  -100
12685  -5.88605e-08  -100
12690  -5.88604e-08  -100
12695  -5.88603e-08  -100
12700  -5.88602e-08  -100
12705  -5.88601e-08  -100
12710  -5.886e-08  -100
12715  -5.88599e-08  -100
12720  -5.88598e-08  -100
12725  -5.88598e-08  -100
12730  -5.88597e-08  -100
12735  -5.88596e-08  -100
12740  -5.88596e-08  -100
12745  -5.88595e-08  -100
12750  -5.88595e-08  -100
12755  -5.88594e-08  -100
12760  -5.88594e-08  -100
12765  -5.88594e-08  -100
12770  -5.88593e-08  -100
12775  -5.88593e-08  -100
12780  -5.88593e-08  -100
12785  -5.88592e-08  -100
12790  -5.88592e-08  -100
12795  -5.88592e-08  -100
12800  -5.88592e-08  -100
12805  -5.88592e-08  -100
12810  -5.88591e-08  -100
12815  -5.88591e-08  -100
12820  -5.88591e-08  -100
12825  -5.88591e-08  -100
12830  -5.88591e-08  -100
12835  -5.88591e-08  -100
12840  -5.8859e-08  -100
12845  -5.8859e-08  -100
12850  -5.8859e-08  -100
12855  -5.8859e-08  -100
12860  -5.8859e-08  -100
12865  -5.8859e-08  -100
12870  -5.8859e-08  -100
12875  -5.8859e-08  -100
12880  -5.8859e-08  -100
12885  -5.8859e-08  -100
12890  -5.8859e-08  -100
12895  -5.8859e-08  -100
12900  -5.8859e-08  -100
12905  -5.8859e-08  -100
12910  -5.8859e-08  -100
12915  -5.88589e-08  -100
12920  -5.88589e-08  -100
12925  -5.88589e-08  -100
12930  -5.88589e-08  -100
12935  -5.88589e-08  -100
12940  -5.88589e-08  -100
12945  -5.88589e-08  -100
12950  -5.88589e-08  -100
12955  -5.88589e-08  -100
12960  -5.88589e-08  -100
12965  -5.88589e-08  -100
12970  -5.88589e-08  -100
12975  -5.88589e-08  -100
12980  -5.88589e-08  -100
12985  -5.88589e-08  -100
12990  -5.88589e-08  -100
12995  -5.88589e-08  -100
13000  -5.88589e-08  -100
13005  -5.88589e-08  -100
13010  -5.88589e-08  -100
13015  -5.88589e-08  -100
13020  -5.88589e-08  -100
13025  -5.88589e-08  -100
13030  -5.88589e-08  -100
13035  -5.88589e-08  -100
13040  -5.88589e-08  -100
13045  -5.88589e-08  -100
13050  -5.88589e-08  -100
13055  -5.88589e-08  -100
13060  -5.88589e-08  -100
13065  -5.88589e-08  -100
13070  -5.88589e-08  -100
13075  -5.88589e-08  -100
13080  -5.88589e-08  -100
13085  -5.88589e-08  -100
13090  -5.88589e-08  -100
13095  -5.88589e-08  -100
13100  -5.88589e-08  -100
13105  -5.88589e-08  -100
13110  -5.88589e-08  -100
13115  -5.88589e-08  -100
13120  -5.88589e-08  -100
13125  -5.88589e-08  -100
13130  -5.88589e-08  -100
13135  -5.88589e-08  -100
13140  -5.88589e-08  -100
13145  -5.88589e-08  -100
13150  -5.88589e-08  -100
13155  -5.88589e-08  -100
13160  -5.88589e-08  -100
13165  -5.88589e-08  -100
13170  -5.88589e-08  -100
13175  -5.88589e-08  -100
13180  -5.88589e-08  -100
13185  -5.88589e-08  -100
13190  -5.88589e-08  -100
13195  -5.88589e-08  -100
13200  -5.88589e-08  -100
13205  -5.88589e-08  -100
13210  -5.88589e-08  -100
13215  -5.88589e-08  -100
13220  -5.88589e-08  -100
13225  -5.88589e-08  -100
13230  -5.88589e-08  -100
13235  -5.88589e-08  -100
13240  -5.88589e-08  -100
13245  -5.88589e-08  -100
13250  -5.88589e-08  -100
13255  -5.88589e-08  -100
13260  -5.88589e-08  -100
13265  -5.88589e-08  -100
13270  -5.88589e-08  -100
13275  -5.88589e-08  -100
13280  -5.88589e-08  -100
13285  -5.88589e-08  -100
13290  -5.88589e-08  -100
13295  -5.88589e-08  -100
13300  -5.88589e-08  -100
13305  -5.88589e-08  -100
13310  -5.88589e-08  -100
13315  -5.88589e-08  -100
13320  -5.88589e-08  -100
13325  -5.88589e-08  -100
13330  -5.88589e-08  -100
13335  -5.88589e-08  -100
13340  -5.88589e-08  -100
13345  -5.88589e-08  -100
13350  -5.88589e-08  -100
13355  -5.88589e-08  -100
13360  -5.88589e-08  -100
13365  -5.88589e-08  -100
13370  -5.88589e-08  -100
13375  -5.88589e-08  -100
13380  -5.88589e-08  -100
13385  -5.88589e-08  -100
13390  -5.88589e-08  -100
13395  -5.88589e-08  -100
13400  -5.88589e-08  -100
13405  -5.88589e-08  -100
13410  -5.88589e-08  -100
13415  -5.88589e-08  -100
13420  -5.88589e-08  -100
13425  -5.88589e-08  -100
13430  -5.88589e-08  -100
13435  -5.88589e-08  -100
13440  -5.88589e-08  -100
13445  -5.88589e-08  -100
13450  -5.88589e-08  -100
13455  -5.88589e-08  -100
13460  -5.88589e-08  -100
13465  -5.88589e-08  -100
13470  -5.88589e-08  -100
13475  -5.88589e-08  -100
13480  -5.88589e-08  -100
13485  -5.88589e-08  -100
13490  -5.88589e-08  -100
13495  -5.88589e-08  -100
13500  -5.88589e-08  -100
13505  -5.88589e-08  -100
13510  -5.88589e-08  -100
13515  -5.88589e-08  -100
13520  -5.88589e-08  -100
13525  -5.88589e-08  -100
13530  -5.88589e-08  -100
13535  -5.88589e-08  -100
13540  -5.88589e-08  -100
13545  -5.88589e-08  -100
13550  -5.88589e-08  -100
13555  -5.88589e-08  -100
13560  -5.88589e-08  -100
13565  -5.88589e-08  -100
13570  -5.88589e-08  -100
13575  -5.88589e-08  -100
13580  -5.88589e-08  -100
13585  -5.88589e-08  -100
13590  -5.88589e-08  -100
13595  -5.88589e-08  -100
13600  -5.88589e-08  -100
13605  -5.88589e-08  -100
13610  -5.88589e-08  -100
13615  -5.88589e-08  -100
13620  -5.88589e-08  -100
13625  -5.88589e-08  -100
13630  -5.88589e-08  -100
13635  -5.88589e-08  -100
13640  -5.88589e-08  -100
13645  -5.88589e-08  -100
13650  -5.88589e-08  -100
13655  -5.88589e-08  -100
13660  -5.88589e-08  -100
13665  -5.88589e-08  -100
13670  -5.88589e-08  -100
13675  -5.88589e-08  -100
13680  -5.88589e-08  -100
13685  -5.88589e-08  -100
13690  -5.88589e-08  -100
13695  -5.88589e-08  -100
13700  -5.88589e-08  -100
13705  -5.88589e-08  -100
13710  -5.88589e-08  -100
13715  -5.88589e-08  -100
13720  -5.88589e-08  -100
13725  -5.88589e-08  -100
13730  -5.88589e-08  -100
13735  -5.88589e-08  -100
13740  -5.88589e-08  -100
13745  -5.88589e-08  -100
13750  -5.88589e-08  -100
13755  -5.88589e-08  -100
13760  -5.88589e-08  -100
13765  -5.88589e-08  -100
13770  -5.88589e-08  -100
13775  -5.88589e-08  -100
13780  -5.88589e-08  -100
13785  -5.88589e-08  -100
13790  -5.88589e-08  -100
13795  -5.88589e-08  -100
13800  -5.88589e-08  -100
13805  -5.88589e-08  -100
13810  -5.88589e-08  -100
13815  -5.88589e-08  -100
13820  -5.88589e-08  -100
13825  -5.88589e-08  -100
13830  -5.88589e-08  -100
13835  -5.88589e-08  -100
13840  -5.88589e-08  -100
13845  -5.88589e-08  -100
13850  -5.88589e-08  -100
13855  -5.88589e-08  -100
13860  -5.88589e-08  -100
13865  -5.88589e-08  -100
13870  -5.88589e-08  -100
13875  -5.88589e-08  -100
13880  -5.88589e-08  -100
13885  -5.88589e-08  -100
13890  -5.88589e-08  -100
13895  -5.88589e-08  -100
13900  -5.88589e-08  -100
13905  -5.88589e-08  -100
13910  -5.88589e-08  -100
13915  -5.88589e-08  -100
13920  -5.88589e-08  -100
13925  -5.88589e-08  -100
13930  -5.88589e-08  -100
13935  -5.88589e-08  -100
13940  -5.88589e-08  -100
13945  -5.88589e-08  -100
13950  -5.88589e-08  -100
13955  -5.88589e-08  -100
13960  -5.88589e-08  -100
13965  -5.88589e-08  -100
13970  -5.88589e-08  -100
13975  -5.88589e-08  -100
13980  -5.88589e-08  -100
13985  -5.88589e-08  -100
13990  -5.88589e-08  -100
13995  -5.88589e-08  -100
14000  -5.88589e-08  -100
14005  -5.88589e-08  -100
14010  -5.88589e-08  -100
14015  -5.88589e-08  -100
14020  -5.88589e-08  -100
14025  -5.88589e-08  -100
14030  -5.88589e-08  -100
14035  -5.88589e-08  -100
14040  -5.88589e-08  -100
14045  -5.88589e-08  -100
14050  -5.88589e-08  -100
14055  -5.88589e-08  -100
14060  -5.88589e-08  -100
14065  -5.88589e-08  -100
14070  -5.88589e-08  -100
14075  -5.88589e-08  -100
14080  -5.88589e-08  -100
14085  -5.88589e-08  -100
14090  -5.88589e-08  -100
14095  -5.88589e-08  -100
14100  -5.88589e-08  -100
14105  -5.88589e-08  -100
14110  -5.88589e-08  -100
14115  -5.88589e-08  -100
14120  -5.88589e-08  -100
14125  -5.88589e-08  -100
14130  -5.88589e-08  -100
14135  -5.88589e-08  -100
14140  -5.88589e-08  -100
14145  -5.88589e-08  -100
14150  -5.88589e-08  -100
14155  -5.88589e-08  -100
14160  -5.88589e-08  -100
14165  -5.88589e-08  -100
14170  -5.88589e-08  -100
14175  -5.88589e-08  -100
14180  -5.88589e-08  -100
14185  -5.88589e-08  -100
14190  -5.88589e-08  -100
14195  -5.88589e-08  -100
14200  -5.88589e-08  -100
14205  -5.88589e-08  -100
14210  -5.88589e-08  -100
14215  -5.88589e-08  -100
14220  -5.88589e-08  -100
14225  -5.88589e-08  -100
14230  -5.88589e-08  -100
14235  -5.88589e-08  -100
14240  -5.88589e-08  -100
14245  -5.88589e-08  -100
14250  -5.88589e-08  -100
14255  -5.88589e-08  -100
14260  -5.88589e-08  -100
14265  -5.88589e-08  -100
14270  -5.88589e-08  -100
14275  -5.88589e-08  -100
14280  -5.88589e-08  -100
14285  -5.88589e-08  -100
14290  -5.88589e-08  -100
14295  -5.88589e-08  -100
14300  -5.88589e-08  -100
14305  -5.88589e-08  -100
14310  -5.88589e-08  -100
14315  -5.88589e-08  -100
14320  -5.88589e-08  -100
14325  -5.88589e-08  -100
14330  -5.88589e-08  -100
14335  -5.88589e-08  -100
14340  -5.88589e-08  -100
14345  -5.88589e-08  -100
14350  -5.88589e-08  -100
14355  -5.88589e-08  -100
14360  -5.88589e-08  -100
14365  -5.88589e-08  -100
14370  -5.88589e-08  -100
14375  -5.88589e-08  -100
14380  -5.88589e-08  -100
14385  -5.88589e-08  -100
14390  -5.88589e-08  -100
14395  -5.88589e-08  -100
14400  -5.88589e-08  -100
14405  -5.88589e-08  -100
14410  -5.88589e-08  -100
14415  -5.88589e-08  -100
14420  -5.88589e-08  -100
14425  -5.88589e-08  -100
14430  -5.88589e-08  -100
14435  -5.88589e-08  -100
14440  -5.88589e-08  -100
14445  -5.88589e-08  -100
14450  -5.88589e-08  -100
14455  -5.88589e-08  -100
14460  -5.88589e-08  -100
14465  -5.88589e-08  -100
14470  -5.88589e-08  -100
14475  -5.88589e-08  -100
14480  -5.88589e-08  -100
14485  -5.88589e-08  -100
14490  -5.88589e-08  -100
14495  -5.88589e-08  -100
14500  -5.88589e-08  -100
14505  -5.88589e-08  -100
14510  -5.88589e-08  -100
14515  -5.88589e-08  -100
14520  -5.88589e-08  -100
14525  -5.88589e-08  -100
14530  -5.88589e-08  -100
14535  -5.88589e-08  -100
14540  -5.88589e-08  -100
14545  -5.88589e-08  -100
14550  -5.88589e-08  -100
14555  -5.88589e-08  -100
14560  -5.88589e-08  -100
14565  -5.88589e-08  -100
14570  -5.88589e-08  -100
14575  -5.88589e-08  -100
14580  -5.88589e-08  -100
14585  -5.88589e-08  -100
14590  -5.88589e-08  -100
14595  -5.88589e-08  -100
14600  -5.88589e-08  -100
14605  -5.88589e-08  -100
14610  -5.88589e-08  -100
14615  -5.88589e-08  -100
14620  -5.88589e-08  -100
14625  -5.88589e-08  -100
14630  -5.88589e-08  -100
14635  -5.88589e-08  -100
14640  -5.88589e-08  -100
14645  -5.88589e-08  -100
14650  -5.88589e-08  -100
14655  -5.88589e-08  -100
14660  -5.88589e-08  -100
14665  -5.88589e-08  -100
14670  -5.88589e-08  -100
14675  -5.88589e-08  -100
14680  -5.88589e-08  -100
14685  -5.88589e-08  -100
14690  -5.88589e-08  -100
14695  -5.88589e-08  -100
14700  -5.88589e-08  -100
14705  -5.88589e-08  -100
14710  -5.88589e-08  -100
14715  -5.88589e-08  -100
14720  -5.88589e-08  -100
14725  -5.88589e-08  -100
14730  -5.88589e-08  -100
14735  -5.88589e-08  -100
14740  -5.88589e-08  -100
14745  -5.88589e-08  -100
14750  -5.88589e-08  -100
14755  -5.88589e-08  -100
14760  -5.88589e-08  -100
14765  -5.88589e-08  -100
14770  -5.88589e-08  -100
14775  -5.88589e-08  -100
14780  -5.88589e-08  -100
14785  -5.88589e-08  -100
14790  -5.88589e-08  -100
14795  -5.88589e-08  -100
14800  -5.88589e-08  -100
14805  -5.88589e-08  -100
14810  -5.88589e-08  -100
14815  -5.88589e-08  -100
14820  -5.88589e-08  -100
14825  -5.88589e-08  -100
14830  -5.88589e-08  -100
14835  -5.88589e-08  -100
14840  -5.88589e-08  -100
14845  -5.88589e-08  -100
14850  -5.88589e-08  -100
14855  -5.88589e-08  -100
14860  -5.88589e-08  -100
14865  -5.88589e-08  -100
14870  -5.88589e-08  -100
14875  -5.88589e-08  -100
14880  -5.88589e-08  -100
14885  -5.88589e-08  -100
14890  -5.88589e-08  -100
14895  -5.88589e-08  -100
14900  -5.88589e-08  -100
14905  -5.88589e-08  -100
14910  -5.88589e-08  -100
14915  -5.88589e-08  -100
14920  -5.88589e-08  -100
14925  -5.88589e-08  -100
14930  -5.88589e-08  -100
14935  -5.88589e-08  -100
14940  -5.88589e-08  -100
14945  -5.88589e-08  -100
14950  -5.88589e-08  -100
14955  -5.88589e-08  -100
14960  -5.88589e-08  -100
