0.005  2.5496e-17  -80
5.005  8.19738e-10  -80
10.005  3.14211e-09  -80
15.005  6.73602e-09  -80
20.005  1.14024e-08  -80
25.005  1.69698e-08  -80
30.005  2.32899e-08  -80
35.005  3.02346e-08  -80
40.005  3.76928e-08  -80
45.005  4.55683e-08  -80
50.005  5.37775e-08  -80
55.005  6.2248e-08  -80
60.005  7.09168e-08  -80
65.005  7.97295e-08  -80
70.005  8.86386e-08  -80
75.005  9.76032e-08  -80
80.005  1.06588e-07  -80
85.005  1.15562e-07  -80
90.005  1.24498e-07  -80
95.005  1.33375e-07  -80
100.005  1.42173e-07  -80
105.005  1.50875e-07  -80
110.005  1.59468e-07  -80
115.005  1.67939e-07  -80
120.005  1.76279e-07  -80
125.005  1.84479e-07  -80
130.005  1.92533e-07  -80
135.005  2.00436e-07  -80
140.005  2.08184e-07  -80
145.005  2.15773e-07  -80
150.005  2.23201e-07  -80
155.005  2.30467e-07  -80
160.005  2.3757e-07  -80
165.005  2.4451e-07  -80
170.005  2.51287e-07  -80
175.005  2.57903e-07  -80
180.005  2.64357e-07  -80
185.005  2.70653e-07  -80
190.005  2.7679e-07  -80
195.005  2.82773e-07  -80
200.005  2.88602e-07  -80
205.005  2.94281e-07  -80
210.005  2.99812e-07  -80
215.005  3.05196e-07  -80
220.005  3.10439e-07  -80
225.005  3.15541e-07  -80
230.005  3.20506e-07  -80
235.005  3.25337e-07  -80
240.005  3.30037e-07  -80
245.005  3.34609e-07  -80
250.005  3.39055e-07  -80
255.005  3.43379e-07  -80
260.005  3.47583e-07  -80
265.005  3.51671e-07  -80
270.005  3.55646e-07  -80
275.005  3.59509e-07  -80
280.005  3.63265e-07  -80
285.005  3.66915e-07  -80
290.005  3.70463e-07  -80
295.005  3.73911e-07  -80
300.005  3.77262e-07  -80
305.005  3.80518e-07  -80
310.005  3.83682e-07  -80
315.005  3.86757e-07  -80
320.005  3.89744e-07  -80
325.005  3.92646e-07  -80
330.005  3.95466e-07  -80
335.005  3.98206e-07  -80
340.005  4.00868e-07  -80
345.005  4.03454e-07  -80
350.005  4.05966e-07  -80
355.005  4.08406e-07  -80
360.005  4.10777e-07  -80
365.005  4.1308e-07  -80
370.005  4.15316e-07  -80
375.005  4.17489e-07  -80
380.005  4.196e-07  -80
385.005  4.2165e-07  -80
390.005  4.23642e-07  -80
395.005  4.25576e-07  -80
400.005  4.27455e-07  -80
405.005  4.2928e-07  -80
410.005  4.31053e-07  -80
415.005  4.32774e-07  -80
420.005  4.34447e-07  -80
425.005  4.36071e-07  -80
430.005  4.37648e-07  -80
435.005  4.39181e-07  -80
440.005  4.40669e-07  -80
445.005  4.42114e-07  -80
450.005  4.43518e-07  -80
455.005  4.44881e-07  -80
460.005  4.46206e-07  -80
465.005  4.47492e-07  -80
470.005  4.48741e-07  -80
475.005  4.49954e-07  -80
480.005  4.51133e-07  -80
485.005  4.52277e-07  -80
490.005  4.53389e-07  -80
495.005  4.54468e-07  -80
500.005  4.55517e-07  -80
505.005  4.56535e-07  -80
510.005  4.57524e-07  -80
515.005  4.58484e-07  -80
520.005  4.59417e-07  -80
525.005  4.60323e-07  -80
530.005  4.61203e-07  -80
535.005  4.62057e-07  -80
540.005  4.62887e-07  -80
545.005  4.63693e-07  -80
550.005  4.64476e-07  -80
555.005  4.65237e-07  -80
560.005  4.65975e-07  -80
565.005  4.66692e-07  -80
570.005  4.67389e-07  -80
575.005  4.68065e-07  -80
580.005  4.68722e-07  -80
585.005  4.6936e-07  -80
590.005  4.6998e-07  -80
595.005  4.70582e-07  -80
600.005  4.71166e-07  -80
605.005  4.71734e-07  -80
610.005  4.72285e-07  -80
615.005  4.7282e-07  -80
620.005  4.7334e-07  -80
625.005  4.73845e-07  -80
630.005  4.74336e-07  -80
635.005  4.74812e-07  -80
640.005  4.75275e-07  -80
645.005  4.75724e-07  -80
650.005  4.76161e-07  -80
655.005  4.76584e-07  -80
660.005  4.76996e-07  -80
665.005  4.77396e-07  -80
670.005  4.77784e-07  -80
675.005  4.78161e-07  -80
680.005  4.78527e-07  -80
685.005  4.78883e-07  -80
690.005  4.79228e-07  -80
695.005  4.79564e-07  -80
700.005  4.79889e-07  -80
705.005  4.80206e-07  -80
710.005  4.80513e-07  -80
715.005  4.80811e-07  -80
720.005  4.81101e-07  -80
725.005  4.81383e-07  -80
730.005  4.81656e-07  -80
735.005  4.81922e-07  -80
740.005  4.8218e-07  -80
745.005  4.8243e-07  -80
750.005  4.82673e-07  -80
755.005  4.82909e-07  -80
760.005  4.83139e-07  -80
765.005  4.83362e-07  -80
770.005  4.83578e-07  -80
775.005  4.83788e-07  -80
780.005  4.83992e-07  -80
785.005  4.8419e-07  -80
790.005  4.84383e-07  -80
795.005  4.8457e-07  -80
800.005  4.84751e-07  -80
805.005  4.84928e-07  -80
810.005  4.85099e-07  -80
815.005  4.85265e-07  -80
820.005  4.85427e-07  -80
825.005  4.85584e-07  -80
830.005  4.85736e-07  -80
835.005  4.85884e-07  -80
840.005  4.86028e-07  -80
845.005  4.86167e-07  -80
850.005  4.86303e-07  -80
855.005  4.86435e-07  -80
860.005  4.86562e-07  -80
865.005  4.86687e-07  -80
870.005  4.86807e-07  -80
875.005  4.86924e-07  -80
880.005  4.87038e-07  -80
885.005  4.87149e-07  -80
890.005  4.87256e-07  -80
895.005  4.8736e-07  -80
900.005  4.87461e-07  -80
905.005  4.8756e-07  -80
910.005  4.87655e-07  -80
915.005  4.87748e-07  -80
920.005  4.87838e-07  -80
925.005  4.87925e-07  -80
930.005  4.8801e-07  -80
935.005  4.88093e-07  -80
940.005  4.88173e-07  -80
945.005  4.8825e-07  -80
950.005  4.88326e-07  -80
955.005  4.88399e-07  -80
960.005  4.88471e-07  -80
965.005  4.8854e-07  -80
970.005  4.88607e-07  -80
975.005  4.88672e-07  -80
980.005  4.88736e-07  -80
985.005  4.88797e-07  -80
990.005  4.88857e-07  -80
995.005  4.88915e-07  -80
1000  4.88972e-07  -80
1005  4.89026e-07  -80
1010  4.8908e-07  -80
1015  4.89131e-07  -80
1020  4.89181e-07  -80
1025  4.8923e-07  -80
1030  4.89277e-07  -80
1035  4.89323e-07  -80
1040  4.89368e-07  -80
1045  4.89411e-07  -80
1050  4.89453e-07  -80
1055  4.89494e-07  -80
1060  4.89534e-07  -80
1065.01  4.89573e-07  -80
1070.01  4.8961e-07  -80
1075.01  4.89647e-07  -80
1080.01  4.89682e-07  -80
1085.01  4.89716e-07  -80
1090.01  4.8975e-07  -80
1095.01  4.89782e-07  -80
1100.01  4.89813e-07  -80
1105.01  4.89844e-07  -80
1110.01  4.89873e-07  -80
1115.01  4.89902e-07  -80
1120.01  4.8993e-07  -80
1125.01  4.89957e-07  -80
1130.01  4.89984e-07  -80
1135.01  4.90009e-07  -80
1140.01  4.90034e-07  -80
1145.01  4.90058e-07  -80
1150.01  4.90082e-07  -80
1155.01  4.90105e-07  -80
1160.01  4.90127e-07  -80
1165.01  4.90148e-07  -80
1170.01  4.90169e-07  -80
1175.01  4.9019e-07  -80
1180.01  4.90209e-07  -80
1185.01  4.90228e-07  -80
1190.01  4.90247e-07  -80
1195.01  4.90265e-07  -80
1200.01  4.90282e-07  -80
1205.01  4.90299e-07  -80
1210.01  4.90316e-07  -80
1215.01  4.90332e-07  -80
1220.01  4.90348e-07  -80
1225.01  4.90363e-07  -80
1230.01  4.90377e-07  -80
1235.01  4.90392e-07  -80
1240.01  4.90406e-07  -80
1245.01  4.90419e-07  -80
1250.01  4.90432e-07  -80
1255.01  4.90445e-07  -80
1260.01  4.90457e-07  -80
1265.01  4.90469e-07  -80
1270.01  4.90481e-07  -80
1275.01  4.90492e-07  -80
1280.01  4.90503e-07  -80
1285.01  4.90514e-07  -80
1290.01  4.90524e-07  -80
1295.01  4.90534e-07  -80
1300.01  4.90544e-07  -80
1305.01  4.90553e-07  -80
1310.01  4.90563e-07  -80
1315.01  4.90572e-07  -80
1320.01  4.9058e-07  -80
1325.01  4.90589e-07  -80
1330.01  4.90597e-07  -80
1335.01  4.90605e-07  -80
1340.01  4.90613e-07  -80
1345.01  4.9062e-07  -80
1350.01  4.90627e-07  -80
1355.01  4.90634e-07  -80
1360.01  4.90641e-07  -80
1365.01  4.90648e-07  -80
1370.01  4.90655e-07  -80
1375.01  4.90661e-07  -80
1380.01  4.90667e-07  -80
1385.01  4.90673e-07  -80
1390.01  4.90679e-07  -80
1395.01  4.90684e-07  -80
1400.01  4.9069e-07  -80
1405.01  4.90695e-07  -80
1410.01  4.907e-07  -80
1415.01  4.90705e-07  -80
1420.01  4.9071e-07  -80
1425.01  4.90715e-07  -80
1430.01  4.90719e-07  -80
1435.01  4.90724e-07  -80
1440.01  4.90728e-07  -80
1445.01  4.90732e-07  -80
1450.01  4.90736e-07  -80
1455.01  4.9074e-07  -80
1460.01  4.90744e-07  -80
1465.01  4.90748e-07  -80
1470.01  4.90751e-07  -80
1475.01  4.90755e-07  -80
1480.01  4.90758e-07  -80
1485.01  4.90762e-07  -80
1490.01  4.90765e-07  -80
1495.01  4.90768e-07  -80
1500.01  4.90771e-07  -80
1505.01  4.90774e-07  -80
1510.01  4.90777e-07  -80
1515.01  4.90779e-07  -80
1520.01  4.90782e-07  -80
1525.01  4.90785e-07  -80
1530.01  4.90787e-07  -80
1535.01  4.9079e-07  -80
1540.01  4.90792e-07  -80
1545.01  4.90795e-07  -80
1550.01  4.90797e-07  -80
1555.01  4.90799e-07  -80
1560.01  4.90801e-07  -80
1565.01  4.90803e-07  -80
1570.01  4.90805e-07  -80
1575.01  4.90807e-07  -80
1580.01  4.90809e-07  -80
1585.01  4.90811e-07  -80
1590.01  4.90813e-07  -80
1595.01  4.90814e-07  -80
1600.01  4.90816e-07  -80
1605.01  4.90818e-07  -80
1610.01  4.90819e-07  -80
1615.01  4.90821e-07  -80
1620.01  4.90822e-07  -80
1625.01  4.90824e-07  -80
1630.01  4.90825e-07  -80
1635.01  4.90827e-07  -80
1640.01  4.90828e-07  -80
1645.01  4.90829e-07  -80
1650.01  4.90831e-07  -80
1655.01  4.90832e-07  -80
1660.01  4.90833e-07  -80
1665.01  4.90834e-07  -80
1670.01  4.90835e-07  -80
1675.01  4.90836e-07  -80
1680.01  4.90837e-07  -80
1685.01  4.90838e-07  -80
1690.01  4.90839e-07  -80
1695.01  4.9084e-07  -80
1700.01  4.90841e-07  -80
1705.01  4.90842e-07  -80
1710.01  4.90843e-07  -80
1715.01  4.90844e-07  -80
1720.01  4.90845e-07  -80
1725.01  4.90846e-07  -80
1730.01  4.90847e-07  -80
1735.01  4.90847e-07  -80
1740.01  4.90848e-07  -80
1745.01  4.90849e-07  -80
1750.01  4.90849e-07  -80
1755.01  4.9085e-07  -80
1760.01  4.90851e-07  -80
1765.01  4.90851e-07  -80
1770.01  4.90852e-07  -80
1775.01  4.90853e-07  -80
1780.01  4.90853e-07  -80
1785.01  4.90854e-07  -80
1790.01  4.90854e-07  -80
1795.01  4.90855e-07  -80
1800.01  4.90855e-07  -80
1805.01  4.90856e-07  -80
1810.01  4.90856e-07  -80
1815.01  4.90857e-07  -80
1820.01  4.90857e-07  -80
1825.01  4.90858e-07  -80
1830.01  4.90858e-07  -80
1835.01  4.90859e-07  -80
1840.01  4.90859e-07  -80
1845.01  4.9086e-07  -80
1850.01  4.9086e-07  -80
1855.01  4.9086e-07  -80
1860.01  4.90861e-07  -80
1865.01  4.90861e-07  -80
1870.01  4.90861e-07  -80
1875.01  4.90862e-07  -80
1880.01  4.90862e-07  -80
1885.01  4.90862e-07  -80
1890.01  4.90863e-07  -80
1895.01  4.90863e-07  -80
1900.01  4.90863e-07  -80
1905.01  4.90864e-07  -80
1910.01  4.90864e-07  -80
1915.01  4.90864e-07  -80
1920.01  4.90864e-07  -80
1925.01  4.90865e-07  -80
1930.01  4.90865e-07  -80
1935.01  4.90865e-07  -80
1940.01  4.90865e-07  -80
1945.01  4.90866e-07  -80
1950.01  4.90866e-07  -80
1955.01  4.90866e-07  -80
1960.01  4.90866e-07  -80
1965.01  4.90866e-07  -80
1970.01  4.90867e-07  -80
1975.01  4.90867e-07  -80
1980.01  4.90867e-07  -80
1985.01  4.90867e-07  -80
1990.01  4.90867e-07  -80
1995.01  4.90868e-07  -80
2000.01  4.90868e-07  -80
2005.01  4.90868e-07  -80
2010.01  4.90868e-07  -80
2015.01  4.90868e-07  -80
2020.01  4.90868e-07  -80
2025.01  4.90868e-07  -80
2030.01  4.90869e-07  -80
2035.01  4.90869e-07  -80
2040.01  4.90869e-07  -80
2045.01  4.90869e-07  -80
2050.01  4.90869e-07  -80
2055.01  4.90869e-07  -80
2060.01  4.90869e-07  -80
2065.01  4.90869e-07  -80
2070.01  4.9087e-07  -80
2075.01  4.9087e-07  -80
2080.01  4.9087e-07  -80
2085.01  4.9087e-07  -80
2090.01  4.9087e-07  -80
2095.01  4.9087e-07  -80
2100.01  4.9087e-07  -80
2105.01  4.9087e-07  -80
2110.01  4.9087e-07  -80
2115.01  4.9087e-07  -80
2120.01  4.9087e-07  -80
2125.01  4.90871e-07  -80
2130.01  4.90871e-07  -80
2135.01  4.90871e-07  -80
2140.01  4.90871e-07  -80
2145.01  4.90871e-07  -80
2150.01  4.90871e-07  -80
2155.01  4.90871e-07  -80
2160.01  4.90871e-07  -80
2165.01  4.90871e-07  -80
2170.01  4.90871e-07  -80
2175.01  4.90871e-07  -80
2180.01  4.90871e-07  -80
2185.01  4.90871e-07  -80
2190.01  4.90871e-07  -80
2195.01  4.90871e-07  -80
2200.01  4.90871e-07  -80
2205.01  4.90872e-07  -80
2210.01  4.90872e-07  -80
2215.01  4.90872e-07  -80
2220.01  4.90872e-07  -80
2225.01  4.90872e-07  -80
2230.01  4.90872e-07  -80
2235.01  4.90872e-07  -80
2240.01  4.90872e-07  -80
2245.01  4.90872e-07  -80
2250.01  4.90872e-07  -80
2255.01  4.90872e-07  -80
2260.01  4.90872e-07  -80
2265.01  4.90872e-07  -80
2270.01  4.90872e-07  -80
2275.01  4.90872e-07  -80
2280.01  4.90872e-07  -80
2285.01  4.90872e-07  -80
2290.01  4.90872e-07  -80
2295.01  4.90872e-07  -80
2300.01  4.90872e-07  -80
2305.01  4.90872e-07  -80
2310.01  4.90872e-07  -80
2315.01  4.90872e-07  -80
2320.01  4.90872e-07  -80
2325.01  4.90872e-07  -80
2330.01  4.90872e-07  -80
2335.01  4.90872e-07  -80
2340.01  4.90872e-07  -80
2345.01  4.90872e-07  -80
2350.01  4.90872e-07  -80
2355.01  4.90872e-07  -80
2360.01  4.90873e-07  -80
2365.01  4.90873e-07  -80
2370.01  4.90873e-07  -80
2375.01  4.90873e-07  -80
2380.01  4.90873e-07  -80
2385.01  4.90873e-07  -80
2390.01  4.90873e-07  -80
2395.01  4.90873e-07  -80
2400.01  4.90873e-07  -80
2405.01  4.90873e-07  -80
2410.01  4.90873e-07  -80
2415.01  4.90873e-07  -80
2420.01  4.90873e-07  -80
2425.01  4.90873e-07  -80
2430.01  4.90873e-07  -80
2435.01  4.90873e-07  -80
2440.01  4.90873e-07  -80
2445.01  4.90873e-07  -80
2450.01  4.90873e-07  -80
2455.01  4.90873e-07  -80
2460.01  4.90873e-07  -80
2465.01  4.90873e-07  -80
2470.01  4.90873e-07  -80
2475.01  4.90873e-07  -80
2480.01  4.90873e-07  -80
2485.01  4.90873e-07  -80
2490.01  4.90873e-07  -80
2495.01  4.90873e-07  -80
2500.01  4.90873e-07  -80
2505.01  4.90873e-07  -80
2510.01  4.90873e-07  -80
2515.01  4.90873e-07  -80
2520.01  4.90873e-07  -80
2525.01  4.90873e-07  -80
2530.01  4.90873e-07  -80
2535.01  4.90873e-07  -80
2540.01  4.90873e-07  -80
2545.01  4.90873e-07  -80
2550.01  4.90873e-07  -80
2555.01  4.90873e-07  -80
2560.01  4.90873e-07  -80
2565.01  4.90873e-07  -80
2570.01  4.90873e-07  -80
2575.01  4.90873e-07  -80
2580.01  4.90873e-07  -80
2585.01  4.90873e-07  -80
2590.01  4.90873e-07  -80
2595.01  4.90873e-07  -80
2600.01  4.90873e-07  -80
2605.01  4.90873e-07  -80
2610.01  4.90873e-07  -80
2615.01  4.90873e-07  -80
2620.01  4.90873e-07  -80
2625.01  4.90873e-07  -80
2630.01  4.90873e-07  -80
2635.01  4.90873e-07  -80
2640.01  4.90873e-07  -80
2645.01  4.90873e-07  -80
2650.01  4.90873e-07  -80
2655.01  4.90873e-07  -80
2660.01  4.90873e-07  -80
2665.01  4.90873e-07  -80
2670.01  4.90873e-07  -80
2675.01  4.90873e-07  -80
2680.01  4.90873e-07  -80
2685.01  4.90873e-07  -80
2690.01  4.90873e-07  -80
2695.01  4.90873e-07  -80
2700.01  4.90873e-07  -80
2705.01  4.90873e-07  -80
2710.01  4.90873e-07  -80
2715.01  4.90873e-07  -80
2720.01  4.90873e-07  -80
2725.01  4.90873e-07  -80
2730.01  4.90873e-07  -80
2735.01  4.90873e-07  -80
2740.01  4.90873e-07  -80
2745.01  4.90873e-07  -80
2750.01  4.90873e-07  -80
2755.01  4.90873e-07  -80
2760.01  4.90873e-07  -80
2765.01  4.90873e-07  -80
2770.01  4.90873e-07  -80
2775.01  4.90873e-07  -80
2780.01  4.90873e-07  -80
2785.01  4.90873e-07  -80
2790.01  4.90873e-07  -80
2795.01  4.90873e-07  -80
2800.01  4.90873e-07  -80
2805.01  4.90873e-07  -80
2810.01  4.90873e-07  -80
2815.01  4.90873e-07  -80
2820.01  4.90873e-07  -80
2825.01  4.90873e-07  -80
2830.01  4.90873e-07  -80
2835.01  4.90873e-07  -80
2840.01  4.90873e-07  -80
2845.01  4.90873e-07  -80
2850.01  4.90873e-07  -80
2855.01  4.90873e-07  -80
2860.01  4.90873e-07  -80
2865.01  4.90873e-07  -80
2870.01  4.90873e-07  -80
2875.01  4.90873e-07  -80
2880.01  4.90873e-07  -80
2885.01  4.90873e-07  -80
2890.01  4.90873e-07  -80
2895.01  4.90873e-07  -80
2900.01  4.90873e-07  -80
2905.01  4.90873e-07  -80
2910.01  4.90873e-07  -80
2915.01  4.90873e-07  -80
2920.01  4.90873e-07  -80
2925.01  4.90873e-07  -80
2930.01  4.90873e-07  -80
2935.01  4.90873e-07  -80
2940.01  4.90873e-07  -80
2945.01  4.90873e-07  -80
2950.01  4.90873e-07  -80
2955.01  4.90873e-07  -80
2960.01  4.90873e-07  -80
2965.01  4.90873e-07  -80
2970.01  4.90873e-07  -80
2975.01  4.90873e-07  -80
2980.01  4.90873e-07  -80
2985.01  4.90873e-07  -80
2990.01  4.90873e-07  -80
2995.01  4.90873e-07  -80
3000.01  4.90873e-07  -80
3005.01  4.90873e-07  -80
3010.01  4.90873e-07  -80
3015.01  4.90873e-07  -80
3020.01  4.90873e-07  -80
3025.01  4.90873e-07  -80
3030.01  4.90873e-07  -80
3035.01  4.90873e-07  -80
3040.01  4.90873e-07  -80
3045.01  4.90873e-07  -80
3050.01  4.90873e-07  -80
3055.01  4.90873e-07  -80
3060.01  4.90873e-07  -80
3065.01  4.90873e-07  -80
3070.01  4.90873e-07  -80
3075.01  4.90873e-07  -80
3080.01  4.90873e-07  -80
3085.01  4.90873e-07  -80
3090.01  4.90873e-07  -80
3095.01  4.90873e-07  -80
3100.01  4.90873e-07  -80
3105.01  4.90873e-07  -80
3110.01  4.90873e-07  -80
3115.01  4.90873e-07  -80
3120.01  4.90873e-07  -80
3125.01  4.90873e-07  -80
3130.01  4.90873e-07  -80
3135.01  4.90873e-07  -80
3140.01  4.90873e-07  -80
3145.01  4.90873e-07  -80
3150.01  4.90873e-07  -80
3155.01  4.90873e-07  -80
3160.01  4.90873e-07  -80
3165.01  4.90873e-07  -80
3170.01  4.90873e-07  -80
3175.01  4.90873e-07  -80
3180.01  4.90873e-07  -80
3185.01  4.90873e-07  -80
3190.01  4.90873e-07  -80
3195.01  4.90873e-07  -80
3200.01  4.90873e-07  -80
3205.01  4.90873e-07  -80
3210.01  4.90873e-07  -80
3215.01  4.90873e-07  -80
3220.01  4.90873e-07  -80
3225.01  4.90873e-07  -80
3230.01  4.90873e-07  -80
3235.01  4.90873e-07  -80
3240.01  4.90873e-07  -80
3245.01  4.90873e-07  -80
3250.01  4.90873e-07  -80
3255.01  4.90873e-07  -80
3260.01  4.90873e-07  -80
3265.01  4.90873e-07  -80
3270.01  4.90873e-07  -80
3275.01  4.90873e-07  -80
3280.01  4.90873e-07  -80
3285.01  4.90873e-07  -80
3290.01  4.90873e-07  -80
3295.01  4.90873e-07  -80
3300.01  4.90873e-07  -80
3305.01  4.90873e-07  -80
3310.01  4.90873e-07  -80
3315.01  4.90873e-07  -80
3320.01  4.90873e-07  -80
3325.01  4.90873e-07  -80
3330.01  4.90873e-07  -80
3335.01  4.90873e-07  -80
3340.01  4.90873e-07  -80
3345.01  4.90873e-07  -80
3350.01  4.90873e-07  -80
3355.01  4.90873e-07  -80
3360.01  4.90873e-07  -80
3365.01  4.90873e-07  -80
3370.01  4.90873e-07  -80
3375.01  4.90873e-07  -80
3380.01  4.90873e-07  -80
3385.01  4.90873e-07  -80
3390.01  4.90873e-07  -80
3395.01  4.90873e-07  -80
3400.01  4.90873e-07  -80
3405.01  4.90873e-07  -80
3410.01  4.90873e-07  -80
3415.01  4.90873e-07  -80
3420.01  4.90873e-07  -80
3425.01  4.90873e-07  -80
3430.01  4.90873e-07  -80
3435.01  4.90873e-07  -80
3440.01  4.90873e-07  -80
3445.01  4.90873e-07  -80
3450.01  4.90873e-07  -80
3455.01  4.90873e-07  -80
3460.01  4.90873e-07  -80
3465.01  4.90873e-07  -80
3470.01  4.90873e-07  -80
3475.01  4.90873e-07  -80
3480.01  4.90873e-07  -80
3485.01  4.90873e-07  -80
3490.01  4.90873e-07  -80
3495.01  4.90873e-07  -80
3500.01  4.90873e-07  -80
3505.01  4.90873e-07  -80
3510.01  4.90873e-07  -80
3515.01  4.90873e-07  -80
3520.01  4.90873e-07  -80
3525.01  4.90873e-07  -80
3530.01  4.90873e-07  -80
3535.01  4.90873e-07  -80
3540.01  4.90873e-07  -80
3545.01  4.90873e-07  -80
3550.01  4.90873e-07  -80
3555.01  4.90873e-07  -80
3560.01  4.90873e-07  -80
3565.01  4.90873e-07  -80
3570.01  4.90873e-07  -80
3575.01  4.90873e-07  -80
3580.01  4.90873e-07  -80
3585.01  4.90873e-07  -80
3590.01  4.90873e-07  -80
3595.01  4.90873e-07  -80
3600.01  4.90873e-07  -80
3605.01  4.90873e-07  -80
3610.01  4.90873e-07  -80
3615.01  4.90873e-07  -80
3620.01  4.90873e-07  -80
3625.01  4.90873e-07  -80
3630.01  4.90873e-07  -80
3635.01  4.90873e-07  -80
3640.01  4.90873e-07  -80
3645.01  4.90873e-07  -80
3650.01  4.90873e-07  -80
3655.01  4.90873e-07  -80
3660.01  4.90873e-07  -80
3665.01  4.90873e-07  -80
3670.01  4.90873e-07  -80
3675.01  4.90873e-07  -80
3680.01  4.90873e-07  -80
3685.01  4.90873e-07  -80
3690.01  4.90873e-07  -80
3695.01  4.90873e-07  -80
3700.01  4.90873e-07  -80
3705.01  4.90873e-07  -80
3710.01  4.90873e-07  -80
3715.01  4.90873e-07  -80
3720.01  4.90873e-07  -80
3725.01  4.90873e-07  -80
3730.01  4.90873e-07  -80
3735.01  4.90873e-07  -80
3740.01  4.90873e-07  -80
3745.01  4.90873e-07  -80
3750.01  4.90873e-07  -80
3755.01  4.90873e-07  -80
3760.01  4.90873e-07  -80
3765.01  4.90873e-07  -80
3770.01  4.90873e-07  -80
3775.01  4.90873e-07  -80
3780.01  4.90873e-07  -80
3785.01  4.90873e-07  -80
3790.01  4.90873e-07  -80
3795.01  4.90873e-07  -80
3800.01  4.90873e-07  -80
3805.01  4.90873e-07  -80
3810.01  4.90873e-07  -80
3815.01  4.90873e-07  -80
3820.01  4.90873e-07  -80
3825.01  4.90873e-07  -80
3830.01  4.90873e-07  -80
3835.01  4.90873e-07  -80
3840.01  4.90873e-07  -80
3845.01  4.90873e-07  -80
3850.01  4.90873e-07  -80
3855.01  4.90873e-07  -80
3860.01  4.90873e-07  -80
3865.01  4.90873e-07  -80
3870.01  4.90873e-07  -80
3875.01  4.90873e-07  -80
3880.01  4.90873e-07  -80
3885.01  4.90873e-07  -80
3890.01  4.90873e-07  -80
3895.01  4.90873e-07  -80
3900.01  4.90873e-07  -80
3905.01  4.90873e-07  -80
3910.01  4.90873e-07  -80
3915.01  4.90873e-07  -80
3920.01  4.90873e-07  -80
3925.01  4.90873e-07  -80
3930.01  4.90873e-07  -80
3935.01  4.90873e-07  -80
3940.01  4.90873e-07  -80
3945.01  4.90873e-07  -80
3950.01  4.90873e-07  -80
3955.01  4.90873e-07  -80
3960.01  4.90873e-07  -80
3965.01  4.90873e-07  -80
3970.01  4.90873e-07  -80
3975.01  4.90873e-07  -80
3980.01  4.90873e-07  -80
3985.01  4.90873e-07  -80
3990.01  4.90873e-07  -80
3995.01  4.90873e-07  -80
4000.01  4.90873e-07  -80
4005.01  4.90873e-07  -80
4010.01  4.90873e-07  -80
4015.01  4.90873e-07  -80
4020.01  4.90873e-07  -80
4025.01  4.90873e-07  -80
4030.01  4.90873e-07  -80
4035.01  4.90873e-07  -80
4040.01  4.90873e-07  -80
4045.01  4.90873e-07  -80
4050.01  4.90873e-07  -80
4055.01  4.90873e-07  -80
4060.01  4.90873e-07  -80
4065.01  4.90873e-07  -80
4070.01  4.90873e-07  -80
4075.01  4.90873e-07  -80
4080.01  4.90873e-07  -80
4085.01  4.90873e-07  -80
4090.01  4.90873e-07  -80
4095.01  4.90873e-07  -80
4100.01  4.90873e-07  -80
4105.01  4.90873e-07  -80
4110.01  4.90873e-07  -80
4115.01  4.90873e-07  -80
4120.01  4.90873e-07  -80
4125.01  4.90873e-07  -80
4130.01  4.90873e-07  -80
4135.01  4.90873e-07  -80
4140.01  4.90873e-07  -80
4145.01  4.90873e-07  -80
4150.01  4.90873e-07  -80
4155.01  4.90873e-07  -80
4160.01  4.90873e-07  -80
4165.01  4.90873e-07  -80
4170.01  4.90873e-07  -80
4175.01  4.90873e-07  -80
4180.01  4.90873e-07  -80
4185.01  4.90873e-07  -80
4190.01  4.90873e-07  -80
4195.01  4.90873e-07  -80
4200.01  4.90873e-07  -80
4205.01  4.90873e-07  -80
4210.01  4.90873e-07  -80
4215.01  4.90873e-07  -80
4220.01  4.90873e-07  -80
4225.01  4.90873e-07  -80
4230.01  4.90873e-07  -80
4235.01  4.90873e-07  -80
4240.01  4.90873e-07  -80
4245.01  4.90873e-07  -80
4250.01  4.90873e-07  -80
4255.01  4.90873e-07  -80
4260.01  4.90873e-07  -80
4265.01  4.90873e-07  -80
4270.01  4.90873e-07  -80
4275.01  4.90873e-07  -80
4280.01  4.90873e-07  -80
4285.01  4.90873e-07  -80
4290.01  4.90873e-07  -80
4295.01  4.90873e-07  -80
4300.01  4.90873e-07  -80
4305.01  4.90873e-07  -80
4310.01  4.90873e-07  -80
4315.01  4.90873e-07  -80
4320.01  4.90873e-07  -80
4325.01  4.90873e-07  -80
4330.01  4.90873e-07  -80
4335.01  4.90873e-07  -80
4340.01  4.90873e-07  -80
4345.01  4.90873e-07  -80
4350.01  4.90873e-07  -80
4355.01  4.90873e-07  -80
4360.01  4.90873e-07  -80
4365.01  4.90873e-07  -80
4370.01  4.90873e-07  -80
4375.01  4.90873e-07  -80
4380.01  4.90873e-07  -80
4385.01  4.90873e-07  -80
4390.01  4.90873e-07  -80
4395.01  4.90873e-07  -80
4400.01  4.90873e-07  -80
4405.01  4.90873e-07  -80
4410.01  4.90873e-07  -80
4415.01  4.90873e-07  -80
4420.01  4.90873e-07  -80
4425.01  4.90873e-07  -80
4430.01  4.90873e-07  -80
4435.01  4.90873e-07  -80
4440.01  4.90873e-07  -80
4445.01  4.90873e-07  -80
4450.01  4.90873e-07  -80
4455.01  4.90873e-07  -80
4460.01  4.90873e-07  -80
4465.01  4.90873e-07  -80
4470.01  4.90873e-07  -80
4475.01  4.90873e-07  -80
4480.01  4.90873e-07  -80
4485.01  4.90873e-07  -80
4490.01  4.90873e-07  -80
4495.01  4.90873e-07  -80
4500.01  4.90873e-07  -80
4505.01  4.90873e-07  -80
4510.01  4.90873e-07  -80
4515.01  4.90873e-07  -80
4520.01  4.90873e-07  -80
4525.01  4.90873e-07  -80
4530.01  4.90873e-07  -80
4535.01  4.90873e-07  -80
4540.01  4.90873e-07  -80
4545.01  4.90873e-07  -80
4550.01  4.90873e-07  -80
4555.01  4.90873e-07  -80
4560.01  4.90873e-07  -80
4565.01  4.90873e-07  -80
4570.01  4.90873e-07  -80
4575.01  4.90873e-07  -80
4580.01  4.90873e-07  -80
4585.01  4.90873e-07  -80
4590.01  4.90873e-07  -80
4595.01  4.90873e-07  -80
4600.01  4.90873e-07  -80
4605.01  4.90873e-07  -80
4610.01  4.90873e-07  -80
4615.01  4.90873e-07  -80
4620.01  4.90873e-07  -80
4625.01  4.90873e-07  -80
4630.01  4.90873e-07  -80
4635.01  4.90873e-07  -80
4640.01  4.90873e-07  -80
4645.01  4.90873e-07  -80
4650.01  4.90873e-07  -80
4655.01  4.90873e-07  -80
4660.01  4.90873e-07  -80
4665.01  4.90873e-07  -80
4670.01  4.90873e-07  -80
4675.01  4.90873e-07  -80
4680.01  4.90873e-07  -80
4685.01  4.90873e-07  -80
4690.01  4.90873e-07  -80
4695.01  4.90873e-07  -80
4700.01  4.90873e-07  -80
4705.01  4.90873e-07  -80
4710.01  4.90873e-07  -80
4715.01  4.90873e-07  -80
4720.01  4.90873e-07  -80
4725.01  4.90873e-07  -80
4730.01  4.90873e-07  -80
4735.01  4.90873e-07  -80
4740.01  4.90873e-07  -80
4745.01  4.90873e-07  -80
4750.01  4.90873e-07  -80
4755.01  4.90873e-07  -80
4760.01  4.90873e-07  -80
4765.01  4.90873e-07  -80
4770.01  4.90873e-07  -80
4775.01  4.90873e-07  -80
4780.01  4.90873e-07  -80
4785.01  4.90873e-07  -80
4790.01  4.90873e-07  -80
4795.01  4.90873e-07  -80
4800.01  4.90873e-07  -80
4805.01  4.90873e-07  -80
4810.01  4.90873e-07  -80
4815.01  4.90873e-07  -80
4820.01  4.90873e-07  -80
4825.01  4.90873e-07  -80
4830.01  4.90873e-07  -80
4835.01  4.90873e-07  -80
4840.01  4.90873e-07  -80
4845.01  4.90873e-07  -80
4850.01  4.90873e-07  -80
4855.01  4.90873e-07  -80
4860.01  4.90873e-07  -80
4865.01  4.90873e-07  -80
4870.01  4.90873e-07  -80
4875.01  4.90873e-07  -80
4880.01  4.90873e-07  -80
4885.01  4.90873e-07  -80
4890.01  4.90873e-07  -80
4895.01  4.90873e-07  -80
4900.01  4.90873e-07  -80
4905.01  4.90873e-07  -80
4910.01  4.90873e-07  -80
4915.01  4.90873e-07  -80
4920.01  4.90873e-07  -80
4925.01  4.90873e-07  -80
4930.01  4.90873e-07  -80
4935.01  4.90873e-07  -80
4940.01  4.90873e-07  -80
4945.01  4.90873e-07  -80
4950.01  4.90873e-07  -80
4955.01  4.90873e-07  -80
4960.01  4.90873e-07  -80
4965.01  4.90873e-07  -80
4970.01  4.90873e-07  -80
4975.01  4.90873e-07  -80
4980.01  4.90873e-07  -80
4985.01  4.90873e-07  -80
4990.01  4.90873e-07  -80
4995.01  4.90873e-07  -80
5000.01  4.90873e-07  -80
5005.01  4.90873e-07  -80
5010.01  4.90873e-07  -80
5015.01  4.90873e-07  -80
5020.01  4.90873e-07  -80
5025.01  4.90873e-07  -80
5030.01  4.90873e-07  -80
5035.01  4.90873e-07  -80
5040.01  4.90873e-07  -80
5045.01  4.90873e-07  -80
5050.01  4.90873e-07  -80
5055.01  4.90873e-07  -80
5060.01  4.90873e-07  -80
5065.01  4.90873e-07  -80
5070.01  4.90873e-07  -80
5075.01  4.90873e-07  -80
5080.01  4.90873e-07  -80
5085.01  4.90873e-07  -80
5090.01  4.90873e-07  -80
5095.01  4.90873e-07  -80
5100.01  4.90873e-07  -80
5105.01  4.90873e-07  -80
5110.01  4.90873e-07  -80
5115.01  4.90873e-07  -80
5120.01  4.90873e-07  -80
5125.01  4.90873e-07  -80
5130.01  4.90873e-07  -80
5135.01  4.90873e-07  -80
5140.01  4.90873e-07  -80
5145.01  4.90873e-07  -80
5150.01  4.90873e-07  -80
5155.01  4.90873e-07  -80
5160.01  4.90873e-07  -80
5165.01  4.90873e-07  -80
5170.01  4.90873e-07  -80
5175.01  4.90873e-07  -80
5180.01  4.90873e-07  -80
5185.01  4.90873e-07  -80
5190.01  4.90873e-07  -80
5195.01  4.90873e-07  -80
5200.01  4.90873e-07  -80
5205.01  4.90873e-07  -80
5210.01  4.90873e-07  -80
5215.01  4.90873e-07  -80
5220.01  4.90873e-07  -80
5225.01  4.90873e-07  -80
5230.01  4.90873e-07  -80
5235.01  4.90873e-07  -80
5240.01  4.90873e-07  -80
5245.01  4.90873e-07  -80
5250.01  4.90873e-07  -80
5255.01  4.90873e-07  -80
5260.01  4.90873e-07  -80
5265.01  4.90873e-07  -80
5270.01  4.90873e-07  -80
5275.01  4.90873e-07  -80
5280.01  4.90873e-07  -80
5285.01  4.90873e-07  -80
5290.01  4.90873e-07  -80
5295.01  4.90873e-07  -80
5300.01  4.90873e-07  -80
5305.01  4.90873e-07  -80
5310.01  4.90873e-07  -80
5315.01  4.90873e-07  -80
5320.01  4.90873e-07  -80
5325.01  4.90873e-07  -80
5330.01  4.90873e-07  -80
5335.01  4.90873e-07  -80
5340.01  4.90873e-07  -80
5345.01  4.90873e-07  -80
5350.01  4.90873e-07  -80
5355.01  4.90873e-07  -80
5360.01  4.90873e-07  -80
5365.01  4.90873e-07  -80
5370.01  4.90873e-07  -80
5375.01  4.90873e-07  -80
5380.01  4.90873e-07  -80
5385.01  4.90873e-07  -80
5390.01  4.90873e-07  -80
5395.01  4.90873e-07  -80
5400.01  4.90873e-07  -80
5405.01  4.90873e-07  -80
5410.01  4.90873e-07  -80
5415.01  4.90873e-07  -80
5420.01  4.90873e-07  -80
5425.01  4.90873e-07  -80
5430.01  4.90873e-07  -80
5435.01  4.90873e-07  -80
5440.01  4.90873e-07  -80
5445.01  4.90873e-07  -80
5450.01  4.90873e-07  -80
5455.01  4.90873e-07  -80
5460.01  4.90873e-07  -80
5465.01  4.90873e-07  -80
5470.01  4.90873e-07  -80
5475.01  4.90873e-07  -80
5480.01  4.90873e-07  -80
5485.01  4.90873e-07  -80
5490.01  4.90873e-07  -80
5495.01  4.90873e-07  -80
5500.01  4.90873e-07  -80
5505.01  4.90873e-07  -80
5510.01  4.90873e-07  -80
5515.01  4.90873e-07  -80
5520.01  4.90873e-07  -80
5525.01  4.90873e-07  -80
5530.01  4.90873e-07  -80
5535.01  4.90873e-07  -80
5540.01  4.90873e-07  -80
5545.01  4.90873e-07  -80
5550.01  4.90873e-07  -80
5555.01  4.90873e-07  -80
5560.01  4.90873e-07  -80
5565.01  4.90873e-07  -80
5570.01  4.90873e-07  -80
5575.01  4.90873e-07  -80
5580.01  4.90873e-07  -80
5585.01  4.90873e-07  -80
5590.01  4.90873e-07  -80
5595.01  4.90873e-07  -80
5600.01  4.90873e-07  -80
5605.01  4.90873e-07  -80
5610.01  4.90873e-07  -80
5615.01  4.90873e-07  -80
5620.01  4.90873e-07  -80
5625.01  4.90873e-07  -80
5630.01  4.90873e-07  -80
5635.01  4.90873e-07  -80
5640.01  4.90873e-07  -80
5645.01  4.90873e-07  -80
5650.01  4.90873e-07  -80
5655.01  4.90873e-07  -80
5660.01  4.90873e-07  -80
5665.01  4.90873e-07  -80
5670.01  4.90873e-07  -80
5675.01  4.90873e-07  -80
5680.01  4.90873e-07  -80
5685.01  4.90873e-07  -80
5690.01  4.90873e-07  -80
5695.01  4.90873e-07  -80
5700.01  4.90873e-07  -80
5705.01  4.90873e-07  -80
5710.01  4.90873e-07  -80
5715.01  4.90873e-07  -80
5720.01  4.90873e-07  -80
5725.01  4.90873e-07  -80
5730.01  4.90873e-07  -80
5735.01  4.90873e-07  -80
5740.01  4.90873e-07  -80
5745.01  4.90873e-07  -80
5750.01  4.90873e-07  -80
5755.01  4.90873e-07  -80
5760.01  4.90873e-07  -80
5765.01  4.90873e-07  -80
5770.01  4.90873e-07  -80
5775.01  4.90873e-07  -80
5780.01  4.90873e-07  -80
5785.01  4.90873e-07  -80
5790.01  4.90873e-07  -80
5795.01  4.90873e-07  -80
5800.01  4.90873e-07  -80
5805.01  4.90873e-07  -80
5810.01  4.90873e-07  -80
5815.01  4.90873e-07  -80
5820.01  4.90873e-07  -80
5825.01  4.90873e-07  -80
5830.01  4.90873e-07  -80
5835.01  4.90873e-07  -80
5840.01  4.90873e-07  -80
5845.01  4.90873e-07  -80
5850.01  4.90873e-07  -80
5855.01  4.90873e-07  -80
5860.01  4.90873e-07  -80
5865.01  4.90873e-07  -80
5870.01  4.90873e-07  -80
5875.01  4.90873e-07  -80
5880.01  4.90873e-07  -80
5885.01  4.90873e-07  -80
5890.01  4.90873e-07  -80
5895.01  4.90873e-07  -80
5900.01  4.90873e-07  -80
5905.01  4.90873e-07  -80
5910.01  4.90873e-07  -80
5915.01  4.90873e-07  -80
5920.01  4.90873e-07  -80
5925.01  4.90873e-07  -80
5930.01  4.90873e-07  -80
5935.01  4.90873e-07  -80
5940.01  4.90873e-07  -80
5945.01  4.90873e-07  -80
5950.01  4.90873e-07  -80
5955.01  4.90873e-07  -80
5960.01  4.90873e-07  -80
5965.01  4.90873e-07  -80
5970.01  4.90873e-07  -80
5975.01  4.90873e-07  -80
5980.01  4.90873e-07  -80
5985.01  4.90873e-07  -80
5990.01  4.90873e-07  -80
5995.01  4.90873e-07  -80
6000.01  4.90873e-07  -80
6005.01  4.90873e-07  -80
6010.01  4.90873e-07  -80
6015.01  4.90873e-07  -80
6020.01  4.90873e-07  -80
6025.01  4.90873e-07  -80
6030.01  4.90873e-07  -80
6035.01  4.90873e-07  -80
6040.01  4.90873e-07  -80
6045.01  4.90873e-07  -80
6050.01  4.90873e-07  -80
6055.01  4.90873e-07  -80
6060.01  4.90873e-07  -80
6065.01  4.90873e-07  -80
6070.01  4.90873e-07  -80
6075.01  4.90873e-07  -80
6080.01  4.90873e-07  -80
6085.01  4.90873e-07  -80
6090.01  4.90873e-07  -80
6095.01  4.90873e-07  -80
6100.01  4.90873e-07  -80
6105.01  4.90873e-07  -80
6110.01  4.90873e-07  -80
6115.01  4.90873e-07  -80
6120.01  4.90873e-07  -80
6125.01  4.90873e-07  -80
6130.01  4.90873e-07  -80
6135.01  4.90873e-07  -80
6140.01  4.90873e-07  -80
6145.01  4.90873e-07  -80
6150.01  4.90873e-07  -80
6155.01  4.90873e-07  -80
6160.01  4.90873e-07  -80
6165.01  4.90873e-07  -80
6170.01  4.90873e-07  -80
6175.01  4.90873e-07  -80
6180.01  4.90873e-07  -80
6185.01  4.90873e-07  -80
6190.01  4.90873e-07  -80
6195.01  4.90873e-07  -80
6200.01  4.90873e-07  -80
6205.01  4.90873e-07  -80
6210.01  4.90873e-07  -80
6215.01  4.90873e-07  -80
6220.01  4.90873e-07  -80
6225.01  4.90873e-07  -80
6230.01  4.90873e-07  -80
6235.01  4.90873e-07  -80
6240.01  4.90873e-07  -80
6245.01  4.90873e-07  -80
6250.01  4.90873e-07  -80
6255.01  4.90873e-07  -80
6260.01  4.90873e-07  -80
6265.01  4.90873e-07  -80
6270.01  4.90873e-07  -80
6275.01  4.90873e-07  -80
6280.01  4.90873e-07  -80
6285.01  4.90873e-07  -80
6290.01  4.90873e-07  -80
6295.01  4.90873e-07  -80
6300.01  4.90873e-07  -80
6305.01  4.90873e-07  -80
6310.01  4.90873e-07  -80
6315.01  4.90873e-07  -80
6320.01  4.90873e-07  -80
6325.01  4.90873e-07  -80
6330.01  4.90873e-07  -80
6335.01  4.90873e-07  -80
6340.01  4.90873e-07  -80
6345.01  4.90873e-07  -80
6350.01  4.90873e-07  -80
6355.01  4.90873e-07  -80
6360.01  4.90873e-07  -80
6365.01  4.90873e-07  -80
6370.01  4.90873e-07  -80
6375.01  4.90873e-07  -80
6380.01  4.90873e-07  -80
6385.01  4.90873e-07  -80
6390.01  4.90873e-07  -80
6395.01  4.90873e-07  -80
6400.01  4.90873e-07  -80
6405.01  4.90873e-07  -80
6410.01  4.90873e-07  -80
6415.01  4.90873e-07  -80
6420.01  4.90873e-07  -80
6425.01  4.90873e-07  -80
6430.01  4.90873e-07  -80
6435.01  4.90873e-07  -80
6440.01  4.90873e-07  -80
6445.01  4.90873e-07  -80
6450.01  4.90873e-07  -80
6455.01  4.90873e-07  -80
6460.01  4.90873e-07  -80
6465.01  4.90873e-07  -80
6470.01  4.90873e-07  -80
6475.01  4.90873e-07  -80
6480.01  4.90873e-07  -80
6485.01  4.90873e-07  -80
6490.01  4.90873e-07  -80
6495.01  4.90873e-07  -80
6500.01  4.90873e-07  -80
6505.01  4.90873e-07  -80
6510.01  4.90873e-07  -80
6515.01  4.90873e-07  -80
6520.01  4.90873e-07  -80
6525.01  4.90873e-07  -80
6530.01  4.90873e-07  -80
6535.01  4.90873e-07  -80
6540.01  4.90873e-07  -80
6545.01  4.90873e-07  -80
6550.01  4.90873e-07  -80
6555.01  4.90873e-07  -80
6560.01  4.90873e-07  -80
6565.01  4.90873e-07  -80
6570.01  4.90873e-07  -80
6575.01  4.90873e-07  -80
6580.01  4.90873e-07  -80
6585.01  4.90873e-07  -80
6590.01  4.90873e-07  -80
6595.01  4.90873e-07  -80
6600.01  4.90873e-07  -80
6605.01  4.90873e-07  -80
6610.01  4.90873e-07  -80
6615.01  4.90873e-07  -80
6620.01  4.90873e-07  -80
6625.01  4.90873e-07  -80
6630.01  4.90873e-07  -80
6635.01  4.90873e-07  -80
6640.01  4.90873e-07  -80
6645.01  4.90873e-07  -80
6650.01  4.90873e-07  -80
6655.01  4.90873e-07  -80
6660.01  4.90873e-07  -80
6665.01  4.90873e-07  -80
6670.01  4.90873e-07  -80
6675.01  4.90873e-07  -80
6680.01  4.90873e-07  -80
6685.01  4.90873e-07  -80
6690.01  4.90873e-07  -80
6695.01  4.90873e-07  -80
6700.01  4.90873e-07  -80
6705.01  4.90873e-07  -80
6710.01  4.90873e-07  -80
6715.01  4.90873e-07  -80
6720.01  4.90873e-07  -80
6725.01  4.90873e-07  -80
6730.01  4.90873e-07  -80
6735.01  4.90873e-07  -80
6740.01  4.90873e-07  -80
6745.01  4.90873e-07  -80
6750.01  4.90873e-07  -80
6755.01  4.90873e-07  -80
6760.01  4.90873e-07  -80
6765.01  4.90873e-07  -80
6770.01  4.90873e-07  -80
6775.01  4.90873e-07  -80
6780.01  4.90873e-07  -80
6785.01  4.90873e-07  -80
6790.01  4.90873e-07  -80
6795.01  4.90873e-07  -80
6800.01  4.90873e-07  -80
6805.01  4.90873e-07  -80
6810.01  4.90873e-07  -80
6815.01  4.90873e-07  -80
6820.01  4.90873e-07  -80
6825.01  4.90873e-07  -80
6830.01  4.90873e-07  -80
6835.01  4.90873e-07  -80
6840.01  4.90873e-07  -80
6845.01  4.90873e-07  -80
6850.01  4.90873e-07  -80
6855.01  4.90873e-07  -80
6860.01  4.90873e-07  -80
6865.01  4.90873e-07  -80
6870.01  4.90873e-07  -80
6875.01  4.90873e-07  -80
6880.01  4.90873e-07  -80
6885.01  4.90873e-07  -80
6890.01  4.90873e-07  -80
6895.01  4.90873e-07  -80
6900.01  4.90873e-07  -80
6905.01  4.90873e-07  -80
6910.01  4.90873e-07  -80
6915.01  4.90873e-07  -80
6920.01  4.90873e-07  -80
6925.01  4.90873e-07  -80
6930.01  4.90873e-07  -80
6935.01  4.90873e-07  -80
6940.01  4.90873e-07  -80
6945.01  4.90873e-07  -80
6950.01  4.90873e-07  -80
6955.01  4.90873e-07  -80
6960.01  4.90873e-07  -80
6965.01  4.90873e-07  -80
6970.01  4.90873e-07  -80
6975.01  4.90873e-07  -80
6980.01  4.90873e-07  -80
6985.01  4.90873e-07  -80
6990.01  4.90873e-07  -80
6995.01  4.90873e-07  -80
7000.01  4.90873e-07  -80
7005.01  4.90873e-07  -80
7010.01  4.90873e-07  -80
7015.01  4.90873e-07  -80
7020.01  4.90873e-07  -80
7025.01  4.90873e-07  -80
7030.01  4.90873e-07  -80
7035.01  4.90873e-07  -80
7040.01  4.90873e-07  -80
7045.01  4.90873e-07  -80
7050.01  4.90873e-07  -80
7055.01  4.90873e-07  -80
7060.01  4.90873e-07  -80
7065.01  4.90873e-07  -80
7070.01  4.90873e-07  -80
7075.01  4.90873e-07  -80
7080.01  4.90873e-07  -80
7085.01  4.90873e-07  -80
7090.01  4.90873e-07  -80
7095.01  4.90873e-07  -80
7100.01  4.90873e-07  -80
7105.01  4.90873e-07  -80
7110.01  4.90873e-07  -80
7115.01  4.90873e-07  -80
7120.01  4.90873e-07  -80
7125.01  4.90873e-07  -80
7130.01  4.90873e-07  -80
7135.01  4.90873e-07  -80
7140.01  4.90873e-07  -80
7145.01  4.90873e-07  -80
7150.01  4.90873e-07  -80
7155.01  4.90873e-07  -80
7160.01  4.90873e-07  -80
7165.01  4.90873e-07  -80
7170.01  4.90873e-07  -80
7175.01  4.90873e-07  -80
7180.01  4.90873e-07  -80
7185.01  4.90873e-07  -80
7190.01  4.90873e-07  -80
7195.01  4.90873e-07  -80
7200.01  4.90873e-07  -80
7205.01  4.90873e-07  -80
7210.01  4.90873e-07  -80
7215.01  4.90873e-07  -80
7220.01  4.90873e-07  -80
7225.01  4.90873e-07  -80
7230.01  4.90873e-07  -80
7235.01  4.90873e-07  -80
7240.01  4.90873e-07  -80
7245.01  4.90873e-07  -80
7250.01  4.90873e-07  -80
7255.01  4.90873e-07  -80
7260.01  4.90873e-07  -80
7265.01  4.90873e-07  -80
7270.01  4.90873e-07  -80
7275.01  4.90873e-07  -80
7280.01  4.90873e-07  -80
7285.01  4.90873e-07  -80
7290.01  4.90873e-07  -80
7295.01  4.90873e-07  -80
7300.01  4.90873e-07  -80
7305.01  4.90873e-07  -80
7310.01  4.90873e-07  -80
7315.01  4.90873e-07  -80
7320.01  4.90873e-07  -80
7325.01  4.90873e-07  -80
7330.01  4.90873e-07  -80
7335.01  4.90873e-07  -80
7340.01  4.90873e-07  -80
7345.01  4.90873e-07  -80
7350.01  4.90873e-07  -80
7355.01  4.90873e-07  -80
7360.01  4.90873e-07  -80
7365.01  4.90873e-07  -80
7370.01  4.90873e-07  -80
7375.01  4.90873e-07  -80
7380.01  4.90873e-07  -80
7385.01  4.90873e-07  -80
7390.01  4.90873e-07  -80
7395.01  4.90873e-07  -80
7400.01  4.90873e-07  -80
7405.01  4.90873e-07  -80
7410.01  4.90873e-07  -80
7415.01  4.90873e-07  -80
7420.01  4.90873e-07  -80
7425.01  4.90873e-07  -80
7430.01  4.90873e-07  -80
7435.01  4.90873e-07  -80
7440.01  4.90873e-07  -80
7445.01  4.90873e-07  -80
7450.01  4.90873e-07  -80
7455.01  4.90873e-07  -80
7460.01  4.90873e-07  -80
7465.01  4.90873e-07  -80
7470.01  4.90873e-07  -80
7475.01  4.90873e-07  -80
7480.01  4.90873e-07  -80
7485.01  4.90873e-07  -80
7490.01  4.90873e-07  -80
7495.01  4.90873e-07  -80
7500.01  4.90873e-07  -80
7505.01  4.90873e-07  -80
7510.01  4.90873e-07  -80
7515.01  4.90873e-07  -80
7520.01  4.90873e-07  -80
7525.01  4.90873e-07  -80
7530.01  4.90873e-07  -80
7535.01  4.90873e-07  -80
7540.01  4.90873e-07  -80
7545.01  4.90873e-07  -80
7550.01  4.90873e-07  -80
7555.01  4.90873e-07  -80
7560.01  4.90873e-07  -80
7565.01  4.90873e-07  -80
7570.01  4.90873e-07  -80
7575.01  4.90873e-07  -80
7580.01  4.90873e-07  -80
7585.01  4.90873e-07  -80
7590.01  4.90873e-07  -80
7595.01  4.90873e-07  -80
7600.01  4.90873e-07  -80
7605.01  4.90873e-07  -80
7610.01  4.90873e-07  -80
7615.01  4.90873e-07  -80
7620.01  4.90873e-07  -80
7625.01  4.90873e-07  -80
7630.01  4.90873e-07  -80
7635.01  4.90873e-07  -80
7640.01  4.90873e-07  -80
7645.01  4.90873e-07  -80
7650.01  4.90873e-07  -80
7655.01  4.90873e-07  -80
7660.01  4.90873e-07  -80
7665.01  4.90873e-07  -80
7670.01  4.90873e-07  -80
7675.01  4.90873e-07  -80
7680.01  4.90873e-07  -80
7685.01  4.90873e-07  -80
7690.01  4.90873e-07  -80
7695.01  4.90873e-07  -80
7700.01  4.90873e-07  -80
7705.01  4.90873e-07  -80
7710.01  4.90873e-07  -80
7715.01  4.90873e-07  -80
7720.01  4.90873e-07  -80
7725.01  4.90873e-07  -80
7730.01  4.90873e-07  -80
7735.01  4.90873e-07  -80
7740.01  4.90873e-07  -80
7745.01  4.90873e-07  -80
7750.01  4.90873e-07  -80
7755.01  4.90873e-07  -80
7760.01  4.90873e-07  -80
7765.01  4.90873e-07  -80
7770.01  4.90873e-07  -80
7775.01  4.90873e-07  -80
7780.01  4.90873e-07  -80
7785.01  4.90873e-07  -80
7790.01  4.90873e-07  -80
7795.01  4.90873e-07  -80
7800.01  4.90873e-07  -80
7805.01  4.90873e-07  -80
7810.01  4.90873e-07  -80
7815.01  4.90873e-07  -80
7820.01  4.90873e-07  -80
7825.01  4.90873e-07  -80
7830.01  4.90873e-07  -80
7835.01  4.90873e-07  -80
7840.01  4.90873e-07  -80
7845.01  4.90873e-07  -80
7850.01  4.90873e-07  -80
7855.01  4.90873e-07  -80
7860.01  4.90873e-07  -80
7865.01  4.90873e-07  -80
7870.01  4.90873e-07  -80
7875.01  4.90873e-07  -80
7880.01  4.90873e-07  -80
7885.01  4.90873e-07  -80
7890.01  4.90873e-07  -80
7895.01  4.90873e-07  -80
7900.01  4.90873e-07  -80
7905.01  4.90873e-07  -80
7910.01  4.90873e-07  -80
7915.01  4.90873e-07  -80
7920.01  4.90873e-07  -80
7925.01  4.90873e-07  -80
7930.01  4.90873e-07  -80
7935.01  4.90873e-07  -80
7940.01  4.90873e-07  -80
7945.01  4.90873e-07  -80
7950.01  4.90873e-07  -80
7955.01  4.90873e-07  -80
7960.01  4.90873e-07  -80
7965.01  4.90873e-07  -80
7970.01  4.90873e-07  -80
7975.01  4.90873e-07  -80
7980.01  4.90873e-07  -80
7985.01  4.90873e-07  -80
7990.01  4.90873e-07  -80
7995.01  4.90873e-07  -80
8000.01  4.90873e-07  -80
8005.01  4.90873e-07  -80
8010.01  4.90873e-07  -80
8015.01  4.90873e-07  -80
8020.01  4.90873e-07  -80
8025.01  4.90873e-07  -80
8030.01  4.90873e-07  -80
8035.01  4.90873e-07  -80
8040.01  4.90873e-07  -80
8045.01  4.90873e-07  -80
8050.01  4.90873e-07  -80
8055.01  4.90873e-07  -80
8060.01  4.90873e-07  -80
8065.01  4.90873e-07  -80
8070.01  4.90873e-07  -80
8075.01  4.90873e-07  -80
8080.01  4.90873e-07  -80
8085.01  4.90873e-07  -80
8090.01  4.90873e-07  -80
8095.01  4.90873e-07  -80
8100.01  4.90873e-07  -80
8105.01  4.90873e-07  -80
8110.01  4.90873e-07  -80
8115.01  4.90873e-07  -80
8120.01  4.90873e-07  -80
8125.01  4.90873e-07  -80
8130.01  4.90873e-07  -80
8135.01  4.90873e-07  -80
8140.01  4.90873e-07  -80
8145.01  4.90873e-07  -80
8150.01  4.90873e-07  -80
8155.01  4.90873e-07  -80
8160.01  4.90873e-07  -80
8165.01  4.90873e-07  -80
8170.01  4.90873e-07  -80
8175.01  4.90873e-07  -80
8180.01  4.90873e-07  -80
8185.01  4.90873e-07  -80
8190.01  4.90873e-07  -80
8195.01  4.90873e-07  -80
8200.01  4.90873e-07  -80
8205.01  4.90873e-07  -80
8210.01  4.90873e-07  -80
8215.01  4.90873e-07  -80
8220.01  4.90873e-07  -80
8225.01  4.90873e-07  -80
8230.01  4.90873e-07  -80
8235.01  4.90873e-07  -80
8240.01  4.90873e-07  -80
8245.01  4.90873e-07  -80
8250.01  4.90873e-07  -80
8255.01  4.90873e-07  -80
8260.01  4.90873e-07  -80
8265.01  4.90873e-07  -80
8270.01  4.90873e-07  -80
8275.01  4.90873e-07  -80
8280.01  4.90873e-07  -80
8285.01  4.90873e-07  -80
8290.01  4.90873e-07  -80
8295.01  4.90873e-07  -80
8300.01  4.90873e-07  -80
8305.01  4.90873e-07  -80
8310.01  4.90873e-07  -80
8315.01  4.90873e-07  -80
8320.01  4.90873e-07  -80
8325.01  4.90873e-07  -80
8330.01  4.90873e-07  -80
8335.01  4.90873e-07  -80
8340.01  4.90873e-07  -80
8345.01  4.90873e-07  -80
8350.01  4.90873e-07  -80
8355.01  4.90873e-07  -80
8360.01  4.90873e-07  -80
8365.01  4.90873e-07  -80
8370.01  4.90873e-07  -80
8375.01  4.90873e-07  -80
8380.01  4.90873e-07  -80
8385.01  4.90873e-07  -80
8390.01  4.90873e-07  -80
8395.01  4.90873e-07  -80
8400.01  4.90873e-07  -80
8405.01  4.90873e-07  -80
8410.01  4.90873e-07  -80
8415.01  4.90873e-07  -80
8420.01  4.90873e-07  -80
8425.01  4.90873e-07  -80
8430.01  4.90873e-07  -80
8435.01  4.90873e-07  -80
8440.01  4.90873e-07  -80
8445.01  4.90873e-07  -80
8450.01  4.90873e-07  -80
8455.01  4.90873e-07  -80
8460.01  4.90873e-07  -80
8465.01  4.90873e-07  -80
8470.01  4.90873e-07  -80
8475.01  4.90873e-07  -80
8480.01  4.90873e-07  -80
8485.01  4.90873e-07  -80
8490.01  4.90873e-07  -80
8495.01  4.90873e-07  -80
8500.01  4.90873e-07  -80
8505.01  4.90873e-07  -80
8510.01  4.90873e-07  -80
8515.01  4.90873e-07  -80
8520.01  4.90873e-07  -80
8525.01  4.90873e-07  -80
8530.01  4.90873e-07  -80
8535.01  4.90873e-07  -80
8540.01  4.90873e-07  -80
8545.01  4.90873e-07  -80
8550.01  4.90873e-07  -80
8555.01  4.90873e-07  -80
8560.01  4.90873e-07  -80
8565.01  4.90873e-07  -80
8570.01  4.90873e-07  -80
8575.01  4.90873e-07  -80
8580.01  4.90873e-07  -80
8585.01  4.90873e-07  -80
8590.01  4.90873e-07  -80
8595.01  4.90873e-07  -80
8600.01  4.90873e-07  -80
8605.01  4.90873e-07  -80
8610.01  4.90873e-07  -80
8615.01  4.90873e-07  -80
8620.01  4.90873e-07  -80
8625.01  4.90873e-07  -80
8630.01  4.90873e-07  -80
8635.01  4.90873e-07  -80
8640.01  4.90873e-07  -80
8645.01  4.90873e-07  -80
8650.01  4.90873e-07  -80
8655.01  4.90873e-07  -80
8660.01  4.90873e-07  -80
8665.01  4.90873e-07  -80
8670.01  4.90873e-07  -80
8675.01  4.90873e-07  -80
8680.01  4.90873e-07  -80
8685.01  4.90873e-07  -80
8690.01  4.90873e-07  -80
8695.01  4.90873e-07  -80
8700.01  4.90873e-07  -80
8705.01  4.90873e-07  -80
8710.01  4.90873e-07  -80
8715.01  4.90873e-07  -80
8720.01  4.90873e-07  -80
8725.01  4.90873e-07  -80
8730.01  4.90873e-07  -80
8735.01  4.90873e-07  -80
8740.01  4.90873e-07  -80
8745.01  4.90873e-07  -80
8750.01  4.90873e-07  -80
8755.01  4.90873e-07  -80
8760.01  4.90873e-07  -80
8765.01  4.90873e-07  -80
8770.01  4.90873e-07  -80
8775.01  4.90873e-07  -80
8780.01  4.90873e-07  -80
8785.01  4.90873e-07  -80
8790.01  4.90873e-07  -80
8795.01  4.90873e-07  -80
8800.01  4.90873e-07  -80
8805.01  4.90873e-07  -80
8810.01  4.90873e-07  -80
8815.01  4.90873e-07  -80
8820.01  4.90873e-07  -80
8825.01  4.90873e-07  -80
8830.01  4.90873e-07  -80
8835.01  4.90873e-07  -80
8840.01  4.90873e-07  -80
8845.01  4.90873e-07  -80
8850.01  4.90873e-07  -80
8855.01  4.90873e-07  -80
8860.01  4.90873e-07  -80
8865.01  4.90873e-07  -80
8870.01  4.90873e-07  -80
8875.01  4.90873e-07  -80
8880.01  4.90873e-07  -80
8885.01  4.90873e-07  -80
8890.01  4.90873e-07  -80
8895.01  4.90873e-07  -80
8900.01  4.90873e-07  -80
8905.01  4.90873e-07  -80
8910.01  4.90873e-07  -80
8915.01  4.90873e-07  -80
8920.01  4.90873e-07  -80
8925.01  4.90873e-07  -80
8930.01  4.90873e-07  -80
8935.01  4.90873e-07  -80
8940.01  4.90873e-07  -80
8945.01  4.90873e-07  -80
8950.01  4.90873e-07  -80
8955.01  4.90873e-07  -80
8960.01  4.90873e-07  -80
8965.01  4.90873e-07  -80
8970.01  4.90873e-07  -80
8975.01  4.90873e-07  -80
8980.01  4.90873e-07  -80
8985.01  4.90873e-07  -80
8990.01  4.90873e-07  -80
8995.01  4.90873e-07  -80
9000.01  4.90873e-07  -80
9005.01  4.90873e-07  -80
9010.01  4.90873e-07  -80
9015.01  4.90873e-07  -80
9020.01  4.90873e-07  -80
9025.01  4.90873e-07  -80
9030.01  4.90873e-07  -80
9035.01  4.90873e-07  -80
9040.01  4.90873e-07  -80
9045.01  4.90873e-07  -80
9050.01  4.90873e-07  -80
9055.01  4.90873e-07  -80
9060.01  4.90873e-07  -80
9065.01  4.90873e-07  -80
9070.01  4.90873e-07  -80
9075.01  4.90873e-07  -80
9080.01  4.90873e-07  -80
9085.01  4.90873e-07  -80
9090.01  4.90873e-07  -80
9095.01  4.90873e-07  -80
9100.01  4.90873e-07  -80
9105.01  4.90873e-07  -80
9110.01  4.90873e-07  -80
9115.01  4.90873e-07  -80
9120.01  4.90873e-07  -80
9125.01  4.90873e-07  -80
9130.01  4.90873e-07  -80
9135.01  4.90873e-07  -80
9140.01  4.90873e-07  -80
9145.01  4.90873e-07  -80
9150.01  4.90873e-07  -80
9155.01  4.90873e-07  -80
9160.01  4.90873e-07  -80
9165  4.90873e-07  -80
9170  4.90873e-07  -80
9175  4.90873e-07  -80
9180  4.90873e-07  -80
9185  4.90873e-07  -80
9190  4.90873e-07  -80
9195  4.90873e-07  -80
9200  4.90873e-07  -80
9205  4.90873e-07  -80
9210  4.90873e-07  -80
9215  4.90873e-07  -80
9220  4.90873e-07  -80
9225  4.90873e-07  -80
9230  4.90873e-07  -80
9235  4.90873e-07  -80
9240  4.90873e-07  -80
9245  4.90873e-07  -80
9250  4.90873e-07  -80
9255  4.90873e-07  -80
9260  4.90873e-07  -80
9265  4.90873e-07  -80
9270  4.90873e-07  -80
9275  4.90873e-07  -80
9280  4.90873e-07  -80
9285  4.90873e-07  -80
9290  4.90873e-07  -80
9295  4.90873e-07  -80
9300  4.90873e-07  -80
9305  4.90873e-07  -80
9310  4.90873e-07  -80
9315  4.90873e-07  -80
9320  4.90873e-07  -80
9325  4.90873e-07  -80
9330  4.90873e-07  -80
9335  4.90873e-07  -80
9340  4.90873e-07  -80
9345  4.90873e-07  -80
9350  4.90873e-07  -80
9355  4.90873e-07  -80
9360  4.90873e-07  -80
9365  4.90873e-07  -80
9370  4.90873e-07  -80
9375  4.90873e-07  -80
9380  4.90873e-07  -80
9385  4.90873e-07  -80
9390  4.90873e-07  -80
9395  4.90873e-07  -80
9400  4.90873e-07  -80
9405  4.90873e-07  -80
9410  4.90873e-07  -80
9415  4.90873e-07  -80
9420  4.90873e-07  -80
9425  4.90873e-07  -80
9430  4.90873e-07  -80
9435  4.90873e-07  -80
9440  4.90873e-07  -80
9445  4.90873e-07  -80
9450  4.90873e-07  -80
9455  4.90873e-07  -80
9460  4.90873e-07  -80
9465  4.90873e-07  -80
9470  4.90873e-07  -80
9475  4.90873e-07  -80
9480  4.90873e-07  -80
9485  4.90873e-07  -80
9490  4.90873e-07  -80
9495  4.90873e-07  -80
9500  4.90873e-07  -80
9505  4.90873e-07  -80
9510  4.90873e-07  -80
9515  4.90873e-07  -80
9520  4.90873e-07  -80
9525  4.90873e-07  -80
9530  4.90873e-07  -80
9535  4.90873e-07  -80
9540  4.90873e-07  -80
9545  4.90873e-07  -80
9550  4.90873e-07  -80
9555  4.90873e-07  -80
9560  4.90873e-07  -80
9565  4.90873e-07  -80
9570  4.90873e-07  -80
9575  4.90873e-07  -80
9580  4.90873e-07  -80
9585  4.90873e-07  -80
9590  4.90873e-07  -80
9595  4.90873e-07  -80
9600  4.90873e-07  -80
9605  4.90873e-07  -80
9610  4.90873e-07  -80
9615  4.90873e-07  -80
9620  4.90873e-07  -80
9625  4.90873e-07  -80
9630  4.90873e-07  -80
9635  4.90873e-07  -80
9640  4.90873e-07  -80
9645  4.90873e-07  -80
9650  4.90873e-07  -80
9655  4.90873e-07  -80
9660  4.90873e-07  -80
9665  4.90873e-07  -80
9670  4.90873e-07  -80
9675  4.90873e-07  -80
9680  4.90873e-07  -80
9685  4.90873e-07  -80
9690  4.90873e-07  -80
9695  4.90873e-07  -80
9700  4.90873e-07  -80
9705  4.90873e-07  -80
9710  4.90873e-07  -80
9715  4.90873e-07  -80
9720  4.90873e-07  -80
9725  4.90873e-07  -80
9730  4.90873e-07  -80
9735  4.90873e-07  -80
9740  4.90873e-07  -80
9745  4.90873e-07  -80
9750  4.90873e-07  -80
9755  4.90873e-07  -80
9760  4.90873e-07  -80
9765  4.90873e-07  -80
9770  4.90873e-07  -80
9775  4.90873e-07  -80
9780  4.90873e-07  -80
9785  4.90873e-07  -80
9790  4.90873e-07  -80
9795  4.90873e-07  -80
9800  4.90873e-07  -80
9805  4.90873e-07  -80
9810  4.90873e-07  -80
9815  4.90873e-07  -80
9820  4.90873e-07  -80
9825  4.90873e-07  -80
9830  4.90873e-07  -80
9835  4.90873e-07  -80
9840  4.90873e-07  -80
9845  4.90873e-07  -80
9850  4.90873e-07  -80
9855  4.90873e-07  -80
9860  4.90873e-07  -80
9865  4.90873e-07  -80
9870  4.90873e-07  -80
9875  4.90873e-07  -80
9880  4.90873e-07  -80
9885  4.90873e-07  -80
9890  4.90873e-07  -80
9895  4.90873e-07  -80
9900  4.90873e-07  -80
9905  4.90873e-07  -80
9910  4.90873e-07  -80
9915  4.90873e-07  -80
9920  4.90873e-07  -80
9925  4.90873e-07  -80
9930  4.90873e-07  -80
9935  4.90873e-07  -80
9940  4.90873e-07  -80
9945  4.90873e-07  -80
9950  4.90873e-07  -80
9955  4.90873e-07  -80
9960  4.90873e-07  -80
9965  4.90873e-07  -80
9970  4.90873e-07  -80
9975  4.90873e-07  -80
9980  4.90873e-07  -80
9985  4.90873e-07  -80
9990  4.90873e-07  -80
9995  4.90873e-07  -80
10000  1.57116e-05  40
10005  0.000551878  40
10010  0.00217419  40
10015  0.00444308  40
10020  0.0069037  40
10025  0.00927867  40
10030  0.0114166  40
10035  0.0132471  40
10040  0.0147501  40
10045  0.0159352  40
10050  0.0168286  40
10055  0.0174637  40
10060  0.0178768  40
10065  0.0181028  40
10070  0.0181744  40
10075  0.0181207  40
10080  0.0179669  40
10085  0.0177349  40
10090  0.0174428  40
10095  0.0171057  40
10100  0.0167363  40
10105  0.0163445  40
10110  0.0159387  40
10115  0.0155253  40
10120  0.0151096  40
10125  0.0146955  40
10130  0.0142862  40
10135  0.0138841  40
10140  0.0134909  40
10145  0.013108  40
10150  0.0127363  40
10155  0.0123763  40
10160  0.0120285  40
10165  0.0116929  40
10170  0.0113696  40
10175  0.0110586  40
10180  0.0107596  40
10185  0.0104724  40
10190  0.0101967  40
10195  0.00993221  40
10200  0.00967858  40
10205  0.00943545  40
10210  0.00920246  40
10215  0.00897924  40
10220  0.00876543  40
10225  0.00856065  40
10230  0.00836456  40
10235  0.00817682  40
10240  0.00799708  40
10245  0.00782501  40
10250  0.0076603  40
10255  0.00750265  40
10260  0.00735175  40
10265  0.00720733  40
10270  0.0070691  40
10275  0.00693682  40
10280  0.00681022  40
10285  0.00668906  40
10290  0.00657311  40
10295  0.00646215  40
10300  0.00635596  40
10305  0.00625435  40
10310  0.0061571  40
10315  0.00606404  40
10320  0.00597499  40
10325  0.00588977  40
10330  0.00580822  40
10335  0.00573019  40
10340  0.00565551  40
10345  0.00558404  40
10350  0.00551566  40
10355  0.00545022  40
10360  0.0053876  40
10365  0.00532767  40
10370  0.00527033  40
10375  0.00521545  40
10380  0.00516294  40
10385  0.00511269  40
10390  0.0050646  40
10395  0.00501859  40
10400  0.00497455  40
10405  0.00493242  40
10410  0.00489209  40
10415  0.00485351  40
10420  0.00481658  40
10425  0.00478125  40
10430  0.00474744  40
10435  0.00471508  40
10440  0.00468412  40
10445  0.00465449  40
10450  0.00462614  40
10455  0.004599  40
10460  0.00457304  40
10465  0.00454819  40
10470  0.00452442  40
10475  0.00450167  40
10480  0.0044799  40
10485  0.00445906  40
10490  0.00443913  40
10495  0.00442005  40
10500  0.00440179  40
10505  0.00438432  40
10510  0.0043676  40
10515  0.00435161  40
10520  0.0043363  40
10525  0.00432165  40
10530  0.00430763  40
10535  0.00429422  40
10540  0.00428138  40
10545  0.0042691  40
10550  0.00425734  40
10555  0.00424609  40
10560  0.00423533  40
10565  0.00422503  40
10570  0.00421517  40
10575  0.00420574  40
10580  0.00419671  40
10585  0.00418807  40
10590  0.00417981  40
10595  0.0041719  40
10600  0.00416433  40
10605  0.00415709  40
10610  0.00415015  40
10615  0.00414352  40
10620  0.00413718  40
10625  0.0041311  40
10630  0.00412529  40
10635  0.00411973  40
10640  0.00411441  40
10645  0.00410931  40
10650  0.00410444  40
10655  0.00409978  40
10660  0.00409531  40
10665  0.00409104  40
10670  0.00408696  40
10675  0.00408304  40
10680  0.0040793  40
10685  0.00407572  40
10690  0.00407229  40
10695  0.00406902  40
10700  0.00406588  40
10705  0.00406287  40
10710  0.00406  40
10715  0.00405725  40
10720  0.00405462  40
10725  0.0040521  40
10730  0.00404969  40
10735  0.00404739  40
10740  0.00404518  40
10745  0.00404307  40
10750  0.00404105  40
10755  0.00403911  40
10760  0.00403726  40
10765  0.00403549  40
10770  0.0040338  40
10775  0.00403218  40
10780  0.00403063  40
10785  0.00402914  40
10790  0.00402772  40
10795  0.00402636  40
10800  0.00402506  40
10805  0.00402381  40
10810  0.00402262  40
10815  0.00402148  40
10820  0.00402039  40
10825  0.00401935  40
10830  0.00401835  40
10835  0.00401739  40
10840  0.00401648  40
10845  0.0040156  40
10850  0.00401477  40
10855  0.00401396  40
10860  0.0040132  40
10865  0.00401246  40
10870  0.00401176  40
10875  0.00401109  40
10880  0.00401044  40
10885  0.00400983  40
10890  0.00400924  40
10895  0.00400868  40
10900  0.00400814  40
10905  0.00400762  40
10910  0.00400713  40
10915  0.00400665  40
10920  0.0040062  40
10925  0.00400577  40
10930  0.00400536  40
10935  0.00400496  40
10940  0.00400458  40
10945  0.00400422  40
10950  0.00400387  40
10955  0.00400354  40
10960  0.00400322  40
10965  0.00400291  40
10970  0.00400262  40
10975  0.00400234  40
10980  0.00400208  40
10985  0.00400182  40
10990  0.00400158  40
10995  0.00400134  40
11000  -0.00150559  -120
11000  0.00103872  -60
11005  0.0376703  -60
11010  0.0682485  -60
11015  0.0937207  -60
11020  0.114886  -60
11025  0.132421  -60
11030  0.146893  -60
11035  0.158783  -60
11040  0.168498  -60
11045  0.176379  -60
11050  0.182716  -60
11055  0.187752  -60
11060  0.191694  -60
11065  0.194714  -60
11070  0.196959  -60
11075  0.198553  -60
11080  0.199601  -60
11085  0.20019  -60
11090  0.200394  -60
11095  0.200277  -60
11100  0.199891  -60
11105  0.19928  -60
11110  0.198483  -60
11115  0.197531  -60
11120  0.196451  -60
11125  0.195265  -60
11130  0.193993  -60
11135  0.192649  -60
11140  0.191249  -60
11145  0.189803  -60
11150  0.188321  -60
11155  0.186811  -60
11160  0.185279  -60
11165  0.183732  -60
11170  0.182174  -60
11175  0.180609  -60
11180  0.17904  -60
11185  0.177471  -60
11190  0.175904  -60
11195  0.17434  -60
11200  0.172782  -60
11205  0.17123  -60
11210  0.169687  -60
11215  0.168152  -60
11220  0.166626  -60
11225  0.165111  -60
11230  0.163607  -60
11235  0.162113  -60
11240  0.160631  -60
11245  0.159161  -60
11250  0.157703  -60
11255  0.156257  -60
11260  0.154822  -60
11265  0.153401  -60
11270  0.151991  -60
11275  0.150594  -60
11280  0.149209  -60
11285  0.147836  -60
11290  0.146475  -60
11295  0.145127  -60
11300  0.143791  -60
11305  0.142467  -60
11310  0.141154  -60
11315  0.139854  -60
11320  0.138566  -60
11325  0.137289  -60
11330  0.136024  -60
11335  0.134771  -60
11340  0.133529  -60
11345  0.132298  -60
11350  0.131079  -60
11355  0.129871  -60
11360  0.128674  -60
11365  0.127488  -60
11370  0.126313  -60
11375  0.125149  -60
11380  0.123996  -60
11385  0.122853  -60
11390  0.121721  -60
11395  0.120599  -60
11400  0.119487  -60
11405  0.118386  -60
11410  0.117295  -60
11415  0.116214  -60
11420  0.115143  -60
11425  0.114081  -60
11430  0.11303  -60
11435  0.111988  -60
11440  0.110956  -60
11445  0.109933  -60
11450  0.10892  -60
11455  0.107916  -60
11460  0.106922  -60
11465  0.105936  -60
11470  0.10496  -60
11475  0.103993  -60
11480  0.103034  -60
11485  0.102085  -60
11490  0.101144  -60
11495  0.100212  -60
11500  0.0992884  -60
11505  0.0983735  -60
11510  0.0974669  -60
11515  0.0965687  -60
11520  0.0956788  -60
11525  0.0947971  -60
11530  0.0939235  -60
11535  0.093058  -60
11540  0.0922005  -60
11545  0.0913509  -60
11550  0.0905091  -60
11555  0.0896751  -60
11560  0.0888488  -60
11565  0.0880301  -60
11570  0.087219  -60
11575  0.0864153  -60
11580  0.0856191  -60
11585  0.0848302  -60
11590  0.0840486  -60
11595  0.0832741  -60
11600  0.0825069  -60
11605  0.0817467  -60
11610  0.0809935  -60
11615  0.0802473  -60
11620  0.0795079  -60
11625  0.0787754  -60
11630  0.0780497  -60
11635  0.0773306  -60
11640  0.0766182  -60
11645  0.0759123  -60
11650  0.0752129  -60
11655  0.07452  -60
11660  0.0738335  -60
11665  0.0731533  -60
11670  0.0724794  -60
11675  0.0718118  -60
11680  0.0711502  -60
11685  0.0704948  -60
11690  0.0698454  -60
11695  0.0692021  -60
11700  0.0685646  -60
11705  0.067933  -60
11710  0.0673073  -60
11715  0.0666873  -60
11720  0.0660731  -60
11725  0.0654645  -60
11730  0.0648615  -60
11735  0.0642641  -60
11740  0.0636722  -60
11745  0.0630858  -60
11750  0.0625047  -60
11755  0.0619291  -60
11760  0.0613587  -60
11765  0.0607936  -60
11770  0.0602337  -60
11775  0.059679  -60
11780  0.0591294  -60
11785  0.0585849  -60
11790  0.0580454  -60
11795  0.0575108  -60
11800  0.0569812  -60
11805  0.0564565  -60
11810  0.0559366  -60
11815  0.0554216  -60
11820  0.0549112  -60
11825  0.0544056  -60
11830  0.0539047  -60
11835  0.0534083  -60
11840  0.0529166  -60
11845  0.0524294  -60
11850  0.0519466  -60
11855  0.0514684  -60
11860  0.0509945  -60
11865  0.050525  -60
11870  0.0500599  -60
11875  0.049599  -60
11880  0.0491424  -60
11885  0.04869  -60
11890  0.0482418  -60
11895  0.0477977  -60
11900  0.0473577  -60
11905  0.0469217  -60
11910  0.0464898  -60
11915  0.0460619  -60
11920  0.0456379  -60
11925  0.0452178  -60
11930  0.0448016  -60
11935  0.0443893  -60
11940  0.0439807  -60
11945  0.0435759  -60
11950  0.0431749  -60
11955  0.0427775  -60
11960  0.0423838  -60
11965  0.0419938  -60
11970  0.0416073  -60
11975  0.0412244  -60
11980  0.0408451  -60
11985  0.0404692  -60
11990  0.0400968  -60
11995  0.0397279  -60
12000  0.0393623  -60
12005  0.0390001  -60
12010  0.0386413  -60
12015  0.0382858  -60
12020  0.0379335  -60
12025  0.0375845  -60
12030  0.0372387  -60
12035  0.0368961  -60
12040  0.0365567  -60
12045  0.0362204  -60
12050  0.0358872  -60
12055  0.0355571  -60
12060  0.03523  -60
12065  0.034906  -60
12070  0.0345849  -60
12075  0.0342668  -60
12080  0.0339516  -60
12085  0.0336393  -60
12090  0.0333299  -60
12095  0.0330234  -60
12100  0.0327197  -60
12105  0.0324188  -60
12110  0.0321207  -60
12115  0.0318253  -60
12120  0.0315327  -60
12125  0.0312427  -60
12130  0.0309554  -60
12135  0.0306708  -60
12140  0.0303888  -60
12145  0.0301094  -60
12150  0.0298326  -60
12155  0.0295583  -60
12160  0.0292866  -60
12165  0.0290173  -60
12170  0.0287506  -60
12175  0.0284863  -60
12180  0.0282244  -60
12185  0.027965  -60
12190  0.027708  -60
12195  0.0274533  -60
12200  0.027201  -60
12205  0.026951  -60
12210  0.0267033  -60
12215  0.0264579  -60
12220  0.0262148  -60
12225  0.0259739  -60
12230  0.0257352  -60
12235  0.0254987  -60
12240  0.0252644  -60
12245  0.0250323  -60
12250  0.0248023  -60
12255  0.0245744  -60
12260  0.0243487  -60
12265  0.024125  -60
12270  0.0239034  -60
12275  0.0236838  -60
12280  0.0234663  -60
12285  0.0232507  -60
12290  0.0230372  -60
12295  0.0228256  -60
12300  0.022616  -60
12305  0.0224083  -60
12310  0.0222025  -60
12315  0.0219986  -60
12320  0.0217966  -60
12325  0.0215965  -60
12330  0.0213982  -60
12335  0.0212017  -60
12340  0.0210071  -60
12345  0.0208142  -60
12350  0.0206231  -60
12355  0.0204338  -60
12360  0.0202463  -60
12365  0.0200604  -60
12370  0.0198763  -60
12375  0.0196939  -60
12380  0.0195131  -60
12385  0.0193341  -60
12390  0.0191566  -60
12395  0.0189809  -60
12400  0.0188067  -60
12405  0.0186341  -60
12410  0.0184632  -60
12415  0.0182938  -60
12420  0.018126  -60
12425  0.0179597  -60
12430  0.0177949  -60
12435  0.0176317  -60
12440  0.01747  -60
12445  0.0173098  -60
12450  0.017151  -60
12455  0.0169937  -60
12460  0.0168379  -60
12465  0.0166835  -60
12470  0.0165306  -60
12475  0.016379  -60
12480  0.0162288  -60
12485  0.0160801  -60
12490  0.0159327  -60
12495  0.0157866  -60
12500  0.0156419  -60
12505  0.0154986  -60
12510  0.0153565  -60
12515  0.0152158  -60
12520  0.0150764  -60
12525  0.0149382  -60
12530  0.0148013  -60
12535  0.0146657  -60
12540  0.0145314  -60
12545  0.0143983  -60
12550  0.0142664  -60
12555  0.0141357  -60
12560  0.0140062  -60
12565  0.013878  -60
12570  0.0137509  -60
12575  0.013625  -60
12580  0.0135002  -60
12585  0.0133766  -60
12590  0.0132541  -60
12595  0.0131328  -60
12600  0.0130126  -60
12605  0.0128935  -60
12610  0.0127755  -60
12615  0.0126586  -60
12620  0.0125427  -60
12625  0.012428  -60
12630  0.0123142  -60
12635  0.0122016  -60
12640  0.01209  -60
12645  0.0119794  -60
12650  0.0118698  -60
12655  0.0117612  -60
12660  0.0116537  -60
12665  0.0115471  -60
12670  0.0114415  -60
12675  0.0113369  -60
12680  0.0112332  -60
12685  0.0111306  -60
12690  0.0110288  -60
12695  0.010928  -60
12700  0.0108281  -60
12705  0.0107292  -60
12710  0.0106311  -60
12715  0.010534  -60
12720  0.0104378  -60
12725  0.0103424  -60
12730  0.0102479  -60
12735  0.0101543  -60
12740  0.0100616  -60
12745  0.00996971  -60
12750  0.00987867  -60
12755  0.00978848  -60
12760  0.00969911  -60
12765  0.00961057  -60
12770  0.00952285  -60
12775  0.00943594  -60
12780  0.00934983  -60
12785  0.00926451  -60
12790  0.00917998  -60
12795  0.00909623  -60
12800  0.00901325  -60
12805  0.00893104  -60
12810  0.00884959  -60
12815  0.00876889  -60
12820  0.00868893  -60
12825  0.00860971  -60
12830  0.00853122  -60
12835  0.00845345  -60
12840  0.00837641  -60
12845  0.00830007  -60
12850  0.00822444  -60
12855  0.0081495  -60
12860  0.00807526  -60
12865  0.0080017  -60
12870  0.00792882  -60
12875  0.00785661  -60
12880  0.00778507  -60
12885  0.00771419  -60
12890  0.00764396  -60
12895  0.00757438  -60
12900  0.00750544  -60
12905  0.00743714  -60
12910  0.00736947  -60
12915  0.00730242  -60
12920  0.00723599  -60
12925  0.00717017  -60
12930  0.00710496  -60
12935  0.00704035  -60
12940  0.00697634  -60
12945  0.00691292  -60
12950  0.00685008  -60
12955  0.00678783  -60
12960  0.00672614  -60
12965  0.00666503  -60
12970  0.00660448  -60
12975  0.00654449  -60
12980  0.00648505  -60
12985  0.00642616  -60
12990  0.00636782  -60
12995  0.00631001  -60
13000  0.00625274  -60
13005  0.00619599  -60
13010  0.00613977  -60
13015  0.00608406  -60
13020  0.00602887  -60
13025  0.00597419  -60
13030  0.00592001  -60
13035  0.00586634  -60
13040  0.00581316  -60
13045  0.00576047  -60
13050  0.00570826  -60
13055  0.00565654  -60
13060  0.00560529  -60
13065  0.00555452  -60
13070  0.00550421  -60
13075  0.00545437  -60
13080  0.00540499  -60
13085  0.00535606  -60
13090  0.00530759  -60
13095  0.00525956  -60
13100  0.00521198  -60
13105  0.00516483  -60
13110  0.00511812  -60
13115  0.00507184  -60
13120  0.00502599  -60
13125  0.00498056  -60
13130  0.00493555  -60
13135  0.00489095  -60
13140  0.00484677  -60
13145  0.00480299  -60
13150  0.00475962  -60
13155  0.00471665  -60
13160  0.00467407  -60
13165  0.00463189  -60
13170  0.0045901  -60
13175  0.00454869  -60
13180  0.00450766  -60
13185  0.00446701  -60
13190  0.00442674  -60
13195  0.00438684  -60
13200  0.00434731  -60
13205  0.00430814  -60
13210  0.00426933  -60
13215  0.00423088  -60
13220  0.00419279  -60
13225  0.00415504  -60
13230  0.00411765  -60
13235  0.0040806  -60
13240  0.00404389  -60
13245  0.00400752  -60
13250  0.00397149  -60
13255  0.00393578  -60
13260  0.00390041  -60
13265  0.00386537  -60
13270  0.00383064  -60
13275  0.00379624  -60
13280  0.00376216  -60
13285  0.00372838  -60
13290  0.00369493  -60
13295  0.00366177  -60
13300  0.00362893  -60
13305  0.00359639  -60
13310  0.00356415  -60
13315  0.0035322  -60
13320  0.00350055  -60
13325  0.0034692  -60
13330  0.00343813  -60
13335  0.00340735  -60
13340  0.00337685  -60
13345  0.00334663  -60
13350  0.00331669  -60
13355  0.00328703  -60
13360  0.00325765  -60
13365  0.00322853  -60
13370  0.00319968  -60
13375  0.0031711  -60
13380  0.00314278  -60
13385  0.00311472  -60
13390  0.00308693  -60
13395  0.00305938  -60
13400  0.0030321  -60
13405  0.00300506  -60
13410  0.00297827  -60
13415  0.00295173  -60
13420  0.00292544  -60
13425  0.00289939  -60
13430  0.00287358  -60
13435  0.002848  -60
13440  0.00282267  -60
13445  0.00279756  -60
13450  0.00277269  -60
13455  0.00274805  -60
13460  0.00272363  -60
13465  0.00269944  -60
13470  0.00267547  -60
13475  0.00265173  -60
13480  0.0026282  -60
13485  0.00260489  -60
13490  0.00258179  -60
13495  0.00255891  -60
13500  0.00253624  -60
13505  0.00251378  -60
13510  0.00249153  -60
13515  0.00246948  -60
13520  0.00244763  -60
13525  0.00242599  -60
13530  0.00240454  -60
13535  0.0023833  -60
13540  0.00236224  -60
13545  0.00234139  -60
13550  0.00232072  -60
13555  0.00230025  -60
13560  0.00227997  -60
13565  0.00225987  -60
13570  0.00223996  -60
13575  0.00222023  -60
13580  0.00220068  -60
13585  0.00218131  -60
13590  0.00216213  -60
13595  0.00214312  -60
13600  0.00212428  -60
13605  0.00210562  -60
13610  0.00208713  -60
13615  0.00206881  -60
13620  0.00205066  -60
13625  0.00203268  -60
13630  0.00201486  -60
13635  0.00199721  -60
13640  0.00197972  -60
13645  0.00196239  -60
13650  0.00194523  -60
13655  0.00192822  -60
13660  0.00191136  -60
13665  0.00189467  -60
13670  0.00187812  -60
13675  0.00186173  -60
13680  0.00184549  -60
13685  0.0018294  -60
13690  0.00181346  -60
13695  0.00179767  -60
13700  0.00178202  -60
13705  0.00176652  -60
13710  0.00175116  -60
13715  0.00173594  -60
13720  0.00172086  -60
13725  0.00170592  -60
13730  0.00169112  -60
13735  0.00167645  -60
13740  0.00166192  -60
13745  0.00164752  -60
13750  0.00163326  -60
13755  0.00161913  -60
13760  0.00160513  -60
13765  0.00159126  -60
13770  0.00157751  -60
13775  0.00156389  -60
13780  0.0015504  -60
13785  0.00153703  -60
13790  0.00152379  -60
13795  0.00151067  -60
13800  0.00149767  -60
13805  0.00148479  -60
13810  0.00147203  -60
13815  0.00145938  -60
13820  0.00144685  -60
13825  0.00143444  -60
13830  0.00142214  -60
13835  0.00140996  -60
13840  0.00139789  -60
13845  0.00138593  -60
13850  0.00137408  -60
13855  0.00136234  -60
13860  0.0013507  -60
13865  0.00133918  -60
13870  0.00132776  -60
13875  0.00131645  -60
13880  0.00130524  -60
13885  0.00129413  -60
13890  0.00128313  -60
13895  0.00127223  -60
13900  0.00126143  -60
13905  0.00125072  -60
13910  0.00124012  -60
13915  0.00122962  -60
13920  0.00121921  -60
13925  0.0012089  -60
13930  0.00119868  -60
13935  0.00118856  -60
13940  0.00117853  -60
13945  0.00116859  -60
13950  0.00115874  -60
13955  0.00114899  -60
13960  0.00113933  -60
13965  0.00112975  -60
13970  0.00112026  -60
13975  0.00111086  -60
13980  0.00110155  -60
13985  0.00109233  -60
13990  0.00108318  -60
13995  0.00107413  -60
14000  0.00106515  -60
14005  0.00105626  -60
14010  0.00104745  -60
14015  0.00103872  -60
14020  0.00103008  -60
14025  0.00102151  -60
14030  0.00101302  -60
14035  0.00100461  -60
14040  0.000996279  -60
14045  0.000988024  -60
14050  0.000979844  -60
14055  0.00097174  -60
14060  0.000963711  -60
14065  0.000955756  -60
14070  0.000947874  -60
14075  0.000940065  -60
14080  0.000932328  -60
14085  0.000924663  -60
14090  0.000917068  -60
14095  0.000909543  -60
14100  0.000902087  -60
14105  0.000894701  -60
14110  0.000887382  -60
14115  0.000880131  -60
14120  0.000872947  -60
14125  0.000865829  -60
14130  0.000858777  -60
14135  0.00085179  -60
14140  0.000844867  -60
14145  0.000838008  -60
14150  0.000831213  -60
14155  0.00082448  -60
14160  0.000817809  -60
14165  0.0008112  -60
14170  0.000804652  -60
14175  0.000798164  -60
14180  0.000791736  -60
14185  0.000785367  -60
14190  0.000779057  -60
14195  0.000772805  -60
14200  0.000766611  -60
14205  0.000760474  -60
14210  0.000754394  -60
14215  0.00074837  -60
14220  0.000742401  -60
14225  0.000736488  -60
14230  0.000730629  -60
14235  0.000724824  -60
14240  0.000719072  -60
14245  0.000713374  -60
14250  0.000707728  -60
14255  0.000702134  -60
14260  0.000696592  -60
14265  0.000691101  -60
14270  0.000685661  -60
14275  0.000680271  -60
14280  0.00067493  -60
14285  0.000669639  -60
14290  0.000664397  -60
14295  0.000659203  -60
14300  0.000654057  -60
14305  0.000648958  -60
14310  0.000643906  -60
14315  0.000638901  -60
14320  0.000633943  -60
14325  0.00062903  -60
14330  0.000624162  -60
14335  0.000619339  -60
14340  0.000614561  -60
14345  0.000609826  -60
14350  0.000605136  -60
14355  0.000600489  -60
14360  0.000595884  -60
14365  0.000591322  -60
14370  0.000586802  -60
14375  0.000582324  -60
14380  0.000577887  -60
14385  0.000573491  -60
14390  0.000569136  -60
14395  0.000564821  -60
14400  0.000560545  -60
14405  0.000556309  -60
14410  0.000552112  -60
14415  0.000547954  -60
14420  0.000543834  -60
14425  0.000539753  -60
14430  0.000535708  -60
14435  0.000531702  -60
14440  0.000527732  -60
14445  0.000523798  -60
14450  0.000519901  -60
14455  0.00051604  -60
14460  0.000512215  -60
14465  0.000508425  -60
14470  0.00050467  -60
14475  0.000500949  -60
14480  0.000497263  -60
14485  0.000493611  -60
14490  0.000489992  -60
14495  0.000486407  -60
14500  0.000482855  -60
14505  0.000479336  -60
14510  0.000475849  -60
14515  0.000472394  -60
14520  0.000468972  -60
14525  0.00046558  -60
14530  0.00046222  -60
14535  0.000458892  -60
14540  0.000455593  -60
14545  0.000452326  -60
14550  0.000449088  -60
14555  0.00044588  -60
14560  0.000442702  -60
14565  0.000439553  -60
14570  0.000436433  -60
14575  0.000433342  -60
14580  0.00043028  -60
14585  0.000427245  -60
14590  0.000424239  -60
14595  0.000421261  -60
14600  0.000418309  -60
14605  0.000415386  -60
14610  0.000412489  -60
14615  0.000409619  -60
14620  0.000406775  -60
14625  0.000403957  -60
14630  0.000401166  -60
14635  0.0003984  -60
14640  0.00039566  -60
14645  0.000392945  -60
14650  0.000390255  -60
14655  0.00038759  -60
14660  0.00038495  -60
14665  0.000382334  -60
14670  0.000379742  -60
14675  0.000377174  -60
14680  0.000374629  -60
14685  0.000372108  -60
14690  0.000369611  -60
14695  0.000367136  -60
14700  0.000364684  -60
14705  0.000362255  -60
14710  0.000359848  -60
14715  0.000357464  -60
14720  0.000355101  -60
14725  0.000352761  -60
14730  0.000350441  -60
14735  0.000348144  -60
14740  0.000345867  -60
14745  0.000343612  -60
14750  0.000341377  -60
14755  0.000339163  -60
14760  0.000336969  -60
14765  0.000334795  -60
14770  0.000332642  -60
14775  0.000330508  -60
14780  0.000328395  -60
14785  0.0003263  -60
14790  0.000324225  -60
14795  0.000322169  -60
14800  0.000320132  -60
14805  0.000318114  -60
14810  0.000316114  -60
14815  0.000314133  -60
14820  0.000312171  -60
14825  0.000310226  -60
14830  0.000308299  -60
14835  0.00030639  -60
14840  0.000304499  -60
14845  0.000302625  -60
14850  0.000300768  -60
14855  0.000298928  -60
14860  0.000297106  -60
14865  0.0002953  -60
14870  0.000293511  -60
14875  0.000291738  -60
14880  0.000289982  -60
14885  0.000288242  -60
14890  0.000286518  -60
14895  0.00028481  -60
14900  0.000283118  -60
14905  0.000281441  -60
14910  0.00027978  -60
14915  0.000278134  -60
14920  0.000276503  -60
14925  0.000274887  -60
14930  0.000273287  -60
14935  0.000271701  -60
14940  0.000270129  -60
14945  0.000268572  -60
14950  0.00026703  -60
14955  0.000265502  -60
14960  0.000263987  -60
