Parameters for equation: a1*exp(-t/tau1) + a2*exp(-t/tau2)
                     or  a*ar*exp(-t/tau1) + a*(1-ar)*exp(-t/tau2)
                   a*ar=a1 ,  a*(1-ar) = a2 ,  ar = a1/(a1+a2) ,  a = a1 + a2

   iat = -1.81101   t0 = 11000

 Experimental: 
   RMS(i_sim*iat vs i_exp) = 4.91639e-05   tau1 = 25   tau2 = 210   a = 1   ar = 0.9   a1 = 0.9   a2 = 0.1

 LevMar Fitting: 
   RMS(i_sim/a vs i_fit/a) = 5.8909e-06   tau1 = 72.8085   tau2 = 206.12   a = -0.231678   ar = 1   a1 = -0.231678   a2 = -0

 t-t0  ,  i_exp/iat  ,  i_sim  ,  i_fit  ,  ,  i_exp  ,  i_sim*iat  ,  i_fit*iat  ,  ,  i_exp/iat/a  ,  i_sim/a  ,  i_fit/a
39.5 , -0.148112 , -0.134155 , -0.13467 ,  ,  0.268231 , 0.242956 , 0.243889 ,  ,  0.639298 , 0.579059 , 0.581282 , 
79.105 , -0.0588821 , -0.0813606 , -0.0781687 ,  ,  0.106636 , 0.147345 , 0.141564 ,  ,  0.254155 , 0.351179 , 0.337402 , 
118.71 , -0.0356811 , -0.0443358 , -0.0453726 ,  ,  0.0646188 , 0.0802924 , 0.0821701 ,  ,  0.154011 , 0.191368 , 0.195843 , 
158.315 , -0.0268653 , -0.0238551 , -0.0263363 ,  ,  0.0486534 , 0.0432018 , 0.0476952 ,  ,  0.11596 , 0.102967 , 0.113676 , 
197.92 , -0.0216975 , -0.0128158 , -0.0152867 ,  ,  0.0392943 , 0.0232095 , 0.0276844 ,  ,  0.0936534 , 0.0553173 , 0.0659826 , 
237.525 , -0.0178553 , -0.00688428 , -0.00887311 ,  ,  0.032336 , 0.0124675 , 0.0160693 ,  ,  0.0770692 , 0.0297148 , 0.0382993 , 
277.13 , -0.0147632 , -0.0036982 , -0.00515034 ,  ,  0.0267362 , 0.00669747 , 0.00932732 ,  ,  0.0637228 , 0.0159627 , 0.0222306 , 
316.735 , -0.012221 , -0.00198676 , -0.00298949 ,  ,  0.0221323 , 0.00359805 , 0.00541399 ,  ,  0.0527497 , 0.00857553 , 0.0129036 , 
356.34 , -0.0101195 , -0.00106739 , -0.00173523 ,  ,  0.0183264 , 0.00193306 , 0.00314252 ,  ,  0.043679 , 0.00460722 , 0.00748984 , 
395.945 , -0.00837995 , -0.000573485 , -0.00100721 ,  ,  0.0151762 , 0.00103859 , 0.00182406 ,  ,  0.0361706 , 0.00247535 , 0.00434743 , 
435.55 , -0.00693958 , -0.000308137 , -0.000584627 ,  ,  0.0125676 , 0.000558038 , 0.00105876 ,  ,  0.0299535 , 0.00133002 , 0.00252344 , 
475.155 , -0.00574681 , -0.000165576 , -0.000339344 ,  ,  0.0104075 , 0.000299859 , 0.000614554 ,  ,  0.0248051 , 0.000714679 , 0.00146472 , 
514.76 , -0.00475905 , -8.89812e-05 , -0.00019697 ,  ,  0.00861868 , 0.000161146 , 0.000356714 ,  ,  0.0205416 , 0.000384072 , 0.000850188 , 
554.365 , -0.00394107 , -4.78283e-05 , -0.00011433 ,  ,  0.00713732 , 8.66175e-05 , 0.000207053 ,  ,  0.017011 , 0.000206443 , 0.000493487 , 
593.97 , -0.00326369 , -2.57173e-05 , -6.63623e-05 ,  ,  0.00591057 , 4.65742e-05 , 0.000120183 ,  ,  0.0140872 , 0.000111004 , 0.000286442 , 
633.575 , -0.00270273 , -1.38371e-05 , -3.85197e-05 ,  ,  0.00489467 , 2.50591e-05 , 6.97594e-05 ,  ,  0.0116659 , 5.97255e-05 , 0.000166264 , 
673.18 , -0.00223819 , -7.45384e-06 , -2.23585e-05 ,  ,  0.00405338 , 1.3499e-05 , 4.04915e-05 ,  ,  0.00966077 , 3.21732e-05 , 9.65068e-05 , 
712.785 , -0.00185349 , -4.02409e-06 , -1.29779e-05 ,  ,  0.00335669 , 7.28766e-06 , 2.3503e-05 ,  ,  0.00800029 , 1.73693e-05 , 5.60168e-05 , 
752.39 , -0.00153492 , -2.18126e-06 , -7.53294e-06 ,  ,  0.00277975 , 3.95027e-06 , 1.36422e-05 ,  ,  0.00662521 , 9.41502e-06 , 3.25147e-05 , 
791.995 , -0.0012711 , -1.19108e-06 , -4.37245e-06 ,  ,  0.00230197 , 2.15706e-06 , 7.91855e-06 ,  ,  0.00548648 , 5.14111e-06 , 1.8873e-05 , 
831.6 , -0.00105262 , -6.59053e-07 , -2.53797e-06 ,  ,  0.00190631 , 1.19355e-06 , 4.59628e-06 ,  ,  0.00454348 , 2.84469e-06 , 1.09547e-05 , 
871.205 , -0.000871701 , -3.73187e-07 , -1.47315e-06 ,  ,  0.00157866 , 6.75844e-07 , 2.66788e-06 ,  ,  0.00376255 , 1.6108e-06 , 6.3586e-06 , 
910.81 , -0.000721875 , -2.19586e-07 , -8.55081e-07 ,  ,  0.00130732 , 3.97673e-07 , 1.54856e-06 ,  ,  0.00311585 , 9.47808e-07 , 3.69081e-06 , 
950.415 , -0.0005978 , -1.37055e-07 , -4.96327e-07 ,  ,  0.00108262 , 2.48208e-07 , 8.98852e-07 ,  ,  0.0025803 , 5.91574e-07 , 2.14231e-06 , 
990.02 , -0.000495051 , -9.27095e-08 , -2.8809e-07 ,  ,  0.000896541 , 1.67898e-07 , 5.21734e-07 ,  ,  0.0021368 , 4.00165e-07 , 1.24349e-06 , 
1029.62 , -0.000409962 , -6.88821e-08 , -1.6722e-07 ,  ,  0.000742445 , 1.24746e-07 , 3.02837e-07 ,  ,  0.00176953 , 2.97318e-07 , 7.21778e-07 , 
1069.23 , -0.000339499 , -5.60792e-08 , -9.70621e-08 ,  ,  0.000614835 , 1.0156e-07 , 1.7578e-07 ,  ,  0.00146539 , 2.42056e-07 , 4.18952e-07 , 
1108.83 , -0.000281146 , -4.92e-08 , -5.63392e-08 ,  ,  0.000509158 , 8.91016e-08 , 1.02031e-07 ,  ,  0.00121352 , 2.12363e-07 , 2.43179e-07 , 
1148.44 , -0.000232823 , -4.55037e-08 , -3.27018e-08 ,  ,  0.000421645 , 8.24076e-08 , 5.92232e-08 ,  ,  0.00100494 , 1.96409e-07 , 1.41152e-07 , 
1188.04 , -0.000192806 , -4.35176e-08 , -1.89816e-08 ,  ,  0.000349173 , 7.88108e-08 , 3.43758e-08 ,  ,  0.000832215 , 1.87836e-07 , 8.19307e-08 , 
1227.65 , -0.000159667 , -4.24505e-08 , -1.10177e-08 ,  ,  0.000289158 , 7.68781e-08 , 1.99532e-08 ,  ,  0.000689175 , 1.8323e-07 , 4.75562e-08 , 
1267.25 , -0.000132224 , -4.18771e-08 , -6.39519e-09 ,  ,  0.000239458 , 7.58397e-08 , 1.15817e-08 ,  ,  0.000570721 , 1.80755e-07 , 2.76037e-08 , 
1306.86 , -0.000109497 , -4.1569e-08 , -3.71205e-09 ,  ,  0.0001983 , 7.52817e-08 , 6.72255e-09 ,  ,  0.000472626 , 1.79425e-07 , 1.60224e-08 , 
1346.46 , -9.0677e-05 , -4.14034e-08 , -2.15464e-09 ,  ,  0.000164217 , 7.49819e-08 , 3.90207e-09 ,  ,  0.000391392 , 1.78711e-07 , 9.30014e-09 , 
1386.07 , -7.50916e-05 , -4.13145e-08 , -1.25065e-09 ,  ,  0.000135991 , 7.48208e-08 , 2.26493e-09 ,  ,  0.00032412 , 1.78327e-07 , 5.39821e-09 , 
1425.67 , -6.2185e-05 , -4.12667e-08 , -7.25932e-10 ,  ,  0.000112617 , 7.47343e-08 , 1.31467e-09 ,  ,  0.000268411 , 1.78121e-07 , 3.13336e-09 , 
1465.28 , -5.14967e-05 , -4.1241e-08 , -4.21363e-10 ,  ,  9.3261e-05 , 7.46878e-08 , 7.63092e-10 ,  ,  0.000222277 , 1.7801e-07 , 1.81874e-09 , 
1504.88 , -4.26455e-05 , -4.12272e-08 , -2.44578e-10 ,  ,  7.72314e-05 , 7.46628e-08 , 4.42933e-10 ,  ,  0.000184072 , 1.7795e-07 , 1.05568e-09 , 
1544.49 , -3.53157e-05 , -4.12198e-08 , -1.41964e-10 ,  ,  6.3957e-05 , 7.46494e-08 , 2.57098e-10 ,  ,  0.000152434 , 1.77918e-07 , 6.12763e-10 , 
1584.09 , -2.92457e-05 , -4.12158e-08 , -8.24022e-11 ,  ,  5.29642e-05 , 7.46421e-08 , 1.49231e-10 ,  ,  0.000126234 , 1.77901e-07 , 3.55675e-10 , 
1623.7 , -2.4219e-05 , -4.12137e-08 , -4.78299e-11 ,  ,  4.38608e-05 , 7.46383e-08 , 8.66203e-11 ,  ,  0.000104537 , 1.77892e-07 , 2.0645e-10 , 
1663.3 , -2.00563e-05 , -4.12125e-08 , -2.77626e-11 ,  ,  3.63221e-05 , 7.46362e-08 , 5.02783e-11 ,  ,  8.65695e-05 , 1.77887e-07 , 1.19833e-10 , 
1702.91 , -1.6609e-05 , -4.12119e-08 , -1.61146e-11 ,  ,  3.00791e-05 , 7.46351e-08 , 2.91837e-11 ,  ,  7.16901e-05 , 1.77884e-07 , 6.95561e-11 , 
1742.51 , -1.37543e-05 , -4.12116e-08 , -9.35366e-12 ,  ,  2.49091e-05 , 7.46345e-08 , 1.69395e-11 ,  ,  5.93681e-05 , 1.77883e-07 , 4.03735e-11 , 
1782.12 , -1.13902e-05 , -4.12114e-08 , -5.42928e-12 ,  ,  2.06278e-05 , 7.46341e-08 , 9.83247e-12 ,  ,  4.9164e-05 , 1.77882e-07 , 2.34346e-11 , 
1821.72 , -9.4325e-06 , -4.12113e-08 , -3.15139e-12 ,  ,  1.70823e-05 , 7.4634e-08 , 5.7072e-12 ,  ,  4.07138e-05 , 1.77882e-07 , 1.36025e-11 , 
1861.33 , -7.81125e-06 , -4.12112e-08 , -1.82921e-12 ,  ,  1.41462e-05 , 7.46339e-08 , 3.31271e-12 ,  ,  3.3716e-05 , 1.77881e-07 , 7.89547e-12 , 
1900.93 , -6.46867e-06 , -4.12112e-08 , -1.06175e-12 ,  ,  1.17148e-05 , 7.46338e-08 , 1.92285e-12 ,  ,  2.79209e-05 , 1.77881e-07 , 4.58288e-12 , 
1940.54 , -5.35684e-06 , -4.12112e-08 , -6.16289e-13 ,  ,  9.70129e-06 , 7.46338e-08 , 1.11611e-12 ,  ,  2.31219e-05 , 1.77881e-07 , 2.66011e-12 , 
1980.14 , -4.43612e-06 , -4.12112e-08 , -3.57722e-13 ,  ,  8.03385e-06 , 7.46338e-08 , 6.47837e-13 ,  ,  1.91478e-05 , 1.77881e-07 , 1.54405e-12 , 
2019.75 , -3.67365e-06 , -4.12112e-08 , -2.07638e-13 ,  ,  6.653e-06 , 7.46338e-08 , 3.76033e-13 ,  ,  1.58567e-05 , 1.77881e-07 , 8.96233e-13 , 
2059.35 , -3.04223e-06 , -4.12112e-08 , -1.20522e-13 ,  ,  5.5095e-06 , 7.46338e-08 , 2.18267e-13 ,  ,  1.31313e-05 , 1.77881e-07 , 5.20213e-13 , 
2098.96 , -2.51933e-06 , -4.12112e-08 , -6.99564e-14 ,  ,  4.56253e-06 , 7.46338e-08 , 1.26692e-13 ,  ,  1.08743e-05 , 1.77881e-07 , 3.01955e-13 , 
2138.56 , -2.08631e-06 , -4.12112e-08 , -4.06058e-14 ,  ,  3.77833e-06 , 7.46338e-08 , 7.35374e-14 ,  ,  9.00522e-06 , 1.77881e-07 , 1.75268e-13 , 
2178.17 , -1.72772e-06 , -4.12112e-08 , -2.35694e-14 ,  ,  3.12892e-06 , 7.46338e-08 , 4.26844e-14 ,  ,  7.45742e-06 , 1.77881e-07 , 1.01733e-13 , 
2217.77 , -1.43076e-06 , -4.12112e-08 , -1.36807e-14 ,  ,  2.59112e-06 , 7.46338e-08 , 2.47759e-14 ,  ,  6.17565e-06 , 1.77881e-07 , 5.90506e-14 , 
2257.38 , -1.18485e-06 , -4.12112e-08 , -7.94091e-15 ,  ,  2.14577e-06 , 7.46338e-08 , 1.4381e-14 ,  ,  5.11419e-06 , 1.77881e-07 , 3.42756e-14 , 
2296.98 , -9.81197e-07 , -4.12112e-08 , -4.60926e-15 ,  ,  1.77696e-06 , 7.46338e-08 , 8.3474e-15 ,  ,  4.23517e-06 , 1.77881e-07 , 1.98951e-14 , 
2336.59 , -8.1255e-07 , -4.12112e-08 , -2.67542e-15 ,  ,  1.47154e-06 , 7.46338e-08 , 4.8452e-15 ,  ,  3.50724e-06 , 1.77881e-07 , 1.1548e-14 , 
2376.19 , -6.72891e-07 , -4.12112e-08 , -1.55293e-15 ,  ,  1.21861e-06 , 7.46338e-08 , 2.81237e-15 ,  ,  2.90442e-06 , 1.77881e-07 , 6.70296e-15 , 
2415.8 , -5.57235e-07 , -4.12112e-08 , -9.0139e-16 ,  ,  1.00916e-06 , 7.46338e-08 , 1.63243e-15 ,  ,  2.40521e-06 , 1.77881e-07 , 3.8907e-15 , 
2455.4 , -4.61459e-07 , -4.12112e-08 , -5.23207e-16 ,  ,  8.35705e-07 , 7.46338e-08 , 9.47532e-16 ,  ,  1.99181e-06 , 1.77881e-07 , 2.25833e-15 , 
2495.01 , -3.82144e-07 , -4.12112e-08 , -3.03693e-16 ,  ,  6.92066e-07 , 7.46338e-08 , 5.4999e-16 ,  ,  1.64946e-06 , 1.77881e-07 , 1.31084e-15 , 
2534.61 , -3.16462e-07 , -4.12112e-08 , -1.76277e-16 ,  ,  5.73114e-07 , 7.46338e-08 , 3.19239e-16 ,  ,  1.36595e-06 , 1.77881e-07 , 7.60869e-16 , 
2574.22 , -2.62069e-07 , -4.12112e-08 , -1.02319e-16 ,  ,  4.74609e-07 , 7.46338e-08 , 1.853e-16 ,  ,  1.13118e-06 , 1.77881e-07 , 4.41642e-16 , 
2613.82 , -2.17025e-07 , -4.12112e-08 , -5.93904e-17 ,  ,  3.93034e-07 , 7.46338e-08 , 1.07556e-16 ,  ,  9.36751e-07 , 1.77881e-07 , 2.56349e-16 , 
2653.43 , -1.79723e-07 , -4.12112e-08 , -3.44728e-17 ,  ,  3.2548e-07 , 7.46338e-08 , 6.24306e-17 ,  ,  7.75743e-07 , 1.77881e-07 , 1.48796e-16 , 
2693.03 , -1.48832e-07 , -4.12112e-08 , -2.00096e-17 ,  ,  2.69537e-07 , 7.46338e-08 , 3.62375e-17 ,  ,  6.4241e-07 , 1.77881e-07 , 8.63679e-17 , 
2732.64 , -1.23251e-07 , -4.12112e-08 , -1.16144e-17 ,  ,  2.23209e-07 , 7.46338e-08 , 2.10338e-17 ,  ,  5.31994e-07 , 1.77881e-07 , 5.01318e-17 , 
2772.24 , -1.02067e-07 , -4.12112e-08 , -6.74154e-18 ,  ,  1.84844e-07 , 7.46338e-08 , 1.2209e-17 ,  ,  4.40555e-07 , 1.77881e-07 , 2.90987e-17 , 
2811.85 , -8.4524e-08 , -4.12112e-08 , -3.91309e-18 ,  ,  1.53074e-07 , 7.46338e-08 , 7.08663e-18 ,  ,  3.64833e-07 , 1.77881e-07 , 1.68902e-17 , 
2851.45 , -6.99961e-08 , -4.12112e-08 , -2.27133e-18 ,  ,  1.26764e-07 , 7.46338e-08 , 4.1134e-18 ,  ,  3.02126e-07 , 1.77881e-07 , 9.80381e-18 , 
2891.06 , -5.79653e-08 , -4.12112e-08 , -1.31838e-18 ,  ,  1.04976e-07 , 7.46338e-08 , 2.3876e-18 ,  ,  2.50197e-07 , 1.77881e-07 , 5.69057e-18 , 
2930.66 , -4.80023e-08 , -4.12112e-08 , -7.65247e-19 ,  ,  8.69326e-08 , 7.46338e-08 , 1.38587e-18 ,  ,  2.07194e-07 , 1.77881e-07 , 3.30306e-18 , 
2970.27 , -3.97518e-08 , -4.12112e-08 , -4.44183e-19 ,  ,  7.19908e-08 , 7.46338e-08 , 8.0442e-19 ,  ,  1.71582e-07 , 1.77881e-07 , 1.91724e-18 , 
3009.87 , -3.29193e-08 , -4.12112e-08 , -2.57824e-19 ,  ,  5.96171e-08 , 7.46338e-08 , 4.66921e-19 ,  ,  1.42091e-07 , 1.77881e-07 , 1.11285e-18 , 
3049.48 , -2.72612e-08 , -4.12112e-08 , -1.49652e-19 ,  ,  4.93702e-08 , 7.46338e-08 , 2.71022e-19 ,  ,  1.17668e-07 , 1.77881e-07 , 6.45949e-19 , 
3089.08 , -2.25756e-08 , -4.12112e-08 , -8.68649e-20 ,  ,  4.08845e-08 , 7.46338e-08 , 1.57313e-19 ,  ,  9.74437e-08 , 1.77881e-07 , 3.74938e-19 , 
3128.69 , -1.86953e-08 , -4.12112e-08 , -5.04203e-20 ,  ,  3.38574e-08 , 7.46338e-08 , 9.13115e-20 ,  ,  8.06952e-08 , 1.77881e-07 , 2.17631e-19 , 
3168.29 , -1.5482e-08 , -4.12112e-08 , -2.92662e-20 ,  ,  2.8038e-08 , 7.46338e-08 , 5.30013e-20 ,  ,  6.68254e-08 , 1.77881e-07 , 1.26322e-19 , 
3207.9 , -1.2821e-08 , -4.12112e-08 , -1.69874e-20 ,  ,  2.32189e-08 , 7.46338e-08 , 3.07643e-20 ,  ,  5.53396e-08 , 1.77881e-07 , 7.33232e-20 , 
3247.5 , -1.06173e-08 , -4.12112e-08 , -9.86023e-21 ,  ,  1.92281e-08 , 7.46338e-08 , 1.7857e-20 ,  ,  4.58279e-08 , 1.77881e-07 , 4.256e-20 , 
3287.11 , -8.79244e-09 , -4.12112e-08 , -5.72332e-21 ,  ,  1.59232e-08 , 7.46338e-08 , 1.0365e-20 ,  ,  3.79511e-08 , 1.77881e-07 , 2.47037e-20 , 
3326.71 , -7.28121e-09 , -4.12112e-08 , -3.32207e-21 ,  ,  1.31863e-08 , 7.46338e-08 , 6.01629e-21 ,  ,  3.14281e-08 , 1.77881e-07 , 1.43391e-20 , 
3366.32 , -6.02973e-09 , -4.12112e-08 , -1.92828e-21 ,  ,  1.09199e-08 , 7.46338e-08 , 3.49212e-21 ,  ,  2.60263e-08 , 1.77881e-07 , 8.32308e-21 , 
3405.92 , -4.99335e-09 , -4.12112e-08 , -1.11926e-21 ,  ,  9.04299e-09 , 7.46338e-08 , 2.02698e-21 ,  ,  2.15529e-08 , 1.77881e-07 , 4.83108e-21 , 
3445.53 , -4.1351e-09 , -4.12112e-08 , -6.49667e-22 ,  ,  7.4887e-09 , 7.46338e-08 , 1.17655e-21 ,  ,  1.78485e-08 , 1.77881e-07 , 2.80418e-21 , 
3485.13 , -3.42437e-09 , -4.12112e-08 , -3.77095e-22 ,  ,  6.20155e-09 , 7.46338e-08 , 6.82923e-22 ,  ,  1.47807e-08 , 1.77881e-07 , 1.62767e-21 , 
3524.74 , -2.83579e-09 , -4.12112e-08 , -2.18883e-22 ,  ,  5.13564e-09 , 7.46338e-08 , 3.96399e-22 ,  ,  1.22402e-08 , 1.77881e-07 , 9.44771e-22 , 
3564.34 , -2.34838e-09 , -4.12112e-08 , -1.27049e-22 ,  ,  4.25293e-09 , 7.46338e-08 , 2.30087e-22 ,  ,  1.01364e-08 , 1.77881e-07 , 5.48387e-22 , 
3603.95 , -1.94474e-09 , -4.12112e-08 , -7.37451e-23 ,  ,  3.52195e-09 , 7.46338e-08 , 1.33553e-22 ,  ,  8.39416e-09 , 1.77881e-07 , 3.18308e-22 , 
3643.55 , -1.61048e-09 , -4.12112e-08 , -4.28049e-23 ,  ,  2.9166e-09 , 7.46338e-08 , 7.75201e-23 ,  ,  6.95139e-09 , 1.77881e-07 , 1.8476e-22 , 
3683.16 , -1.33368e-09 , -4.12112e-08 , -2.48459e-23 ,  ,  2.4153e-09 , 7.46338e-08 , 4.49961e-23 ,  ,  5.75659e-09 , 1.77881e-07 , 1.07243e-22 , 
3722.76 , -1.10445e-09 , -4.12112e-08 , -1.44217e-23 ,  ,  2.00016e-09 , 7.46338e-08 , 2.61177e-23 ,  ,  4.76716e-09 , 1.77881e-07 , 6.22487e-23 , 
3762.37 , -9.14616e-10 , -4.12112e-08 , -8.37097e-24 ,  ,  1.65638e-09 , 7.46338e-08 , 1.51599e-23 ,  ,  3.94779e-09 , 1.77881e-07 , 3.61319e-23 , 
3801.97 , -7.57414e-10 , -4.12112e-08 , -4.85888e-24 ,  ,  1.37168e-09 , 7.46338e-08 , 8.79948e-24 ,  ,  3.26925e-09 , 1.77881e-07 , 2.09726e-23 , 
3841.58 , -6.27231e-10 , -4.12112e-08 , -2.82031e-24 ,  ,  1.13592e-09 , 7.46338e-08 , 5.10761e-24 ,  ,  2.70734e-09 , 1.77881e-07 , 1.21734e-23 , 
3881.18 , -5.19423e-10 , -4.12112e-08 , -1.63703e-24 ,  ,  9.4068e-10 , 7.46338e-08 , 2.96468e-24 ,  ,  2.242e-09 , 1.77881e-07 , 7.06598e-24 , 
3920.79 , -4.30146e-10 , -4.12112e-08 , -9.50208e-25 ,  ,  7.78997e-10 , 7.46338e-08 , 1.72083e-24 ,  ,  1.85665e-09 , 1.77881e-07 , 4.10141e-24 , 
3960.39 , -3.56213e-10 , -4.12112e-08 , -5.51543e-25 ,  ,  6.45104e-10 , 7.46338e-08 , 9.98849e-25 ,  ,  1.53753e-09 , 1.77881e-07 , 2.38064e-24 , 
