0.005  1.3148e-17  -80
5.005  6.11354e-10  -80
10.005  2.35079e-09  -80
15.005  5.03796e-09  -80
20.005  8.51832e-09  -80
25.005  1.26595e-08  -80
30.005  1.73481e-08  -80
35.005  2.24867e-08  -80
40.005  2.79913e-08  -80
45.005  3.379e-08  -80
50.005  3.98206e-08  -80
55.005  4.60299e-08  -80
60.005  5.23717e-08  -80
65.005  5.88064e-08  -80
70.005  6.53e-08  -80
75.005  7.18232e-08  -80
80.005  7.83509e-08  -80
85.005  8.48614e-08  -80
90.005  9.13365e-08  -80
95.005  9.77604e-08  -80
100.005  1.0412e-07  -80
105.005  1.10404e-07  -80
110.005  1.16602e-07  -80
115.005  1.22708e-07  -80
120.005  1.28715e-07  -80
125.005  1.34616e-07  -80
130.005  1.40409e-07  -80
135.005  1.4609e-07  -80
140.005  1.51656e-07  -80
145.005  1.57106e-07  -80
150.005  1.62438e-07  -80
155.005  1.67652e-07  -80
160.005  1.72747e-07  -80
165.005  1.77725e-07  -80
170.005  1.82584e-07  -80
175.005  1.87326e-07  -80
180.005  1.91952e-07  -80
185.005  1.96464e-07  -80
190.005  2.00863e-07  -80
195.005  2.0515e-07  -80
200.005  2.09327e-07  -80
205.005  2.13396e-07  -80
210.005  2.17359e-07  -80
215.005  2.21218e-07  -80
220.005  2.24975e-07  -80
225.005  2.28632e-07  -80
230.005  2.32191e-07  -80
235.005  2.35654e-07  -80
240.005  2.39024e-07  -80
245.005  2.42303e-07  -80
250.005  2.45492e-07  -80
255.005  2.48594e-07  -80
260.005  2.51611e-07  -80
265.005  2.54544e-07  -80
270.005  2.57397e-07  -80
275.005  2.60171e-07  -80
280.005  2.62869e-07  -80
285.005  2.65491e-07  -80
290.005  2.6804e-07  -80
295.005  2.70518e-07  -80
300.005  2.72927e-07  -80
305.005  2.75269e-07  -80
310.005  2.77545e-07  -80
315.005  2.79757e-07  -80
320.005  2.81907e-07  -80
325.005  2.83997e-07  -80
330.005  2.86028e-07  -80
335.005  2.88002e-07  -80
340.005  2.8992e-07  -80
345.005  2.91784e-07  -80
350.005  2.93595e-07  -80
355.005  2.95356e-07  -80
360.005  2.97066e-07  -80
365.005  2.98729e-07  -80
370.005  3.00344e-07  -80
375.005  3.01913e-07  -80
380.005  3.03438e-07  -80
385.005  3.0492e-07  -80
390.005  3.0636e-07  -80
395.005  3.07759e-07  -80
400.005  3.09119e-07  -80
405.005  3.1044e-07  -80
410.005  3.11723e-07  -80
415.005  3.1297e-07  -80
420.005  3.14182e-07  -80
425.005  3.15359e-07  -80
430.005  3.16503e-07  -80
435.005  3.17614e-07  -80
440.005  3.18694e-07  -80
445.005  3.19743e-07  -80
450.005  3.20763e-07  -80
455.005  3.21753e-07  -80
460.005  3.22715e-07  -80
465.005  3.2365e-07  -80
470.005  3.24559e-07  -80
475.005  3.25441e-07  -80
480.005  3.26299e-07  -80
485.005  3.27132e-07  -80
490.005  3.27941e-07  -80
495.005  3.28728e-07  -80
500.005  3.29492e-07  -80
505.005  3.30234e-07  -80
510.005  3.30955e-07  -80
515.005  3.31656e-07  -80
520.005  3.32337e-07  -80
525.005  3.32998e-07  -80
530.005  3.33641e-07  -80
535.005  3.34265e-07  -80
540.005  3.34872e-07  -80
545.005  3.35461e-07  -80
550.005  3.36034e-07  -80
555.005  3.3659e-07  -80
560.005  3.37131e-07  -80
565.005  3.37656e-07  -80
570.005  3.38166e-07  -80
575.005  3.38662e-07  -80
580.005  3.39144e-07  -80
585.005  3.39611e-07  -80
590.005  3.40066e-07  -80
595.005  3.40508e-07  -80
600.005  3.40937e-07  -80
605.005  3.41354e-07  -80
610.005  3.41759e-07  -80
615.005  3.42152e-07  -80
620.005  3.42535e-07  -80
625.005  3.42906e-07  -80
630.005  3.43267e-07  -80
635.005  3.43618e-07  -80
640.005  3.43958e-07  -80
645.005  3.44289e-07  -80
650.005  3.44611e-07  -80
655.005  3.44923e-07  -80
660.005  3.45227e-07  -80
665.005  3.45522e-07  -80
670.005  3.45808e-07  -80
675.005  3.46086e-07  -80
680.005  3.46357e-07  -80
685.005  3.4662e-07  -80
690.005  3.46875e-07  -80
695.005  3.47123e-07  -80
700.005  3.47364e-07  -80
705.005  3.47598e-07  -80
710.005  3.47825e-07  -80
715.005  3.48046e-07  -80
720.005  3.48261e-07  -80
725.005  3.4847e-07  -80
730.005  3.48672e-07  -80
735.005  3.48869e-07  -80
740.005  3.4906e-07  -80
745.005  3.49246e-07  -80
750.005  3.49427e-07  -80
755.005  3.49602e-07  -80
760.005  3.49773e-07  -80
765.005  3.49938e-07  -80
770.005  3.50099e-07  -80
775.005  3.50255e-07  -80
780.005  3.50407e-07  -80
785.005  3.50555e-07  -80
790.005  3.50698e-07  -80
795.005  3.50837e-07  -80
800.005  3.50973e-07  -80
805.005  3.51104e-07  -80
810.005  3.51232e-07  -80
815.005  3.51356e-07  -80
820.005  3.51476e-07  -80
825.005  3.51593e-07  -80
830.005  3.51707e-07  -80
835.005  3.51818e-07  -80
840.005  3.51925e-07  -80
845.005  3.5203e-07  -80
850.005  3.52131e-07  -80
855.005  3.52229e-07  -80
860.005  3.52325e-07  -80
865.005  3.52418e-07  -80
870.005  3.52508e-07  -80
875.005  3.52596e-07  -80
880.005  3.52681e-07  -80
885.005  3.52764e-07  -80
890.005  3.52845e-07  -80
895.005  3.52923e-07  -80
900.005  3.52999e-07  -80
905.005  3.53073e-07  -80
910.005  3.53144e-07  -80
915.005  3.53214e-07  -80
920.005  3.53282e-07  -80
925.005  3.53348e-07  -80
930.005  3.53411e-07  -80
935.005  3.53473e-07  -80
940.005  3.53534e-07  -80
945.005  3.53592e-07  -80
950.005  3.53649e-07  -80
955.005  3.53705e-07  -80
960.005  3.53758e-07  -80
965.005  3.53811e-07  -80
970.005  3.53861e-07  -80
975.005  3.53911e-07  -80
980.005  3.53958e-07  -80
985.005  3.54005e-07  -80
990.005  3.5405e-07  -80
995.005  3.54094e-07  -80
1000  3.54137e-07  -80
1005  3.54178e-07  -80
1010  3.54218e-07  -80
1015  3.54258e-07  -80
1020  3.54296e-07  -80
1025  3.54332e-07  -80
1030  3.54368e-07  -80
1035  3.54403e-07  -80
1040  3.54437e-07  -80
1045  3.5447e-07  -80
1050  3.54502e-07  -80
1055  3.54533e-07  -80
1060  3.54563e-07  -80
1065.01  3.54592e-07  -80
1070.01  3.54621e-07  -80
1075.01  3.54649e-07  -80
1080.01  3.54675e-07  -80
1085.01  3.54702e-07  -80
1090.01  3.54727e-07  -80
1095.01  3.54752e-07  -80
1100.01  3.54776e-07  -80
1105.01  3.54799e-07  -80
1110.01  3.54821e-07  -80
1115.01  3.54843e-07  -80
1120.01  3.54865e-07  -80
1125.01  3.54885e-07  -80
1130.01  3.54906e-07  -80
1135.01  3.54925e-07  -80
1140.01  3.54944e-07  -80
1145.01  3.54963e-07  -80
1150.01  3.54981e-07  -80
1155.01  3.54998e-07  -80
1160.01  3.55015e-07  -80
1165.01  3.55031e-07  -80
1170.01  3.55047e-07  -80
1175.01  3.55063e-07  -80
1180.01  3.55078e-07  -80
1185.01  3.55093e-07  -80
1190.01  3.55107e-07  -80
1195.01  3.55121e-07  -80
1200.01  3.55134e-07  -80
1205.01  3.55147e-07  -80
1210.01  3.5516e-07  -80
1215.01  3.55172e-07  -80
1220.01  3.55184e-07  -80
1225.01  3.55196e-07  -80
1230.01  3.55207e-07  -80
1235.01  3.55218e-07  -80
1240.01  3.55229e-07  -80
1245.01  3.55239e-07  -80
1250.01  3.55249e-07  -80
1255.01  3.55259e-07  -80
1260.01  3.55269e-07  -80
1265.01  3.55278e-07  -80
1270.01  3.55287e-07  -80
1275.01  3.55296e-07  -80
1280.01  3.55304e-07  -80
1285.01  3.55312e-07  -80
1290.01  3.5532e-07  -80
1295.01  3.55328e-07  -80
1300.01  3.55336e-07  -80
1305.01  3.55343e-07  -80
1310.01  3.5535e-07  -80
1315.01  3.55357e-07  -80
1320.01  3.55364e-07  -80
1325.01  3.5537e-07  -80
1330.01  3.55377e-07  -80
1335.01  3.55383e-07  -80
1340.01  3.55389e-07  -80
1345.01  3.55395e-07  -80
1350.01  3.554e-07  -80
1355.01  3.55406e-07  -80
1360.01  3.55411e-07  -80
1365.01  3.55416e-07  -80
1370.01  3.55421e-07  -80
1375.01  3.55426e-07  -80
1380.01  3.55431e-07  -80
1385.01  3.55436e-07  -80
1390.01  3.5544e-07  -80
1395.01  3.55445e-07  -80
1400.01  3.55449e-07  -80
1405.01  3.55453e-07  -80
1410.01  3.55457e-07  -80
1415.01  3.55461e-07  -80
1420.01  3.55465e-07  -80
1425.01  3.55468e-07  -80
1430.01  3.55472e-07  -80
1435.01  3.55475e-07  -80
1440.01  3.55479e-07  -80
1445.01  3.55482e-07  -80
1450.01  3.55485e-07  -80
1455.01  3.55488e-07  -80
1460.01  3.55491e-07  -80
1465.01  3.55494e-07  -80
1470.01  3.55497e-07  -80
1475.01  3.555e-07  -80
1480.01  3.55502e-07  -80
1485.01  3.55505e-07  -80
1490.01  3.55507e-07  -80
1495.01  3.5551e-07  -80
1500.01  3.55512e-07  -80
1505.01  3.55515e-07  -80
1510.01  3.55517e-07  -80
1515.01  3.55519e-07  -80
1520.01  3.55521e-07  -80
1525.01  3.55523e-07  -80
1530.01  3.55525e-07  -80
1535.01  3.55527e-07  -80
1540.01  3.55529e-07  -80
1545.01  3.55531e-07  -80
1550.01  3.55533e-07  -80
1555.01  3.55534e-07  -80
1560.01  3.55536e-07  -80
1565.01  3.55538e-07  -80
1570.01  3.55539e-07  -80
1575.01  3.55541e-07  -80
1580.01  3.55542e-07  -80
1585.01  3.55544e-07  -80
1590.01  3.55545e-07  -80
1595.01  3.55547e-07  -80
1600.01  3.55548e-07  -80
1605.01  3.55549e-07  -80
1610.01  3.55551e-07  -80
1615.01  3.55552e-07  -80
1620.01  3.55553e-07  -80
1625.01  3.55554e-07  -80
1630.01  3.55555e-07  -80
1635.01  3.55556e-07  -80
1640.01  3.55557e-07  -80
1645.01  3.55558e-07  -80
1650.01  3.55559e-07  -80
1655.01  3.5556e-07  -80
1660.01  3.55561e-07  -80
1665.01  3.55562e-07  -80
1670.01  3.55563e-07  -80
1675.01  3.55564e-07  -80
1680.01  3.55565e-07  -80
1685.01  3.55566e-07  -80
1690.01  3.55566e-07  -80
1695.01  3.55567e-07  -80
1700.01  3.55568e-07  -80
1705.01  3.55569e-07  -80
1710.01  3.55569e-07  -80
1715.01  3.5557e-07  -80
1720.01  3.55571e-07  -80
1725.01  3.55571e-07  -80
1730.01  3.55572e-07  -80
1735.01  3.55573e-07  -80
1740.01  3.55573e-07  -80
1745.01  3.55574e-07  -80
1750.01  3.55574e-07  -80
1755.01  3.55575e-07  -80
1760.01  3.55575e-07  -80
1765.01  3.55576e-07  -80
1770.01  3.55577e-07  -80
1775.01  3.55577e-07  -80
1780.01  3.55577e-07  -80
1785.01  3.55578e-07  -80
1790.01  3.55578e-07  -80
1795.01  3.55579e-07  -80
1800.01  3.55579e-07  -80
1805.01  3.5558e-07  -80
1810.01  3.5558e-07  -80
1815.01  3.5558e-07  -80
1820.01  3.55581e-07  -80
1825.01  3.55581e-07  -80
1830.01  3.55582e-07  -80
1835.01  3.55582e-07  -80
1840.01  3.55582e-07  -80
1845.01  3.55583e-07  -80
1850.01  3.55583e-07  -80
1855.01  3.55583e-07  -80
1860.01  3.55583e-07  -80
1865.01  3.55584e-07  -80
1870.01  3.55584e-07  -80
1875.01  3.55584e-07  -80
1880.01  3.55585e-07  -80
1885.01  3.55585e-07  -80
1890.01  3.55585e-07  -80
1895.01  3.55585e-07  -80
1900.01  3.55586e-07  -80
1905.01  3.55586e-07  -80
1910.01  3.55586e-07  -80
1915.01  3.55586e-07  -80
1920.01  3.55586e-07  -80
1925.01  3.55587e-07  -80
1930.01  3.55587e-07  -80
1935.01  3.55587e-07  -80
1940.01  3.55587e-07  -80
1945.01  3.55587e-07  -80
1950.01  3.55588e-07  -80
1955.01  3.55588e-07  -80
1960.01  3.55588e-07  -80
1965.01  3.55588e-07  -80
1970.01  3.55588e-07  -80
1975.01  3.55588e-07  -80
1980.01  3.55589e-07  -80
1985.01  3.55589e-07  -80
1990.01  3.55589e-07  -80
1995.01  3.55589e-07  -80
2000.01  3.55589e-07  -80
2005.01  3.55589e-07  -80
2010.01  3.55589e-07  -80
2015.01  3.55589e-07  -80
2020.01  3.5559e-07  -80
2025.01  3.5559e-07  -80
2030.01  3.5559e-07  -80
2035.01  3.5559e-07  -80
2040.01  3.5559e-07  -80
2045.01  3.5559e-07  -80
2050.01  3.5559e-07  -80
2055.01  3.5559e-07  -80
2060.01  3.5559e-07  -80
2065.01  3.55591e-07  -80
2070.01  3.55591e-07  -80
2075.01  3.55591e-07  -80
2080.01  3.55591e-07  -80
2085.01  3.55591e-07  -80
2090.01  3.55591e-07  -80
2095.01  3.55591e-07  -80
2100.01  3.55591e-07  -80
2105.01  3.55591e-07  -80
2110.01  3.55591e-07  -80
2115.01  3.55591e-07  -80
2120.01  3.55591e-07  -80
2125.01  3.55591e-07  -80
2130.01  3.55591e-07  -80
2135.01  3.55592e-07  -80
2140.01  3.55592e-07  -80
2145.01  3.55592e-07  -80
2150.01  3.55592e-07  -80
2155.01  3.55592e-07  -80
2160.01  3.55592e-07  -80
2165.01  3.55592e-07  -80
2170.01  3.55592e-07  -80
2175.01  3.55592e-07  -80
2180.01  3.55592e-07  -80
2185.01  3.55592e-07  -80
2190.01  3.55592e-07  -80
2195.01  3.55592e-07  -80
2200.01  3.55592e-07  -80
2205.01  3.55592e-07  -80
2210.01  3.55592e-07  -80
2215.01  3.55592e-07  -80
2220.01  3.55592e-07  -80
2225.01  3.55592e-07  -80
2230.01  3.55592e-07  -80
2235.01  3.55592e-07  -80
2240.01  3.55592e-07  -80
2245.01  3.55593e-07  -80
2250.01  3.55593e-07  -80
2255.01  3.55593e-07  -80
2260.01  3.55593e-07  -80
2265.01  3.55593e-07  -80
2270.01  3.55593e-07  -80
2275.01  3.55593e-07  -80
2280.01  3.55593e-07  -80
2285.01  3.55593e-07  -80
2290.01  3.55593e-07  -80
2295.01  3.55593e-07  -80
2300.01  3.55593e-07  -80
2305.01  3.55593e-07  -80
2310.01  3.55593e-07  -80
2315.01  3.55593e-07  -80
2320.01  3.55593e-07  -80
2325.01  3.55593e-07  -80
2330.01  3.55593e-07  -80
2335.01  3.55593e-07  -80
2340.01  3.55593e-07  -80
2345.01  3.55593e-07  -80
2350.01  3.55593e-07  -80
2355.01  3.55593e-07  -80
2360.01  3.55593e-07  -80
2365.01  3.55593e-07  -80
2370.01  3.55593e-07  -80
2375.01  3.55593e-07  -80
2380.01  3.55593e-07  -80
2385.01  3.55593e-07  -80
2390.01  3.55593e-07  -80
2395.01  3.55593e-07  -80
2400.01  3.55593e-07  -80
2405.01  3.55593e-07  -80
2410.01  3.55593e-07  -80
2415.01  3.55593e-07  -80
2420.01  3.55593e-07  -80
2425.01  3.55593e-07  -80
2430.01  3.55593e-07  -80
2435.01  3.55593e-07  -80
2440.01  3.55593e-07  -80
2445.01  3.55593e-07  -80
2450.01  3.55593e-07  -80
2455.01  3.55593e-07  -80
2460.01  3.55593e-07  -80
2465.01  3.55593e-07  -80
2470.01  3.55593e-07  -80
2475.01  3.55593e-07  -80
2480.01  3.55593e-07  -80
2485.01  3.55593e-07  -80
2490.01  3.55593e-07  -80
2495.01  3.55593e-07  -80
2500.01  3.55593e-07  -80
2505.01  3.55593e-07  -80
2510.01  3.55593e-07  -80
2515.01  3.55593e-07  -80
2520.01  3.55593e-07  -80
2525.01  3.55593e-07  -80
2530.01  3.55593e-07  -80
2535.01  3.55593e-07  -80
2540.01  3.55593e-07  -80
2545.01  3.55593e-07  -80
2550.01  3.55593e-07  -80
2555.01  3.55593e-07  -80
2560.01  3.55593e-07  -80
2565.01  3.55593e-07  -80
2570.01  3.55593e-07  -80
2575.01  3.55593e-07  -80
2580.01  3.55593e-07  -80
2585.01  3.55593e-07  -80
2590.01  3.55593e-07  -80
2595.01  3.55593e-07  -80
2600.01  3.55593e-07  -80
2605.01  3.55593e-07  -80
2610.01  3.55593e-07  -80
2615.01  3.55593e-07  -80
2620.01  3.55593e-07  -80
2625.01  3.55593e-07  -80
2630.01  3.55594e-07  -80
2635.01  3.55594e-07  -80
2640.01  3.55594e-07  -80
2645.01  3.55594e-07  -80
2650.01  3.55594e-07  -80
2655.01  3.55594e-07  -80
2660.01  3.55594e-07  -80
2665.01  3.55594e-07  -80
2670.01  3.55594e-07  -80
2675.01  3.55594e-07  -80
2680.01  3.55594e-07  -80
2685.01  3.55594e-07  -80
2690.01  3.55594e-07  -80
2695.01  3.55594e-07  -80
2700.01  3.55594e-07  -80
2705.01  3.55594e-07  -80
2710.01  3.55594e-07  -80
2715.01  3.55594e-07  -80
2720.01  3.55594e-07  -80
2725.01  3.55594e-07  -80
2730.01  3.55594e-07  -80
2735.01  3.55594e-07  -80
2740.01  3.55594e-07  -80
2745.01  3.55594e-07  -80
2750.01  3.55594e-07  -80
2755.01  3.55594e-07  -80
2760.01  3.55594e-07  -80
2765.01  3.55594e-07  -80
2770.01  3.55594e-07  -80
2775.01  3.55594e-07  -80
2780.01  3.55594e-07  -80
2785.01  3.55594e-07  -80
2790.01  3.55594e-07  -80
2795.01  3.55594e-07  -80
2800.01  3.55594e-07  -80
2805.01  3.55594e-07  -80
2810.01  3.55594e-07  -80
2815.01  3.55594e-07  -80
2820.01  3.55594e-07  -80
2825.01  3.55594e-07  -80
2830.01  3.55594e-07  -80
2835.01  3.55594e-07  -80
2840.01  3.55594e-07  -80
2845.01  3.55594e-07  -80
2850.01  3.55594e-07  -80
2855.01  3.55594e-07  -80
2860.01  3.55594e-07  -80
2865.01  3.55594e-07  -80
2870.01  3.55594e-07  -80
2875.01  3.55594e-07  -80
2880.01  3.55594e-07  -80
2885.01  3.55594e-07  -80
2890.01  3.55594e-07  -80
2895.01  3.55594e-07  -80
2900.01  3.55594e-07  -80
2905.01  3.55594e-07  -80
2910.01  3.55594e-07  -80
2915.01  3.55594e-07  -80
2920.01  3.55594e-07  -80
2925.01  3.55594e-07  -80
2930.01  3.55594e-07  -80
2935.01  3.55594e-07  -80
2940.01  3.55594e-07  -80
2945.01  3.55594e-07  -80
2950.01  3.55594e-07  -80
2955.01  3.55594e-07  -80
2960.01  3.55594e-07  -80
2965.01  3.55594e-07  -80
2970.01  3.55594e-07  -80
2975.01  3.55594e-07  -80
2980.01  3.55594e-07  -80
2985.01  3.55594e-07  -80
2990.01  3.55594e-07  -80
2995.01  3.55594e-07  -80
3000.01  3.55594e-07  -80
3005.01  3.55594e-07  -80
3010.01  3.55594e-07  -80
3015.01  3.55594e-07  -80
3020.01  3.55594e-07  -80
3025.01  3.55594e-07  -80
3030.01  3.55594e-07  -80
3035.01  3.55594e-07  -80
3040.01  3.55594e-07  -80
3045.01  3.55594e-07  -80
3050.01  3.55594e-07  -80
3055.01  3.55594e-07  -80
3060.01  3.55594e-07  -80
3065.01  3.55594e-07  -80
3070.01  3.55594e-07  -80
3075.01  3.55594e-07  -80
3080.01  3.55594e-07  -80
3085.01  3.55594e-07  -80
3090.01  3.55594e-07  -80
3095.01  3.55594e-07  -80
3100.01  3.55594e-07  -80
3105.01  3.55594e-07  -80
3110.01  3.55594e-07  -80
3115.01  3.55594e-07  -80
3120.01  3.55594e-07  -80
3125.01  3.55594e-07  -80
3130.01  3.55594e-07  -80
3135.01  3.55594e-07  -80
3140.01  3.55594e-07  -80
3145.01  3.55594e-07  -80
3150.01  3.55594e-07  -80
3155.01  3.55594e-07  -80
3160.01  3.55594e-07  -80
3165.01  3.55594e-07  -80
3170.01  3.55594e-07  -80
3175.01  3.55594e-07  -80
3180.01  3.55594e-07  -80
3185.01  3.55594e-07  -80
3190.01  3.55594e-07  -80
3195.01  3.55594e-07  -80
3200.01  3.55594e-07  -80
3205.01  3.55594e-07  -80
3210.01  3.55594e-07  -80
3215.01  3.55594e-07  -80
3220.01  3.55594e-07  -80
3225.01  3.55594e-07  -80
3230.01  3.55594e-07  -80
3235.01  3.55594e-07  -80
3240.01  3.55594e-07  -80
3245.01  3.55594e-07  -80
3250.01  3.55594e-07  -80
3255.01  3.55594e-07  -80
3260.01  3.55594e-07  -80
3265.01  3.55594e-07  -80
3270.01  3.55594e-07  -80
3275.01  3.55594e-07  -80
3280.01  3.55594e-07  -80
3285.01  3.55594e-07  -80
3290.01  3.55594e-07  -80
3295.01  3.55594e-07  -80
3300.01  3.55594e-07  -80
3305.01  3.55594e-07  -80
3310.01  3.55594e-07  -80
3315.01  3.55594e-07  -80
3320.01  3.55594e-07  -80
3325.01  3.55594e-07  -80
3330.01  3.55594e-07  -80
3335.01  3.55594e-07  -80
3340.01  3.55594e-07  -80
3345.01  3.55594e-07  -80
3350.01  3.55594e-07  -80
3355.01  3.55594e-07  -80
3360.01  3.55594e-07  -80
3365.01  3.55594e-07  -80
3370.01  3.55594e-07  -80
3375.01  3.55594e-07  -80
3380.01  3.55594e-07  -80
3385.01  3.55594e-07  -80
3390.01  3.55594e-07  -80
3395.01  3.55594e-07  -80
3400.01  3.55594e-07  -80
3405.01  3.55594e-07  -80
3410.01  3.55594e-07  -80
3415.01  3.55594e-07  -80
3420.01  3.55594e-07  -80
3425.01  3.55594e-07  -80
3430.01  3.55594e-07  -80
3435.01  3.55594e-07  -80
3440.01  3.55594e-07  -80
3445.01  3.55594e-07  -80
3450.01  3.55594e-07  -80
3455.01  3.55594e-07  -80
3460.01  3.55594e-07  -80
3465.01  3.55594e-07  -80
3470.01  3.55594e-07  -80
3475.01  3.55594e-07  -80
3480.01  3.55594e-07  -80
3485.01  3.55594e-07  -80
3490.01  3.55594e-07  -80
3495.01  3.55594e-07  -80
3500.01  3.55594e-07  -80
3505.01  3.55594e-07  -80
3510.01  3.55594e-07  -80
3515.01  3.55594e-07  -80
3520.01  3.55594e-07  -80
3525.01  3.55594e-07  -80
3530.01  3.55594e-07  -80
3535.01  3.55594e-07  -80
3540.01  3.55594e-07  -80
3545.01  3.55594e-07  -80
3550.01  3.55594e-07  -80
3555.01  3.55594e-07  -80
3560.01  3.55594e-07  -80
3565.01  3.55594e-07  -80
3570.01  3.55594e-07  -80
3575.01  3.55594e-07  -80
3580.01  3.55594e-07  -80
3585.01  3.55594e-07  -80
3590.01  3.55594e-07  -80
3595.01  3.55594e-07  -80
3600.01  3.55594e-07  -80
3605.01  3.55594e-07  -80
3610.01  3.55594e-07  -80
3615.01  3.55594e-07  -80
3620.01  3.55594e-07  -80
3625.01  3.55594e-07  -80
3630.01  3.55594e-07  -80
3635.01  3.55594e-07  -80
3640.01  3.55594e-07  -80
3645.01  3.55594e-07  -80
3650.01  3.55594e-07  -80
3655.01  3.55594e-07  -80
3660.01  3.55594e-07  -80
3665.01  3.55594e-07  -80
3670.01  3.55594e-07  -80
3675.01  3.55594e-07  -80
3680.01  3.55594e-07  -80
3685.01  3.55594e-07  -80
3690.01  3.55594e-07  -80
3695.01  3.55594e-07  -80
3700.01  3.55594e-07  -80
3705.01  3.55594e-07  -80
3710.01  3.55594e-07  -80
3715.01  3.55594e-07  -80
3720.01  3.55594e-07  -80
3725.01  3.55594e-07  -80
3730.01  3.55594e-07  -80
3735.01  3.55594e-07  -80
3740.01  3.55594e-07  -80
3745.01  3.55594e-07  -80
3750.01  3.55594e-07  -80
3755.01  3.55594e-07  -80
3760.01  3.55594e-07  -80
3765.01  3.55594e-07  -80
3770.01  3.55594e-07  -80
3775.01  3.55594e-07  -80
3780.01  3.55594e-07  -80
3785.01  3.55594e-07  -80
3790.01  3.55594e-07  -80
3795.01  3.55594e-07  -80
3800.01  3.55594e-07  -80
3805.01  3.55594e-07  -80
3810.01  3.55594e-07  -80
3815.01  3.55594e-07  -80
3820.01  3.55594e-07  -80
3825.01  3.55594e-07  -80
3830.01  3.55594e-07  -80
3835.01  3.55594e-07  -80
3840.01  3.55594e-07  -80
3845.01  3.55594e-07  -80
3850.01  3.55594e-07  -80
3855.01  3.55594e-07  -80
3860.01  3.55594e-07  -80
3865.01  3.55594e-07  -80
3870.01  3.55594e-07  -80
3875.01  3.55594e-07  -80
3880.01  3.55594e-07  -80
3885.01  3.55594e-07  -80
3890.01  3.55594e-07  -80
3895.01  3.55594e-07  -80
3900.01  3.55594e-07  -80
3905.01  3.55594e-07  -80
3910.01  3.55594e-07  -80
3915.01  3.55594e-07  -80
3920.01  3.55594e-07  -80
3925.01  3.55594e-07  -80
3930.01  3.55594e-07  -80
3935.01  3.55594e-07  -80
3940.01  3.55594e-07  -80
3945.01  3.55594e-07  -80
3950.01  3.55594e-07  -80
3955.01  3.55594e-07  -80
3960.01  3.55594e-07  -80
3965.01  3.55594e-07  -80
3970.01  3.55594e-07  -80
3975.01  3.55594e-07  -80
3980.01  3.55594e-07  -80
3985.01  3.55594e-07  -80
3990.01  3.55594e-07  -80
3995.01  3.55594e-07  -80
4000.01  3.55594e-07  -80
4005.01  3.55594e-07  -80
4010.01  3.55594e-07  -80
4015.01  3.55594e-07  -80
4020.01  3.55594e-07  -80
4025.01  3.55594e-07  -80
4030.01  3.55594e-07  -80
4035.01  3.55594e-07  -80
4040.01  3.55594e-07  -80
4045.01  3.55594e-07  -80
4050.01  3.55594e-07  -80
4055.01  3.55594e-07  -80
4060.01  3.55594e-07  -80
4065.01  3.55594e-07  -80
4070.01  3.55594e-07  -80
4075.01  3.55594e-07  -80
4080.01  3.55594e-07  -80
4085.01  3.55594e-07  -80
4090.01  3.55594e-07  -80
4095.01  3.55594e-07  -80
4100.01  3.55594e-07  -80
4105.01  3.55594e-07  -80
4110.01  3.55594e-07  -80
4115.01  3.55594e-07  -80
4120.01  3.55594e-07  -80
4125.01  3.55594e-07  -80
4130.01  3.55594e-07  -80
4135.01  3.55594e-07  -80
4140.01  3.55594e-07  -80
4145.01  3.55594e-07  -80
4150.01  3.55594e-07  -80
4155.01  3.55594e-07  -80
4160.01  3.55594e-07  -80
4165.01  3.55594e-07  -80
4170.01  3.55594e-07  -80
4175.01  3.55594e-07  -80
4180.01  3.55594e-07  -80
4185.01  3.55594e-07  -80
4190.01  3.55594e-07  -80
4195.01  3.55594e-07  -80
4200.01  3.55594e-07  -80
4205.01  3.55594e-07  -80
4210.01  3.55594e-07  -80
4215.01  3.55594e-07  -80
4220.01  3.55594e-07  -80
4225.01  3.55594e-07  -80
4230.01  3.55594e-07  -80
4235.01  3.55594e-07  -80
4240.01  3.55594e-07  -80
4245.01  3.55594e-07  -80
4250.01  3.55594e-07  -80
4255.01  3.55594e-07  -80
4260.01  3.55594e-07  -80
4265.01  3.55594e-07  -80
4270.01  3.55594e-07  -80
4275.01  3.55594e-07  -80
4280.01  3.55594e-07  -80
4285.01  3.55594e-07  -80
4290.01  3.55594e-07  -80
4295.01  3.55594e-07  -80
4300.01  3.55594e-07  -80
4305.01  3.55594e-07  -80
4310.01  3.55594e-07  -80
4315.01  3.55594e-07  -80
4320.01  3.55594e-07  -80
4325.01  3.55594e-07  -80
4330.01  3.55594e-07  -80
4335.01  3.55594e-07  -80
4340.01  3.55594e-07  -80
4345.01  3.55594e-07  -80
4350.01  3.55594e-07  -80
4355.01  3.55594e-07  -80
4360.01  3.55594e-07  -80
4365.01  3.55594e-07  -80
4370.01  3.55594e-07  -80
4375.01  3.55594e-07  -80
4380.01  3.55594e-07  -80
4385.01  3.55594e-07  -80
4390.01  3.55594e-07  -80
4395.01  3.55594e-07  -80
4400.01  3.55594e-07  -80
4405.01  3.55594e-07  -80
4410.01  3.55594e-07  -80
4415.01  3.55594e-07  -80
4420.01  3.55594e-07  -80
4425.01  3.55594e-07  -80
4430.01  3.55594e-07  -80
4435.01  3.55594e-07  -80
4440.01  3.55594e-07  -80
4445.01  3.55594e-07  -80
4450.01  3.55594e-07  -80
4455.01  3.55594e-07  -80
4460.01  3.55594e-07  -80
4465.01  3.55594e-07  -80
4470.01  3.55594e-07  -80
4475.01  3.55594e-07  -80
4480.01  3.55594e-07  -80
4485.01  3.55594e-07  -80
4490.01  3.55594e-07  -80
4495.01  3.55594e-07  -80
4500.01  3.55594e-07  -80
4505.01  3.55594e-07  -80
4510.01  3.55594e-07  -80
4515.01  3.55594e-07  -80
4520.01  3.55594e-07  -80
4525.01  3.55594e-07  -80
4530.01  3.55594e-07  -80
4535.01  3.55594e-07  -80
4540.01  3.55594e-07  -80
4545.01  3.55594e-07  -80
4550.01  3.55594e-07  -80
4555.01  3.55594e-07  -80
4560.01  3.55594e-07  -80
4565.01  3.55594e-07  -80
4570.01  3.55594e-07  -80
4575.01  3.55594e-07  -80
4580.01  3.55594e-07  -80
4585.01  3.55594e-07  -80
4590.01  3.55594e-07  -80
4595.01  3.55594e-07  -80
4600.01  3.55594e-07  -80
4605.01  3.55594e-07  -80
4610.01  3.55594e-07  -80
4615.01  3.55594e-07  -80
4620.01  3.55594e-07  -80
4625.01  3.55594e-07  -80
4630.01  3.55594e-07  -80
4635.01  3.55594e-07  -80
4640.01  3.55594e-07  -80
4645.01  3.55594e-07  -80
4650.01  3.55594e-07  -80
4655.01  3.55594e-07  -80
4660.01  3.55594e-07  -80
4665.01  3.55594e-07  -80
4670.01  3.55594e-07  -80
4675.01  3.55594e-07  -80
4680.01  3.55594e-07  -80
4685.01  3.55594e-07  -80
4690.01  3.55594e-07  -80
4695.01  3.55594e-07  -80
4700.01  3.55594e-07  -80
4705.01  3.55594e-07  -80
4710.01  3.55594e-07  -80
4715.01  3.55594e-07  -80
4720.01  3.55594e-07  -80
4725.01  3.55594e-07  -80
4730.01  3.55594e-07  -80
4735.01  3.55594e-07  -80
4740.01  3.55594e-07  -80
4745.01  3.55594e-07  -80
4750.01  3.55594e-07  -80
4755.01  3.55594e-07  -80
4760.01  3.55594e-07  -80
4765.01  3.55594e-07  -80
4770.01  3.55594e-07  -80
4775.01  3.55594e-07  -80
4780.01  3.55594e-07  -80
4785.01  3.55594e-07  -80
4790.01  3.55594e-07  -80
4795.01  3.55594e-07  -80
4800.01  3.55594e-07  -80
4805.01  3.55594e-07  -80
4810.01  3.55594e-07  -80
4815.01  3.55594e-07  -80
4820.01  3.55594e-07  -80
4825.01  3.55594e-07  -80
4830.01  3.55594e-07  -80
4835.01  3.55594e-07  -80
4840.01  3.55594e-07  -80
4845.01  3.55594e-07  -80
4850.01  3.55594e-07  -80
4855.01  3.55594e-07  -80
4860.01  3.55594e-07  -80
4865.01  3.55594e-07  -80
4870.01  3.55594e-07  -80
4875.01  3.55594e-07  -80
4880.01  3.55594e-07  -80
4885.01  3.55594e-07  -80
4890.01  3.55594e-07  -80
4895.01  3.55594e-07  -80
4900.01  3.55594e-07  -80
4905.01  3.55594e-07  -80
4910.01  3.55594e-07  -80
4915.01  3.55594e-07  -80
4920.01  3.55594e-07  -80
4925.01  3.55594e-07  -80
4930.01  3.55594e-07  -80
4935.01  3.55594e-07  -80
4940.01  3.55594e-07  -80
4945.01  3.55594e-07  -80
4950.01  3.55594e-07  -80
4955.01  3.55594e-07  -80
4960.01  3.55594e-07  -80
4965.01  3.55594e-07  -80
4970.01  3.55594e-07  -80
4975.01  3.55594e-07  -80
4980.01  3.55594e-07  -80
4985.01  3.55594e-07  -80
4990.01  3.55594e-07  -80
4995.01  3.55594e-07  -80
5000.01  3.55594e-07  -80
5005.01  3.55594e-07  -80
5010.01  3.55594e-07  -80
5015.01  3.55594e-07  -80
5020.01  3.55594e-07  -80
5025.01  3.55594e-07  -80
5030.01  3.55594e-07  -80
5035.01  3.55594e-07  -80
5040.01  3.55594e-07  -80
5045.01  3.55594e-07  -80
5050.01  3.55594e-07  -80
5055.01  3.55594e-07  -80
5060.01  3.55594e-07  -80
5065.01  3.55594e-07  -80
5070.01  3.55594e-07  -80
5075.01  3.55594e-07  -80
5080.01  3.55594e-07  -80
5085.01  3.55594e-07  -80
5090.01  3.55594e-07  -80
5095.01  3.55594e-07  -80
5100.01  3.55594e-07  -80
5105.01  3.55594e-07  -80
5110.01  3.55594e-07  -80
5115.01  3.55594e-07  -80
5120.01  3.55594e-07  -80
5125.01  3.55594e-07  -80
5130.01  3.55594e-07  -80
5135.01  3.55594e-07  -80
5140.01  3.55594e-07  -80
5145.01  3.55594e-07  -80
5150.01  3.55594e-07  -80
5155.01  3.55594e-07  -80
5160.01  3.55594e-07  -80
5165.01  3.55594e-07  -80
5170.01  3.55594e-07  -80
5175.01  3.55594e-07  -80
5180.01  3.55594e-07  -80
5185.01  3.55594e-07  -80
5190.01  3.55594e-07  -80
5195.01  3.55594e-07  -80
5200.01  3.55594e-07  -80
5205.01  3.55594e-07  -80
5210.01  3.55594e-07  -80
5215.01  3.55594e-07  -80
5220.01  3.55594e-07  -80
5225.01  3.55594e-07  -80
5230.01  3.55594e-07  -80
5235.01  3.55594e-07  -80
5240.01  3.55594e-07  -80
5245.01  3.55594e-07  -80
5250.01  3.55594e-07  -80
5255.01  3.55594e-07  -80
5260.01  3.55594e-07  -80
5265.01  3.55594e-07  -80
5270.01  3.55594e-07  -80
5275.01  3.55594e-07  -80
5280.01  3.55594e-07  -80
5285.01  3.55594e-07  -80
5290.01  3.55594e-07  -80
5295.01  3.55594e-07  -80
5300.01  3.55594e-07  -80
5305.01  3.55594e-07  -80
5310.01  3.55594e-07  -80
5315.01  3.55594e-07  -80
5320.01  3.55594e-07  -80
5325.01  3.55594e-07  -80
5330.01  3.55594e-07  -80
5335.01  3.55594e-07  -80
5340.01  3.55594e-07  -80
5345.01  3.55594e-07  -80
5350.01  3.55594e-07  -80
5355.01  3.55594e-07  -80
5360.01  3.55594e-07  -80
5365.01  3.55594e-07  -80
5370.01  3.55594e-07  -80
5375.01  3.55594e-07  -80
5380.01  3.55594e-07  -80
5385.01  3.55594e-07  -80
5390.01  3.55594e-07  -80
5395.01  3.55594e-07  -80
5400.01  3.55594e-07  -80
5405.01  3.55594e-07  -80
5410.01  3.55594e-07  -80
5415.01  3.55594e-07  -80
5420.01  3.55594e-07  -80
5425.01  3.55594e-07  -80
5430.01  3.55594e-07  -80
5435.01  3.55594e-07  -80
5440.01  3.55594e-07  -80
5445.01  3.55594e-07  -80
5450.01  3.55594e-07  -80
5455.01  3.55594e-07  -80
5460.01  3.55594e-07  -80
5465.01  3.55594e-07  -80
5470.01  3.55594e-07  -80
5475.01  3.55594e-07  -80
5480.01  3.55594e-07  -80
5485.01  3.55594e-07  -80
5490.01  3.55594e-07  -80
5495.01  3.55594e-07  -80
5500.01  3.55594e-07  -80
5505.01  3.55594e-07  -80
5510.01  3.55594e-07  -80
5515.01  3.55594e-07  -80
5520.01  3.55594e-07  -80
5525.01  3.55594e-07  -80
5530.01  3.55594e-07  -80
5535.01  3.55594e-07  -80
5540.01  3.55594e-07  -80
5545.01  3.55594e-07  -80
5550.01  3.55594e-07  -80
5555.01  3.55594e-07  -80
5560.01  3.55594e-07  -80
5565.01  3.55594e-07  -80
5570.01  3.55594e-07  -80
5575.01  3.55594e-07  -80
5580.01  3.55594e-07  -80
5585.01  3.55594e-07  -80
5590.01  3.55594e-07  -80
5595.01  3.55594e-07  -80
5600.01  3.55594e-07  -80
5605.01  3.55594e-07  -80
5610.01  3.55594e-07  -80
5615.01  3.55594e-07  -80
5620.01  3.55594e-07  -80
5625.01  3.55594e-07  -80
5630.01  3.55594e-07  -80
5635.01  3.55594e-07  -80
5640.01  3.55594e-07  -80
5645.01  3.55594e-07  -80
5650.01  3.55594e-07  -80
5655.01  3.55594e-07  -80
5660.01  3.55594e-07  -80
5665.01  3.55594e-07  -80
5670.01  3.55594e-07  -80
5675.01  3.55594e-07  -80
5680.01  3.55594e-07  -80
5685.01  3.55594e-07  -80
5690.01  3.55594e-07  -80
5695.01  3.55594e-07  -80
5700.01  3.55594e-07  -80
5705.01  3.55594e-07  -80
5710.01  3.55594e-07  -80
5715.01  3.55594e-07  -80
5720.01  3.55594e-07  -80
5725.01  3.55594e-07  -80
5730.01  3.55594e-07  -80
5735.01  3.55594e-07  -80
5740.01  3.55594e-07  -80
5745.01  3.55594e-07  -80
5750.01  3.55594e-07  -80
5755.01  3.55594e-07  -80
5760.01  3.55594e-07  -80
5765.01  3.55594e-07  -80
5770.01  3.55594e-07  -80
5775.01  3.55594e-07  -80
5780.01  3.55594e-07  -80
5785.01  3.55594e-07  -80
5790.01  3.55594e-07  -80
5795.01  3.55594e-07  -80
5800.01  3.55594e-07  -80
5805.01  3.55594e-07  -80
5810.01  3.55594e-07  -80
5815.01  3.55594e-07  -80
5820.01  3.55594e-07  -80
5825.01  3.55594e-07  -80
5830.01  3.55594e-07  -80
5835.01  3.55594e-07  -80
5840.01  3.55594e-07  -80
5845.01  3.55594e-07  -80
5850.01  3.55594e-07  -80
5855.01  3.55594e-07  -80
5860.01  3.55594e-07  -80
5865.01  3.55594e-07  -80
5870.01  3.55594e-07  -80
5875.01  3.55594e-07  -80
5880.01  3.55594e-07  -80
5885.01  3.55594e-07  -80
5890.01  3.55594e-07  -80
5895.01  3.55594e-07  -80
5900.01  3.55594e-07  -80
5905.01  3.55594e-07  -80
5910.01  3.55594e-07  -80
5915.01  3.55594e-07  -80
5920.01  3.55594e-07  -80
5925.01  3.55594e-07  -80
5930.01  3.55594e-07  -80
5935.01  3.55594e-07  -80
5940.01  3.55594e-07  -80
5945.01  3.55594e-07  -80
5950.01  3.55594e-07  -80
5955.01  3.55594e-07  -80
5960.01  3.55594e-07  -80
5965.01  3.55594e-07  -80
5970.01  3.55594e-07  -80
5975.01  3.55594e-07  -80
5980.01  3.55594e-07  -80
5985.01  3.55594e-07  -80
5990.01  3.55594e-07  -80
5995.01  3.55594e-07  -80
6000.01  3.55594e-07  -80
6005.01  3.55594e-07  -80
6010.01  3.55594e-07  -80
6015.01  3.55594e-07  -80
6020.01  3.55594e-07  -80
6025.01  3.55594e-07  -80
6030.01  3.55594e-07  -80
6035.01  3.55594e-07  -80
6040.01  3.55594e-07  -80
6045.01  3.55594e-07  -80
6050.01  3.55594e-07  -80
6055.01  3.55594e-07  -80
6060.01  3.55594e-07  -80
6065.01  3.55594e-07  -80
6070.01  3.55594e-07  -80
6075.01  3.55594e-07  -80
6080.01  3.55594e-07  -80
6085.01  3.55594e-07  -80
6090.01  3.55594e-07  -80
6095.01  3.55594e-07  -80
6100.01  3.55594e-07  -80
6105.01  3.55594e-07  -80
6110.01  3.55594e-07  -80
6115.01  3.55594e-07  -80
6120.01  3.55594e-07  -80
6125.01  3.55594e-07  -80
6130.01  3.55594e-07  -80
6135.01  3.55594e-07  -80
6140.01  3.55594e-07  -80
6145.01  3.55594e-07  -80
6150.01  3.55594e-07  -80
6155.01  3.55594e-07  -80
6160.01  3.55594e-07  -80
6165.01  3.55594e-07  -80
6170.01  3.55594e-07  -80
6175.01  3.55594e-07  -80
6180.01  3.55594e-07  -80
6185.01  3.55594e-07  -80
6190.01  3.55594e-07  -80
6195.01  3.55594e-07  -80
6200.01  3.55594e-07  -80
6205.01  3.55594e-07  -80
6210.01  3.55594e-07  -80
6215.01  3.55594e-07  -80
6220.01  3.55594e-07  -80
6225.01  3.55594e-07  -80
6230.01  3.55594e-07  -80
6235.01  3.55594e-07  -80
6240.01  3.55594e-07  -80
6245.01  3.55594e-07  -80
6250.01  3.55594e-07  -80
6255.01  3.55594e-07  -80
6260.01  3.55594e-07  -80
6265.01  3.55594e-07  -80
6270.01  3.55594e-07  -80
6275.01  3.55594e-07  -80
6280.01  3.55594e-07  -80
6285.01  3.55594e-07  -80
6290.01  3.55594e-07  -80
6295.01  3.55594e-07  -80
6300.01  3.55594e-07  -80
6305.01  3.55594e-07  -80
6310.01  3.55594e-07  -80
6315.01  3.55594e-07  -80
6320.01  3.55594e-07  -80
6325.01  3.55594e-07  -80
6330.01  3.55594e-07  -80
6335.01  3.55594e-07  -80
6340.01  3.55594e-07  -80
6345.01  3.55594e-07  -80
6350.01  3.55594e-07  -80
6355.01  3.55594e-07  -80
6360.01  3.55594e-07  -80
6365.01  3.55594e-07  -80
6370.01  3.55594e-07  -80
6375.01  3.55594e-07  -80
6380.01  3.55594e-07  -80
6385.01  3.55594e-07  -80
6390.01  3.55594e-07  -80
6395.01  3.55594e-07  -80
6400.01  3.55594e-07  -80
6405.01  3.55594e-07  -80
6410.01  3.55594e-07  -80
6415.01  3.55594e-07  -80
6420.01  3.55594e-07  -80
6425.01  3.55594e-07  -80
6430.01  3.55594e-07  -80
6435.01  3.55594e-07  -80
6440.01  3.55594e-07  -80
6445.01  3.55594e-07  -80
6450.01  3.55594e-07  -80
6455.01  3.55594e-07  -80
6460.01  3.55594e-07  -80
6465.01  3.55594e-07  -80
6470.01  3.55594e-07  -80
6475.01  3.55594e-07  -80
6480.01  3.55594e-07  -80
6485.01  3.55594e-07  -80
6490.01  3.55594e-07  -80
6495.01  3.55594e-07  -80
6500.01  3.55594e-07  -80
6505.01  3.55594e-07  -80
6510.01  3.55594e-07  -80
6515.01  3.55594e-07  -80
6520.01  3.55594e-07  -80
6525.01  3.55594e-07  -80
6530.01  3.55594e-07  -80
6535.01  3.55594e-07  -80
6540.01  3.55594e-07  -80
6545.01  3.55594e-07  -80
6550.01  3.55594e-07  -80
6555.01  3.55594e-07  -80
6560.01  3.55594e-07  -80
6565.01  3.55594e-07  -80
6570.01  3.55594e-07  -80
6575.01  3.55594e-07  -80
6580.01  3.55594e-07  -80
6585.01  3.55594e-07  -80
6590.01  3.55594e-07  -80
6595.01  3.55594e-07  -80
6600.01  3.55594e-07  -80
6605.01  3.55594e-07  -80
6610.01  3.55594e-07  -80
6615.01  3.55594e-07  -80
6620.01  3.55594e-07  -80
6625.01  3.55594e-07  -80
6630.01  3.55594e-07  -80
6635.01  3.55594e-07  -80
6640.01  3.55594e-07  -80
6645.01  3.55594e-07  -80
6650.01  3.55594e-07  -80
6655.01  3.55594e-07  -80
6660.01  3.55594e-07  -80
6665.01  3.55594e-07  -80
6670.01  3.55594e-07  -80
6675.01  3.55594e-07  -80
6680.01  3.55594e-07  -80
6685.01  3.55594e-07  -80
6690.01  3.55594e-07  -80
6695.01  3.55594e-07  -80
6700.01  3.55594e-07  -80
6705.01  3.55594e-07  -80
6710.01  3.55594e-07  -80
6715.01  3.55594e-07  -80
6720.01  3.55594e-07  -80
6725.01  3.55594e-07  -80
6730.01  3.55594e-07  -80
6735.01  3.55594e-07  -80
6740.01  3.55594e-07  -80
6745.01  3.55594e-07  -80
6750.01  3.55594e-07  -80
6755.01  3.55594e-07  -80
6760.01  3.55594e-07  -80
6765.01  3.55594e-07  -80
6770.01  3.55594e-07  -80
6775.01  3.55594e-07  -80
6780.01  3.55594e-07  -80
6785.01  3.55594e-07  -80
6790.01  3.55594e-07  -80
6795.01  3.55594e-07  -80
6800.01  3.55594e-07  -80
6805.01  3.55594e-07  -80
6810.01  3.55594e-07  -80
6815.01  3.55594e-07  -80
6820.01  3.55594e-07  -80
6825.01  3.55594e-07  -80
6830.01  3.55594e-07  -80
6835.01  3.55594e-07  -80
6840.01  3.55594e-07  -80
6845.01  3.55594e-07  -80
6850.01  3.55594e-07  -80
6855.01  3.55594e-07  -80
6860.01  3.55594e-07  -80
6865.01  3.55594e-07  -80
6870.01  3.55594e-07  -80
6875.01  3.55594e-07  -80
6880.01  3.55594e-07  -80
6885.01  3.55594e-07  -80
6890.01  3.55594e-07  -80
6895.01  3.55594e-07  -80
6900.01  3.55594e-07  -80
6905.01  3.55594e-07  -80
6910.01  3.55594e-07  -80
6915.01  3.55594e-07  -80
6920.01  3.55594e-07  -80
6925.01  3.55594e-07  -80
6930.01  3.55594e-07  -80
6935.01  3.55594e-07  -80
6940.01  3.55594e-07  -80
6945.01  3.55594e-07  -80
6950.01  3.55594e-07  -80
6955.01  3.55594e-07  -80
6960.01  3.55594e-07  -80
6965.01  3.55594e-07  -80
6970.01  3.55594e-07  -80
6975.01  3.55594e-07  -80
6980.01  3.55594e-07  -80
6985.01  3.55594e-07  -80
6990.01  3.55594e-07  -80
6995.01  3.55594e-07  -80
7000.01  3.55594e-07  -80
7005.01  3.55594e-07  -80
7010.01  3.55594e-07  -80
7015.01  3.55594e-07  -80
7020.01  3.55594e-07  -80
7025.01  3.55594e-07  -80
7030.01  3.55594e-07  -80
7035.01  3.55594e-07  -80
7040.01  3.55594e-07  -80
7045.01  3.55594e-07  -80
7050.01  3.55594e-07  -80
7055.01  3.55594e-07  -80
7060.01  3.55594e-07  -80
7065.01  3.55594e-07  -80
7070.01  3.55594e-07  -80
7075.01  3.55594e-07  -80
7080.01  3.55594e-07  -80
7085.01  3.55594e-07  -80
7090.01  3.55594e-07  -80
7095.01  3.55594e-07  -80
7100.01  3.55594e-07  -80
7105.01  3.55594e-07  -80
7110.01  3.55594e-07  -80
7115.01  3.55594e-07  -80
7120.01  3.55594e-07  -80
7125.01  3.55594e-07  -80
7130.01  3.55594e-07  -80
7135.01  3.55594e-07  -80
7140.01  3.55594e-07  -80
7145.01  3.55594e-07  -80
7150.01  3.55594e-07  -80
7155.01  3.55594e-07  -80
7160.01  3.55594e-07  -80
7165.01  3.55594e-07  -80
7170.01  3.55594e-07  -80
7175.01  3.55594e-07  -80
7180.01  3.55594e-07  -80
7185.01  3.55594e-07  -80
7190.01  3.55594e-07  -80
7195.01  3.55594e-07  -80
7200.01  3.55594e-07  -80
7205.01  3.55594e-07  -80
7210.01  3.55594e-07  -80
7215.01  3.55594e-07  -80
7220.01  3.55594e-07  -80
7225.01  3.55594e-07  -80
7230.01  3.55594e-07  -80
7235.01  3.55594e-07  -80
7240.01  3.55594e-07  -80
7245.01  3.55594e-07  -80
7250.01  3.55594e-07  -80
7255.01  3.55594e-07  -80
7260.01  3.55594e-07  -80
7265.01  3.55594e-07  -80
7270.01  3.55594e-07  -80
7275.01  3.55594e-07  -80
7280.01  3.55594e-07  -80
7285.01  3.55594e-07  -80
7290.01  3.55594e-07  -80
7295.01  3.55594e-07  -80
7300.01  3.55594e-07  -80
7305.01  3.55594e-07  -80
7310.01  3.55594e-07  -80
7315.01  3.55594e-07  -80
7320.01  3.55594e-07  -80
7325.01  3.55594e-07  -80
7330.01  3.55594e-07  -80
7335.01  3.55594e-07  -80
7340.01  3.55594e-07  -80
7345.01  3.55594e-07  -80
7350.01  3.55594e-07  -80
7355.01  3.55594e-07  -80
7360.01  3.55594e-07  -80
7365.01  3.55594e-07  -80
7370.01  3.55594e-07  -80
7375.01  3.55594e-07  -80
7380.01  3.55594e-07  -80
7385.01  3.55594e-07  -80
7390.01  3.55594e-07  -80
7395.01  3.55594e-07  -80
7400.01  3.55594e-07  -80
7405.01  3.55594e-07  -80
7410.01  3.55594e-07  -80
7415.01  3.55594e-07  -80
7420.01  3.55594e-07  -80
7425.01  3.55594e-07  -80
7430.01  3.55594e-07  -80
7435.01  3.55594e-07  -80
7440.01  3.55594e-07  -80
7445.01  3.55594e-07  -80
7450.01  3.55594e-07  -80
7455.01  3.55594e-07  -80
7460.01  3.55594e-07  -80
7465.01  3.55594e-07  -80
7470.01  3.55594e-07  -80
7475.01  3.55594e-07  -80
7480.01  3.55594e-07  -80
7485.01  3.55594e-07  -80
7490.01  3.55594e-07  -80
7495.01  3.55594e-07  -80
7500.01  3.55594e-07  -80
7505.01  3.55594e-07  -80
7510.01  3.55594e-07  -80
7515.01  3.55594e-07  -80
7520.01  3.55594e-07  -80
7525.01  3.55594e-07  -80
7530.01  3.55594e-07  -80
7535.01  3.55594e-07  -80
7540.01  3.55594e-07  -80
7545.01  3.55594e-07  -80
7550.01  3.55594e-07  -80
7555.01  3.55594e-07  -80
7560.01  3.55594e-07  -80
7565.01  3.55594e-07  -80
7570.01  3.55594e-07  -80
7575.01  3.55594e-07  -80
7580.01  3.55594e-07  -80
7585.01  3.55594e-07  -80
7590.01  3.55594e-07  -80
7595.01  3.55594e-07  -80
7600.01  3.55594e-07  -80
7605.01  3.55594e-07  -80
7610.01  3.55594e-07  -80
7615.01  3.55594e-07  -80
7620.01  3.55594e-07  -80
7625.01  3.55594e-07  -80
7630.01  3.55594e-07  -80
7635.01  3.55594e-07  -80
7640.01  3.55594e-07  -80
7645.01  3.55594e-07  -80
7650.01  3.55594e-07  -80
7655.01  3.55594e-07  -80
7660.01  3.55594e-07  -80
7665.01  3.55594e-07  -80
7670.01  3.55594e-07  -80
7675.01  3.55594e-07  -80
7680.01  3.55594e-07  -80
7685.01  3.55594e-07  -80
7690.01  3.55594e-07  -80
7695.01  3.55594e-07  -80
7700.01  3.55594e-07  -80
7705.01  3.55594e-07  -80
7710.01  3.55594e-07  -80
7715.01  3.55594e-07  -80
7720.01  3.55594e-07  -80
7725.01  3.55594e-07  -80
7730.01  3.55594e-07  -80
7735.01  3.55594e-07  -80
7740.01  3.55594e-07  -80
7745.01  3.55594e-07  -80
7750.01  3.55594e-07  -80
7755.01  3.55594e-07  -80
7760.01  3.55594e-07  -80
7765.01  3.55594e-07  -80
7770.01  3.55594e-07  -80
7775.01  3.55594e-07  -80
7780.01  3.55594e-07  -80
7785.01  3.55594e-07  -80
7790.01  3.55594e-07  -80
7795.01  3.55594e-07  -80
7800.01  3.55594e-07  -80
7805.01  3.55594e-07  -80
7810.01  3.55594e-07  -80
7815.01  3.55594e-07  -80
7820.01  3.55594e-07  -80
7825.01  3.55594e-07  -80
7830.01  3.55594e-07  -80
7835.01  3.55594e-07  -80
7840.01  3.55594e-07  -80
7845.01  3.55594e-07  -80
7850.01  3.55594e-07  -80
7855.01  3.55594e-07  -80
7860.01  3.55594e-07  -80
7865.01  3.55594e-07  -80
7870.01  3.55594e-07  -80
7875.01  3.55594e-07  -80
7880.01  3.55594e-07  -80
7885.01  3.55594e-07  -80
7890.01  3.55594e-07  -80
7895.01  3.55594e-07  -80
7900.01  3.55594e-07  -80
7905.01  3.55594e-07  -80
7910.01  3.55594e-07  -80
7915.01  3.55594e-07  -80
7920.01  3.55594e-07  -80
7925.01  3.55594e-07  -80
7930.01  3.55594e-07  -80
7935.01  3.55594e-07  -80
7940.01  3.55594e-07  -80
7945.01  3.55594e-07  -80
7950.01  3.55594e-07  -80
7955.01  3.55594e-07  -80
7960.01  3.55594e-07  -80
7965.01  3.55594e-07  -80
7970.01  3.55594e-07  -80
7975.01  3.55594e-07  -80
7980.01  3.55594e-07  -80
7985.01  3.55594e-07  -80
7990.01  3.55594e-07  -80
7995.01  3.55594e-07  -80
8000.01  3.55594e-07  -80
8005.01  3.55594e-07  -80
8010.01  3.55594e-07  -80
8015.01  3.55594e-07  -80
8020.01  3.55594e-07  -80
8025.01  3.55594e-07  -80
8030.01  3.55594e-07  -80
8035.01  3.55594e-07  -80
8040.01  3.55594e-07  -80
8045.01  3.55594e-07  -80
8050.01  3.55594e-07  -80
8055.01  3.55594e-07  -80
8060.01  3.55594e-07  -80
8065.01  3.55594e-07  -80
8070.01  3.55594e-07  -80
8075.01  3.55594e-07  -80
8080.01  3.55594e-07  -80
8085.01  3.55594e-07  -80
8090.01  3.55594e-07  -80
8095.01  3.55594e-07  -80
8100.01  3.55594e-07  -80
8105.01  3.55594e-07  -80
8110.01  3.55594e-07  -80
8115.01  3.55594e-07  -80
8120.01  3.55594e-07  -80
8125.01  3.55594e-07  -80
8130.01  3.55594e-07  -80
8135.01  3.55594e-07  -80
8140.01  3.55594e-07  -80
8145.01  3.55594e-07  -80
8150.01  3.55594e-07  -80
8155.01  3.55594e-07  -80
8160.01  3.55594e-07  -80
8165.01  3.55594e-07  -80
8170.01  3.55594e-07  -80
8175.01  3.55594e-07  -80
8180.01  3.55594e-07  -80
8185.01  3.55594e-07  -80
8190.01  3.55594e-07  -80
8195.01  3.55594e-07  -80
8200.01  3.55594e-07  -80
8205.01  3.55594e-07  -80
8210.01  3.55594e-07  -80
8215.01  3.55594e-07  -80
8220.01  3.55594e-07  -80
8225.01  3.55594e-07  -80
8230.01  3.55594e-07  -80
8235.01  3.55594e-07  -80
8240.01  3.55594e-07  -80
8245.01  3.55594e-07  -80
8250.01  3.55594e-07  -80
8255.01  3.55594e-07  -80
8260.01  3.55594e-07  -80
8265.01  3.55594e-07  -80
8270.01  3.55594e-07  -80
8275.01  3.55594e-07  -80
8280.01  3.55594e-07  -80
8285.01  3.55594e-07  -80
8290.01  3.55594e-07  -80
8295.01  3.55594e-07  -80
8300.01  3.55594e-07  -80
8305.01  3.55594e-07  -80
8310.01  3.55594e-07  -80
8315.01  3.55594e-07  -80
8320.01  3.55594e-07  -80
8325.01  3.55594e-07  -80
8330.01  3.55594e-07  -80
8335.01  3.55594e-07  -80
8340.01  3.55594e-07  -80
8345.01  3.55594e-07  -80
8350.01  3.55594e-07  -80
8355.01  3.55594e-07  -80
8360.01  3.55594e-07  -80
8365.01  3.55594e-07  -80
8370.01  3.55594e-07  -80
8375.01  3.55594e-07  -80
8380.01  3.55594e-07  -80
8385.01  3.55594e-07  -80
8390.01  3.55594e-07  -80
8395.01  3.55594e-07  -80
8400.01  3.55594e-07  -80
8405.01  3.55594e-07  -80
8410.01  3.55594e-07  -80
8415.01  3.55594e-07  -80
8420.01  3.55594e-07  -80
8425.01  3.55594e-07  -80
8430.01  3.55594e-07  -80
8435.01  3.55594e-07  -80
8440.01  3.55594e-07  -80
8445.01  3.55594e-07  -80
8450.01  3.55594e-07  -80
8455.01  3.55594e-07  -80
8460.01  3.55594e-07  -80
8465.01  3.55594e-07  -80
8470.01  3.55594e-07  -80
8475.01  3.55594e-07  -80
8480.01  3.55594e-07  -80
8485.01  3.55594e-07  -80
8490.01  3.55594e-07  -80
8495.01  3.55594e-07  -80
8500.01  3.55594e-07  -80
8505.01  3.55594e-07  -80
8510.01  3.55594e-07  -80
8515.01  3.55594e-07  -80
8520.01  3.55594e-07  -80
8525.01  3.55594e-07  -80
8530.01  3.55594e-07  -80
8535.01  3.55594e-07  -80
8540.01  3.55594e-07  -80
8545.01  3.55594e-07  -80
8550.01  3.55594e-07  -80
8555.01  3.55594e-07  -80
8560.01  3.55594e-07  -80
8565.01  3.55594e-07  -80
8570.01  3.55594e-07  -80
8575.01  3.55594e-07  -80
8580.01  3.55594e-07  -80
8585.01  3.55594e-07  -80
8590.01  3.55594e-07  -80
8595.01  3.55594e-07  -80
8600.01  3.55594e-07  -80
8605.01  3.55594e-07  -80
8610.01  3.55594e-07  -80
8615.01  3.55594e-07  -80
8620.01  3.55594e-07  -80
8625.01  3.55594e-07  -80
8630.01  3.55594e-07  -80
8635.01  3.55594e-07  -80
8640.01  3.55594e-07  -80
8645.01  3.55594e-07  -80
8650.01  3.55594e-07  -80
8655.01  3.55594e-07  -80
8660.01  3.55594e-07  -80
8665.01  3.55594e-07  -80
8670.01  3.55594e-07  -80
8675.01  3.55594e-07  -80
8680.01  3.55594e-07  -80
8685.01  3.55594e-07  -80
8690.01  3.55594e-07  -80
8695.01  3.55594e-07  -80
8700.01  3.55594e-07  -80
8705.01  3.55594e-07  -80
8710.01  3.55594e-07  -80
8715.01  3.55594e-07  -80
8720.01  3.55594e-07  -80
8725.01  3.55594e-07  -80
8730.01  3.55594e-07  -80
8735.01  3.55594e-07  -80
8740.01  3.55594e-07  -80
8745.01  3.55594e-07  -80
8750.01  3.55594e-07  -80
8755.01  3.55594e-07  -80
8760.01  3.55594e-07  -80
8765.01  3.55594e-07  -80
8770.01  3.55594e-07  -80
8775.01  3.55594e-07  -80
8780.01  3.55594e-07  -80
8785.01  3.55594e-07  -80
8790.01  3.55594e-07  -80
8795.01  3.55594e-07  -80
8800.01  3.55594e-07  -80
8805.01  3.55594e-07  -80
8810.01  3.55594e-07  -80
8815.01  3.55594e-07  -80
8820.01  3.55594e-07  -80
8825.01  3.55594e-07  -80
8830.01  3.55594e-07  -80
8835.01  3.55594e-07  -80
8840.01  3.55594e-07  -80
8845.01  3.55594e-07  -80
8850.01  3.55594e-07  -80
8855.01  3.55594e-07  -80
8860.01  3.55594e-07  -80
8865.01  3.55594e-07  -80
8870.01  3.55594e-07  -80
8875.01  3.55594e-07  -80
8880.01  3.55594e-07  -80
8885.01  3.55594e-07  -80
8890.01  3.55594e-07  -80
8895.01  3.55594e-07  -80
8900.01  3.55594e-07  -80
8905.01  3.55594e-07  -80
8910.01  3.55594e-07  -80
8915.01  3.55594e-07  -80
8920.01  3.55594e-07  -80
8925.01  3.55594e-07  -80
8930.01  3.55594e-07  -80
8935.01  3.55594e-07  -80
8940.01  3.55594e-07  -80
8945.01  3.55594e-07  -80
8950.01  3.55594e-07  -80
8955.01  3.55594e-07  -80
8960.01  3.55594e-07  -80
8965.01  3.55594e-07  -80
8970.01  3.55594e-07  -80
8975.01  3.55594e-07  -80
8980.01  3.55594e-07  -80
8985.01  3.55594e-07  -80
8990.01  3.55594e-07  -80
8995.01  3.55594e-07  -80
9000.01  3.55594e-07  -80
9005.01  3.55594e-07  -80
9010.01  3.55594e-07  -80
9015.01  3.55594e-07  -80
9020.01  3.55594e-07  -80
9025.01  3.55594e-07  -80
9030.01  3.55594e-07  -80
9035.01  3.55594e-07  -80
9040.01  3.55594e-07  -80
9045.01  3.55594e-07  -80
9050.01  3.55594e-07  -80
9055.01  3.55594e-07  -80
9060.01  3.55594e-07  -80
9065.01  3.55594e-07  -80
9070.01  3.55594e-07  -80
9075.01  3.55594e-07  -80
9080.01  3.55594e-07  -80
9085.01  3.55594e-07  -80
9090.01  3.55594e-07  -80
9095.01  3.55594e-07  -80
9100.01  3.55594e-07  -80
9105.01  3.55594e-07  -80
9110.01  3.55594e-07  -80
9115.01  3.55594e-07  -80
9120.01  3.55594e-07  -80
9125.01  3.55594e-07  -80
9130.01  3.55594e-07  -80
9135.01  3.55594e-07  -80
9140.01  3.55594e-07  -80
9145.01  3.55594e-07  -80
9150.01  3.55594e-07  -80
9155.01  3.55594e-07  -80
9160.01  3.55594e-07  -80
9165  3.55594e-07  -80
9170  3.55594e-07  -80
9175  3.55594e-07  -80
9180  3.55594e-07  -80
9185  3.55594e-07  -80
9190  3.55594e-07  -80
9195  3.55594e-07  -80
9200  3.55594e-07  -80
9205  3.55594e-07  -80
9210  3.55594e-07  -80
9215  3.55594e-07  -80
9220  3.55594e-07  -80
9225  3.55594e-07  -80
9230  3.55594e-07  -80
9235  3.55594e-07  -80
9240  3.55594e-07  -80
9245  3.55594e-07  -80
9250  3.55594e-07  -80
9255  3.55594e-07  -80
9260  3.55594e-07  -80
9265  3.55594e-07  -80
9270  3.55594e-07  -80
9275  3.55594e-07  -80
9280  3.55594e-07  -80
9285  3.55594e-07  -80
9290  3.55594e-07  -80
9295  3.55594e-07  -80
9300  3.55594e-07  -80
9305  3.55594e-07  -80
9310  3.55594e-07  -80
9315  3.55594e-07  -80
9320  3.55594e-07  -80
9325  3.55594e-07  -80
9330  3.55594e-07  -80
9335  3.55594e-07  -80
9340  3.55594e-07  -80
9345  3.55594e-07  -80
9350  3.55594e-07  -80
9355  3.55594e-07  -80
9360  3.55594e-07  -80
9365  3.55594e-07  -80
9370  3.55594e-07  -80
9375  3.55594e-07  -80
9380  3.55594e-07  -80
9385  3.55594e-07  -80
9390  3.55594e-07  -80
9395  3.55594e-07  -80
9400  3.55594e-07  -80
9405  3.55594e-07  -80
9410  3.55594e-07  -80
9415  3.55594e-07  -80
9420  3.55594e-07  -80
9425  3.55594e-07  -80
9430  3.55594e-07  -80
9435  3.55594e-07  -80
9440  3.55594e-07  -80
9445  3.55594e-07  -80
9450  3.55594e-07  -80
9455  3.55594e-07  -80
9460  3.55594e-07  -80
9465  3.55594e-07  -80
9470  3.55594e-07  -80
9475  3.55594e-07  -80
9480  3.55594e-07  -80
9485  3.55594e-07  -80
9490  3.55594e-07  -80
9495  3.55594e-07  -80
9500  3.55594e-07  -80
9505  3.55594e-07  -80
9510  3.55594e-07  -80
9515  3.55594e-07  -80
9520  3.55594e-07  -80
9525  3.55594e-07  -80
9530  3.55594e-07  -80
9535  3.55594e-07  -80
9540  3.55594e-07  -80
9545  3.55594e-07  -80
9550  3.55594e-07  -80
9555  3.55594e-07  -80
9560  3.55594e-07  -80
9565  3.55594e-07  -80
9570  3.55594e-07  -80
9575  3.55594e-07  -80
9580  3.55594e-07  -80
9585  3.55594e-07  -80
9590  3.55594e-07  -80
9595  3.55594e-07  -80
9600  3.55594e-07  -80
9605  3.55594e-07  -80
9610  3.55594e-07  -80
9615  3.55594e-07  -80
9620  3.55594e-07  -80
9625  3.55594e-07  -80
9630  3.55594e-07  -80
9635  3.55594e-07  -80
9640  3.55594e-07  -80
9645  3.55594e-07  -80
9650  3.55594e-07  -80
9655  3.55594e-07  -80
9660  3.55594e-07  -80
9665  3.55594e-07  -80
9670  3.55594e-07  -80
9675  3.55594e-07  -80
9680  3.55594e-07  -80
9685  3.55594e-07  -80
9690  3.55594e-07  -80
9695  3.55594e-07  -80
9700  3.55594e-07  -80
9705  3.55594e-07  -80
9710  3.55594e-07  -80
9715  3.55594e-07  -80
9720  3.55594e-07  -80
9725  3.55594e-07  -80
9730  3.55594e-07  -80
9735  3.55594e-07  -80
9740  3.55594e-07  -80
9745  3.55594e-07  -80
9750  3.55594e-07  -80
9755  3.55594e-07  -80
9760  3.55594e-07  -80
9765  3.55594e-07  -80
9770  3.55594e-07  -80
9775  3.55594e-07  -80
9780  3.55594e-07  -80
9785  3.55594e-07  -80
9790  3.55594e-07  -80
9795  3.55594e-07  -80
9800  3.55594e-07  -80
9805  3.55594e-07  -80
9810  3.55594e-07  -80
9815  3.55594e-07  -80
9820  3.55594e-07  -80
9825  3.55594e-07  -80
9830  3.55594e-07  -80
9835  3.55594e-07  -80
9840  3.55594e-07  -80
9845  3.55594e-07  -80
9850  3.55594e-07  -80
9855  3.55594e-07  -80
9860  3.55594e-07  -80
9865  3.55594e-07  -80
9870  3.55594e-07  -80
9875  3.55594e-07  -80
9880  3.55594e-07  -80
9885  3.55594e-07  -80
9890  3.55594e-07  -80
9895  3.55594e-07  -80
9900  3.55594e-07  -80
9905  3.55594e-07  -80
9910  3.55594e-07  -80
9915  3.55594e-07  -80
9920  3.55594e-07  -80
9925  3.55594e-07  -80
9930  3.55594e-07  -80
9935  3.55594e-07  -80
9940  3.55594e-07  -80
9945  3.55594e-07  -80
9950  3.55594e-07  -80
9955  3.55594e-07  -80
9960  3.55594e-07  -80
9965  3.55594e-07  -80
9970  3.55594e-07  -80
9975  3.55594e-07  -80
9980  3.55594e-07  -80
9985  3.55594e-07  -80
9990  3.55594e-07  -80
9995  3.55594e-07  -80
10000  1.15974e-05  40
10005  0.000763463  40
10010  0.0030469  40
10015  0.00634579  40
10020  0.00994695  40
10025  0.0133991  40
10030  0.0164647  40
10035  0.0190436  40
10040  0.0211172  40
10045  0.0227126  40
10050  0.0238794  40
10055  0.0246761  40
10060  0.0251621  40
10065  0.0253928  40
10070  0.0254178  40
10075  0.02528  40
10080  0.0250159  40
10085  0.0246555  40
10090  0.0242238  40
10095  0.0237407  40
10100  0.0232223  40
10105  0.0226813  40
10110  0.0221278  40
10115  0.0215694  40
10120  0.0210123  40
10125  0.020461  40
10130  0.0199188  40
10135  0.0193882  40
10140  0.0188712  40
10145  0.0183688  40
10150  0.0178818  40
10155  0.0174109  40
10160  0.016956  40
10165  0.0165174  40
10170  0.0160947  40
10175  0.0156878  40
10180  0.0152964  40
10185  0.01492  40
10190  0.0145583  40
10195  0.0142108  40
10200  0.013877  40
10205  0.0135564  40
10210  0.0132487  40
10215  0.0129533  40
10220  0.0126698  40
10225  0.0123976  40
10230  0.0121365  40
10235  0.0118859  40
10240  0.0116455  40
10245  0.0114147  40
10250  0.0111934  40
10255  0.010981  40
10260  0.0107772  40
10265  0.0105817  40
10270  0.0103942  40
10275  0.0102142  40
10280  0.0100416  40
10285  0.00987596  40
10290  0.00971707  40
10295  0.00956464  40
10300  0.0094184  40
10305  0.00927811  40
10310  0.00914353  40
10315  0.00901441  40
10320  0.00889054  40
10325  0.00877171  40
10330  0.00865771  40
10335  0.00854835  40
10340  0.00844343  40
10345  0.00834278  40
10350  0.00824622  40
10355  0.00815359  40
10360  0.00806472  40
10365  0.00797947  40
10370  0.00789768  40
10375  0.00781922  40
10380  0.00774395  40
10385  0.00767174  40
10390  0.00760246  40
10395  0.007536  40
10400  0.00747225  40
10405  0.00741109  40
10410  0.00735241  40
10415  0.00729612  40
10420  0.00724212  40
10425  0.00719031  40
10430  0.00714061  40
10435  0.00709294  40
10440  0.0070472  40
10445  0.00700332  40
10450  0.00696122  40
10455  0.00692084  40
10460  0.0068821  40
10465  0.00684493  40
10470  0.00680927  40
10475  0.00677507  40
10480  0.00674225  40
10485  0.00671077  40
10490  0.00668057  40
10495  0.0066516  40
10500  0.00662381  40
10505  0.00659714  40
10510  0.00657156  40
10515  0.00654702  40
10520  0.00652348  40
10525  0.0065009  40
10530  0.00647923  40
10535  0.00645844  40
10540  0.0064385  40
10545  0.00641937  40
10550  0.00640102  40
10555  0.00638342  40
10560  0.00636653  40
10565  0.00635032  40
10570  0.00633478  40
10575  0.00631987  40
10580  0.00630556  40
10585  0.00629184  40
10590  0.00627867  40
10595  0.00626604  40
10600  0.00625393  40
10605  0.0062423  40
10610  0.00623115  40
10615  0.00622045  40
10620  0.00621019  40
10625  0.00620034  40
10630  0.0061909  40
10635  0.00618184  40
10640  0.00617314  40
10645  0.0061648  40
10650  0.0061568  40
10655  0.00614913  40
10660  0.00614176  40
10665  0.0061347  40
10670  0.00612792  40
10675  0.00612142  40
10680  0.00611519  40
10685  0.0061092  40
10690  0.00610346  40
10695  0.00609796  40
10700  0.00609268  40
10705  0.00608761  40
10710  0.00608275  40
10715  0.00607808  40
10720  0.00607361  40
10725  0.00606932  40
10730  0.0060652  40
10735  0.00606125  40
10740  0.00605746  40
10745  0.00605382  40
10750  0.00605034  40
10755  0.00604699  40
10760  0.00604378  40
10765  0.0060407  40
10770  0.00603775  40
10775  0.00603491  40
10780  0.00603219  40
10785  0.00602958  40
10790  0.00602708  40
10795  0.00602468  40
10800  0.00602238  40
10805  0.00602017  40
10810  0.00601805  40
10815  0.00601602  40
10820  0.00601407  40
10825  0.0060122  40
10830  0.0060104  40
10835  0.00600868  40
10840  0.00600703  40
10845  0.00600544  40
10850  0.00600392  40
10855  0.00600246  40
10860  0.00600106  40
10865  0.00599972  40
10870  0.00599843  40
10875  0.0059972  40
10880  0.00599601  40
10885  0.00599487  40
10890  0.00599378  40
10895  0.00599274  40
10900  0.00599173  40
10905  0.00599077  40
10910  0.00598985  40
10915  0.00598896  40
10920  0.00598811  40
10925  0.00598729  40
10930  0.00598651  40
10935  0.00598576  40
10940  0.00598504  40
10945  0.00598435  40
10950  0.00598369  40
10955  0.00598305  40
10960  0.00598244  40
10965  0.00598185  40
10970  0.00598129  40
10975  0.00598075  40
10980  0.00598024  40
10985  0.00597974  40
10990  0.00597927  40
10995  0.00597881  40
11000  -0.00202682  -120
11000  0.00138096  -60
11005  0.0348878  -60
11010  0.0630008  -60
11015  0.0865431  -60
11020  0.106213  -60
11025  0.122601  -60
11030  0.13621  -60
11035  0.147465  -60
11040  0.156726  -60
11045  0.1643  -60
11050  0.170445  -60
11055  0.175381  -60
11060  0.179294  -60
11065  0.182343  -60
11070  0.184661  -60
11075  0.186362  -60
11080  0.187542  -60
11085  0.188283  -60
11090  0.188653  -60
11095  0.188711  -60
11100  0.188508  -60
11105  0.188084  -60
11110  0.187477  -60
11115  0.186715  -60
11120  0.185824  -60
11125  0.184827  -60
11130  0.183742  -60
11135  0.182584  -60
11140  0.181366  -60
11145  0.180099  -60
11150  0.178794  -60
11155  0.177457  -60
11160  0.176096  -60
11165  0.174716  -60
11170  0.173323  -60
11175  0.17192  -60
11180  0.17051  -60
11185  0.169098  -60
11190  0.167684  -60
11195  0.166271  -60
11200  0.164861  -60
11205  0.163455  -60
11210  0.162055  -60
11215  0.160661  -60
11220  0.159275  -60
11225  0.157896  -60
11230  0.156526  -60
11235  0.155165  -60
11240  0.153814  -60
11245  0.152472  -60
11250  0.15114  -60
11255  0.149818  -60
11260  0.148507  -60
11265  0.147206  -60
11270  0.145915  -60
11275  0.144635  -60
11280  0.143366  -60
11285  0.142107  -60
11290  0.140859  -60
11295  0.139621  -60
11300  0.138394  -60
11305  0.137178  -60
11310  0.135972  -60
11315  0.134776  -60
11320  0.133591  -60
11325  0.132416  -60
11330  0.131251  -60
11335  0.130096  -60
11340  0.128952  -60
11345  0.127817  -60
11350  0.126692  -60
11355  0.125577  -60
11360  0.124472  -60
11365  0.123377  -60
11370  0.122291  -60
11375  0.121215  -60
11380  0.120148  -60
11385  0.119091  -60
11390  0.118043  -60
11395  0.117004  -60
11400  0.115974  -60
11405  0.114953  -60
11410  0.113942  -60
11415  0.112939  -60
11420  0.111945  -60
11425  0.110959  -60
11430  0.109983  -60
11435  0.109015  -60
11440  0.108055  -60
11445  0.107104  -60
11450  0.106162  -60
11455  0.105228  -60
11460  0.104301  -60
11465  0.103383  -60
11470  0.102474  -60
11475  0.101572  -60
11480  0.100678  -60
11485  0.0997918  -60
11490  0.0989135  -60
11495  0.098043  -60
11500  0.0971802  -60
11505  0.096325  -60
11510  0.0954773  -60
11515  0.094637  -60
11520  0.0938042  -60
11525  0.0929787  -60
11530  0.0921604  -60
11535  0.0913494  -60
11540  0.0905455  -60
11545  0.0897487  -60
11550  0.0889589  -60
11555  0.0881761  -60
11560  0.0874002  -60
11565  0.0866311  -60
11570  0.0858687  -60
11575  0.0851131  -60
11580  0.0843642  -60
11585  0.0836218  -60
11590  0.082886  -60
11595  0.0821566  -60
11600  0.0814337  -60
11605  0.0807171  -60
11610  0.0800069  -60
11615  0.0793029  -60
11620  0.0786051  -60
11625  0.0779135  -60
11630  0.0772279  -60
11635  0.0765484  -60
11640  0.0758749  -60
11645  0.0752073  -60
11650  0.0745456  -60
11655  0.0738897  -60
11660  0.0732396  -60
11665  0.0725952  -60
11670  0.0719565  -60
11675  0.0713234  -60
11680  0.0706959  -60
11685  0.0700739  -60
11690  0.0694574  -60
11695  0.0688463  -60
11700  0.0682407  -60
11705  0.0676403  -60
11710  0.0670452  -60
11715  0.0664554  -60
11720  0.0658708  -60
11725  0.0652913  -60
11730  0.0647169  -60
11735  0.0641476  -60
11740  0.0635833  -60
11745  0.0630239  -60
11750  0.0624695  -60
11755  0.06192  -60
11760  0.0613753  -60
11765  0.0608354  -60
11770  0.0603003  -60
11775  0.0597699  -60
11780  0.0592441  -60
11785  0.058723  -60
11790  0.0582065  -60
11795  0.0576945  -60
11800  0.057187  -60
11805  0.056684  -60
11810  0.0561854  -60
11815  0.0556912  -60
11820  0.0552014  -60
11825  0.0547159  -60
11830  0.0542347  -60
11835  0.0537577  -60
11840  0.0532849  -60
11845  0.0528162  -60
11850  0.0523517  -60
11855  0.0518913  -60
11860  0.0514349  -60
11865  0.0509826  -60
11870  0.0505342  -60
11875  0.0500898  -60
11880  0.0496493  -60
11885  0.0492127  -60
11890  0.04878  -60
11895  0.048351  -60
11900  0.0479258  -60
11905  0.0475044  -60
11910  0.0470867  -60
11915  0.0466726  -60
11920  0.0462622  -60
11925  0.0458554  -60
11930  0.0454522  -60
11935  0.0450526  -60
11940  0.0446565  -60
11945  0.0442638  -60
11950  0.0438746  -60
11955  0.0434889  -60
11960  0.0431065  -60
11965  0.0427275  -60
11970  0.0423519  -60
11975  0.0419795  -60
11980  0.0416105  -60
11985  0.0412447  -60
11990  0.0408821  -60
11995  0.0405227  -60
12000  0.0401664  -60
12005  0.0398133  -60
12010  0.0394634  -60
12015  0.0391165  -60
12020  0.0387726  -60
12025  0.0384318  -60
12030  0.038094  -60
12035  0.0377591  -60
12040  0.0374272  -60
12045  0.0370983  -60
12050  0.0367722  -60
12055  0.036449  -60
12060  0.0361286  -60
12065  0.0358111  -60
12070  0.0354964  -60
12075  0.0351844  -60
12080  0.0348752  -60
12085  0.0345687  -60
12090  0.0342649  -60
12095  0.0339638  -60
12100  0.0336653  -60
12105  0.0333695  -60
12110  0.0330763  -60
12115  0.0327856  -60
12120  0.0324975  -60
12125  0.032212  -60
12130  0.0319289  -60
12135  0.0316484  -60
12140  0.0313703  -60
12145  0.0310947  -60
12150  0.0308215  -60
12155  0.0305507  -60
12160  0.0302823  -60
12165  0.0300163  -60
12170  0.0297526  -60
12175  0.0294912  -60
12180  0.0292321  -60
12185  0.0289753  -60
12190  0.0287208  -60
12195  0.0284685  -60
12200  0.0282184  -60
12205  0.0279706  -60
12210  0.0277249  -60
12215  0.0274814  -60
12220  0.02724  -60
12225  0.0270008  -60
12230  0.0267636  -60
12235  0.0265286  -60
12240  0.0262956  -60
12245  0.0260647  -60
12250  0.0258358  -60
12255  0.0256089  -60
12260  0.025384  -60
12265  0.0251611  -60
12270  0.0249402  -60
12275  0.0247212  -60
12280  0.0245041  -60
12285  0.024289  -60
12290  0.0240757  -60
12295  0.0238643  -60
12300  0.0236548  -60
12305  0.0234472  -60
12310  0.0232413  -60
12315  0.0230373  -60
12320  0.0228351  -60
12325  0.0226346  -60
12330  0.0224359  -60
12335  0.022239  -60
12340  0.0220438  -60
12345  0.0218503  -60
12350  0.0216585  -60
12355  0.0214684  -60
12360  0.02128  -60
12365  0.0210933  -60
12370  0.0209082  -60
12375  0.0207247  -60
12380  0.0205428  -60
12385  0.0203626  -60
12390  0.0201839  -60
12395  0.0200068  -60
12400  0.0198312  -60
12405  0.0196573  -60
12410  0.0194848  -60
12415  0.0193138  -60
12420  0.0191444  -60
12425  0.0189765  -60
12430  0.01881  -60
12435  0.018645  -60
12440  0.0184815  -60
12445  0.0183193  -60
12450  0.0181587  -60
12455  0.0179994  -60
12460  0.0178415  -60
12465  0.0176851  -60
12470  0.01753  -60
12475  0.0173763  -60
12480  0.0172239  -60
12485  0.0170729  -60
12490  0.0169232  -60
12495  0.0167748  -60
12500  0.0166277  -60
12505  0.0164819  -60
12510  0.0163374  -60
12515  0.0161942  -60
12520  0.0160522  -60
12525  0.0159115  -60
12530  0.0157721  -60
12535  0.0156338  -60
12540  0.0154968  -60
12545  0.015361  -60
12550  0.0152264  -60
12555  0.0150929  -60
12560  0.0149607  -60
12565  0.0148296  -60
12570  0.0146996  -60
12575  0.0145708  -60
12580  0.0144432  -60
12585  0.0143166  -60
12590  0.0141912  -60
12595  0.0140669  -60
12600  0.0139436  -60
12605  0.0138215  -60
12610  0.0137004  -60
12615  0.0135804  -60
12620  0.0134615  -60
12625  0.0133436  -60
12630  0.0132268  -60
12635  0.0131109  -60
12640  0.0129961  -60
12645  0.0128823  -60
12650  0.0127695  -60
12655  0.0126577  -60
12660  0.0125469  -60
12665  0.0124371  -60
12670  0.0123282  -60
12675  0.0122203  -60
12680  0.0121134  -60
12685  0.0120073  -60
12690  0.0119022  -60
12695  0.0117981  -60
12700  0.0116948  -60
12705  0.0115925  -60
12710  0.0114911  -60
12715  0.0113905  -60
12720  0.0112909  -60
12725  0.0111921  -60
12730  0.0110942  -60
12735  0.0109972  -60
12740  0.010901  -60
12745  0.0108056  -60
12750  0.0107111  -60
12755  0.0106175  -60
12760  0.0105246  -60
12765  0.0104326  -60
12770  0.0103414  -60
12775  0.010251  -60
12780  0.0101613  -60
12785  0.0100725  -60
12790  0.00998448  -60
12795  0.00989721  -60
12800  0.00981071  -60
12805  0.00972497  -60
12810  0.00963999  -60
12815  0.00955575  -60
12820  0.00947226  -60
12825  0.0093895  -60
12830  0.00930747  -60
12835  0.00922616  -60
12840  0.00914557  -60
12845  0.00906569  -60
12850  0.00898652  -60
12855  0.00890804  -60
12860  0.00883025  -60
12865  0.00875315  -60
12870  0.00867672  -60
12875  0.00860097  -60
12880  0.00852589  -60
12885  0.00845146  -60
12890  0.0083777  -60
12895  0.00830458  -60
12900  0.0082321  -60
12905  0.00816027  -60
12910  0.00808907  -60
12915  0.00801849  -60
12920  0.00794854  -60
12925  0.0078792  -60
12930  0.00781047  -60
12935  0.00774235  -60
12940  0.00767483  -60
12945  0.0076079  -60
12950  0.00754156  -60
12955  0.00747581  -60
12960  0.00741064  -60
12965  0.00734604  -60
12970  0.00728201  -60
12975  0.00721854  -60
12980  0.00715563  -60
12985  0.00709328  -60
12990  0.00703147  -60
12995  0.00697021  -60
13000  0.00690949  -60
13005  0.0068493  -60
13010  0.00678965  -60
13015  0.00673052  -60
13020  0.00667191  -60
13025  0.00661381  -60
13030  0.00655623  -60
13035  0.00649915  -60
13040  0.00644258  -60
13045  0.00638651  -60
13050  0.00633093  -60
13055  0.00627584  -60
13060  0.00622123  -60
13065  0.00616711  -60
13070  0.00611346  -60
13075  0.00606028  -60
13080  0.00600758  -60
13085  0.00595533  -60
13090  0.00590355  -60
13095  0.00585222  -60
13100  0.00580135  -60
13105  0.00575092  -60
13110  0.00570094  -60
13115  0.0056514  -60
13120  0.00560229  -60
13125  0.00555362  -60
13130  0.00550537  -60
13135  0.00545755  -60
13140  0.00541016  -60
13145  0.00536318  -60
13150  0.00531661  -60
13155  0.00527045  -60
13160  0.0052247  -60
13165  0.00517935  -60
13170  0.0051344  -60
13175  0.00508985  -60
13180  0.00504569  -60
13185  0.00500192  -60
13190  0.00495854  -60
13195  0.00491553  -60
13200  0.00487291  -60
13205  0.00483066  -60
13210  0.00478878  -60
13215  0.00474727  -60
13220  0.00470613  -60
13225  0.00466535  -60
13230  0.00462493  -60
13235  0.00458486  -60
13240  0.00454515  -60
13245  0.00450579  -60
13250  0.00446677  -60
13255  0.0044281  -60
13260  0.00438977  -60
13265  0.00435177  -60
13270  0.00431411  -60
13275  0.00427679  -60
13280  0.00423979  -60
13285  0.00420311  -60
13290  0.00416676  -60
13295  0.00413073  -60
13300  0.00409502  -60
13305  0.00405962  -60
13310  0.00402454  -60
13315  0.00398976  -60
13320  0.00395529  -60
13325  0.00392112  -60
13330  0.00388725  -60
13335  0.00385369  -60
13340  0.00382041  -60
13345  0.00378743  -60
13350  0.00375475  -60
13355  0.00372234  -60
13360  0.00369023  -60
13365  0.0036584  -60
13370  0.00362684  -60
13375  0.00359557  -60
13380  0.00356457  -60
13385  0.00353384  -60
13390  0.00350339  -60
13395  0.0034732  -60
13400  0.00344328  -60
13405  0.00341362  -60
13410  0.00338422  -60
13415  0.00335509  -60
13420  0.0033262  -60
13425  0.00329758  -60
13430  0.0032692  -60
13435  0.00324108  -60
13440  0.0032132  -60
13445  0.00318557  -60
13450  0.00315818  -60
13455  0.00313103  -60
13460  0.00310413  -60
13465  0.00307746  -60
13470  0.00305102  -60
13475  0.00302482  -60
13480  0.00299884  -60
13485  0.0029731  -60
13490  0.00294758  -60
13495  0.00292229  -60
13500  0.00289722  -60
13505  0.00287237  -60
13510  0.00284774  -60
13515  0.00282333  -60
13520  0.00279913  -60
13525  0.00277515  -60
13530  0.00275138  -60
13535  0.00272781  -60
13540  0.00270445  -60
13545  0.0026813  -60
13550  0.00265836  -60
13555  0.00263561  -60
13560  0.00261307  -60
13565  0.00259072  -60
13570  0.00256857  -60
13575  0.00254662  -60
13580  0.00252486  -60
13585  0.00250329  -60
13590  0.00248191  -60
13595  0.00246072  -60
13600  0.00243972  -60
13605  0.0024189  -60
13610  0.00239826  -60
13615  0.00237781  -60
13620  0.00235753  -60
13625  0.00233744  -60
13630  0.00231752  -60
13635  0.00229778  -60
13640  0.00227821  -60
13645  0.00225881  -60
13650  0.00223958  -60
13655  0.00222053  -60
13660  0.00220164  -60
13665  0.00218292  -60
13670  0.00216436  -60
13675  0.00214597  -60
13680  0.00212773  -60
13685  0.00210966  -60
13690  0.00209175  -60
13695  0.002074  -60
13700  0.0020564  -60
13705  0.00203896  -60
13710  0.00202167  -60
13715  0.00200453  -60
13720  0.00198754  -60
13725  0.00197071  -60
13730  0.00195402  -60
13735  0.00193748  -60
13740  0.00192108  -60
13745  0.00190483  -60
13750  0.00188872  -60
13755  0.00187275  -60
13760  0.00185693  -60
13765  0.00184124  -60
13770  0.00182569  -60
13775  0.00181028  -60
13780  0.00179501  -60
13785  0.00177987  -60
13790  0.00176486  -60
13795  0.00174998  -60
13800  0.00173524  -60
13805  0.00172063  -60
13810  0.00170614  -60
13815  0.00169178  -60
13820  0.00167755  -60
13825  0.00166344  -60
13830  0.00164946  -60
13835  0.0016356  -60
13840  0.00162187  -60
13845  0.00160825  -60
13850  0.00159475  -60
13855  0.00158138  -60
13860  0.00156812  -60
13865  0.00155497  -60
13870  0.00154195  -60
13875  0.00152904  -60
13880  0.00151624  -60
13885  0.00150355  -60
13890  0.00149098  -60
13895  0.00147851  -60
13900  0.00146616  -60
13905  0.00145392  -60
13910  0.00144178  -60
13915  0.00142975  -60
13920  0.00141783  -60
13925  0.00140601  -60
13930  0.00139429  -60
13935  0.00138268  -60
13940  0.00137117  -60
13945  0.00135976  -60
13950  0.00134846  -60
13955  0.00133725  -60
13960  0.00132614  -60
13965  0.00131513  -60
13970  0.00130421  -60
13975  0.00129339  -60
13980  0.00128267  -60
13985  0.00127204  -60
13990  0.00126151  -60
13995  0.00125107  -60
14000  0.00124072  -60
14005  0.00123046  -60
14010  0.00122029  -60
14015  0.00121021  -60
14020  0.00120022  -60
14025  0.00119032  -60
14030  0.0011805  -60
14035  0.00117077  -60
14040  0.00116113  -60
14045  0.00115157  -60
14050  0.0011421  -60
14055  0.00113271  -60
14060  0.0011234  -60
14065  0.00111417  -60
14070  0.00110503  -60
14075  0.00109597  -60
14080  0.00108698  -60
14085  0.00107808  -60
14090  0.00106925  -60
14095  0.0010605  -60
14100  0.00105183  -60
14105  0.00104323  -60
14110  0.00103471  -60
14115  0.00102627  -60
14120  0.0010179  -60
14125  0.0010096  -60
14130  0.00100138  -60
14135  0.000993228  -60
14140  0.000985149  -60
14145  0.000977141  -60
14150  0.000969203  -60
14155  0.000961336  -60
14160  0.000953537  -60
14165  0.000945808  -60
14170  0.000938146  -60
14175  0.000930552  -60
14180  0.000923025  -60
14185  0.000915564  -60
14190  0.000908169  -60
14195  0.000900838  -60
14200  0.000893573  -60
14205  0.000886371  -60
14210  0.000879233  -60
14215  0.000872158  -60
14220  0.000865145  -60
14225  0.000858194  -60
14230  0.000851304  -60
14235  0.000844475  -60
14240  0.000837706  -60
14245  0.000830996  -60
14250  0.000824346  -60
14255  0.000817754  -60
14260  0.00081122  -60
14265  0.000804744  -60
14270  0.000798325  -60
14275  0.000791962  -60
14280  0.000785655  -60
14285  0.000779404  -60
14290  0.000773208  -60
14295  0.000767067  -60
14300  0.000760979  -60
14305  0.000754946  -60
14310  0.000748965  -60
14315  0.000743037  -60
14320  0.000737161  -60
14325  0.000731337  -60
14330  0.000725565  -60
14335  0.000719843  -60
14340  0.000714172  -60
14345  0.00070855  -60
14350  0.000702978  -60
14355  0.000697455  -60
14360  0.000691981  -60
14365  0.000686555  -60
14370  0.000681177  -60
14375  0.000675846  -60
14380  0.000670562  -60
14385  0.000665324  -60
14390  0.000660133  -60
14395  0.000654988  -60
14400  0.000649887  -60
14405  0.000644832  -60
14410  0.000639821  -60
14415  0.000634855  -60
14420  0.000629932  -60
14425  0.000625052  -60
14430  0.000620216  -60
14435  0.000615422  -60
14440  0.00061067  -60
14445  0.00060596  -60
14450  0.000601292  -60
14455  0.000596664  -60
14460  0.000592078  -60
14465  0.000587532  -60
14470  0.000583025  -60
14475  0.000578559  -60
14480  0.000574132  -60
14485  0.000569744  -60
14490  0.000565394  -60
14495  0.000561083  -60
14500  0.00055681  -60
14505  0.000552575  -60
14510  0.000548376  -60
14515  0.000544215  -60
14520  0.00054009  -60
14525  0.000536002  -60
14530  0.00053195  -60
14535  0.000527933  -60
14540  0.000523952  -60
14545  0.000520006  -60
14550  0.000516095  -60
14555  0.000512218  -60
14560  0.000508375  -60
14565  0.000504566  -60
14570  0.000500791  -60
14575  0.000497048  -60
14580  0.000493339  -60
14585  0.000489663  -60
14590  0.000486019  -60
14595  0.000482406  -60
14600  0.000478826  -60
14605  0.000475278  -60
14610  0.00047176  -60
14615  0.000468274  -60
14620  0.000464818  -60
14625  0.000461393  -60
14630  0.000457997  -60
14635  0.000454632  -60
14640  0.000451297  -60
14645  0.00044799  -60
14650  0.000444713  -60
14655  0.000441465  -60
14660  0.000438245  -60
14665  0.000435054  -60
14670  0.000431891  -60
14675  0.000428756  -60
14680  0.000425648  -60
14685  0.000422568  -60
14690  0.000419514  -60
14695  0.000416488  -60
14700  0.000413488  -60
14705  0.000410515  -60
14710  0.000407568  -60
14715  0.000404647  -60
14720  0.000401752  -60
14725  0.000398882  -60
14730  0.000396037  -60
14735  0.000393218  -60
14740  0.000390423  -60
14745  0.000387653  -60
14750  0.000384907  -60
14755  0.000382186  -60
14760  0.000379488  -60
14765  0.000376814  -60
14770  0.000374164  -60
14775  0.000371537  -60
14780  0.000368933  -60
14785  0.000366353  -60
14790  0.000363795  -60
14795  0.000361259  -60
14800  0.000358746  -60
14805  0.000356255  -60
14810  0.000353785  -60
14815  0.000351338  -60
14820  0.000348912  -60
14825  0.000346508  -60
14830  0.000344124  -60
14835  0.000341762  -60
14840  0.000339421  -60
14845  0.0003371  -60
14850  0.000334799  -60
14855  0.000332519  -60
14860  0.000330259  -60
14865  0.000328019  -60
14870  0.000325798  -60
14875  0.000323597  -60
14880  0.000321416  -60
14885  0.000319254  -60
14890  0.00031711  -60
14895  0.000314986  -60
14900  0.00031288  -60
14905  0.000310793  -60
14910  0.000308724  -60
14915  0.000306674  -60
14920  0.000304641  -60
14925  0.000302627  -60
14930  0.00030063  -60
14935  0.000298651  -60
14940  0.000296689  -60
14945  0.000294744  -60
14950  0.000292817  -60
14955  0.000290906  -60
14960  0.000289013  -60
