0.005  1.3148e-17  -80
5.005  6.11354e-10  -80
10.005  2.35079e-09  -80
15.005  5.03796e-09  -80
20.005  8.51832e-09  -80
25.005  1.26595e-08  -80
30.005  1.73481e-08  -80
35.005  2.24867e-08  -80
40.005  2.79913e-08  -80
45.005  3.379e-08  -80
50.005  3.98206e-08  -80
55.005  4.60299e-08  -80
60.005  5.23717e-08  -80
65.005  5.88064e-08  -80
70.005  6.53e-08  -80
75.005  7.18232e-08  -80
80.005  7.83509e-08  -80
85.005  8.48614e-08  -80
90.005  9.13365e-08  -80
95.005  9.77604e-08  -80
100.005  1.0412e-07  -80
105.005  1.10404e-07  -80
110.005  1.16602e-07  -80
115.005  1.22708e-07  -80
120.005  1.28715e-07  -80
125.005  1.34616e-07  -80
130.005  1.40409e-07  -80
135.005  1.4609e-07  -80
140.005  1.51656e-07  -80
145.005  1.57106e-07  -80
150.005  1.62438e-07  -80
155.005  1.67652e-07  -80
160.005  1.72747e-07  -80
165.005  1.77725e-07  -80
170.005  1.82584e-07  -80
175.005  1.87326e-07  -80
180.005  1.91952e-07  -80
185.005  1.96464e-07  -80
190.005  2.00863e-07  -80
195.005  2.0515e-07  -80
200.005  2.09327e-07  -80
205.005  2.13396e-07  -80
210.005  2.17359e-07  -80
215.005  2.21218e-07  -80
220.005  2.24975e-07  -80
225.005  2.28632e-07  -80
230.005  2.32191e-07  -80
235.005  2.35654e-07  -80
240.005  2.39024e-07  -80
245.005  2.42303e-07  -80
250.005  2.45492e-07  -80
255.005  2.48594e-07  -80
260.005  2.51611e-07  -80
265.005  2.54544e-07  -80
270.005  2.57397e-07  -80
275.005  2.60171e-07  -80
280.005  2.62869e-07  -80
285.005  2.65491e-07  -80
290.005  2.6804e-07  -80
295.005  2.70518e-07  -80
300.005  2.72927e-07  -80
305.005  2.75269e-07  -80
310.005  2.77545e-07  -80
315.005  2.79757e-07  -80
320.005  2.81907e-07  -80
325.005  2.83997e-07  -80
330.005  2.86028e-07  -80
335.005  2.88002e-07  -80
340.005  2.8992e-07  -80
345.005  2.91784e-07  -80
350.005  2.93595e-07  -80
355.005  2.95356e-07  -80
360.005  2.97066e-07  -80
365.005  2.98729e-07  -80
370.005  3.00344e-07  -80
375.005  3.01913e-07  -80
380.005  3.03438e-07  -80
385.005  3.0492e-07  -80
390.005  3.0636e-07  -80
395.005  3.07759e-07  -80
400.005  3.09119e-07  -80
405.005  3.1044e-07  -80
410.005  3.11723e-07  -80
415.005  3.1297e-07  -80
420.005  3.14182e-07  -80
425.005  3.15359e-07  -80
430.005  3.16503e-07  -80
435.005  3.17614e-07  -80
440.005  3.18694e-07  -80
445.005  3.19743e-07  -80
450.005  3.20763e-07  -80
455.005  3.21753e-07  -80
460.005  3.22715e-07  -80
465.005  3.2365e-07  -80
470.005  3.24559e-07  -80
475.005  3.25441e-07  -80
480.005  3.26299e-07  -80
485.005  3.27132e-07  -80
490.005  3.27941e-07  -80
495.005  3.28728e-07  -80
500.005  3.29492e-07  -80
505.005  3.30234e-07  -80
510.005  3.30955e-07  -80
515.005  3.31656e-07  -80
520.005  3.32337e-07  -80
525.005  3.32998e-07  -80
530.005  3.33641e-07  -80
535.005  3.34265e-07  -80
540.005  3.34872e-07  -80
545.005  3.35461e-07  -80
550.005  3.36034e-07  -80
555.005  3.3659e-07  -80
560.005  3.37131e-07  -80
565.005  3.37656e-07  -80
570.005  3.38166e-07  -80
575.005  3.38662e-07  -80
580.005  3.39144e-07  -80
585.005  3.39611e-07  -80
590.005  3.40066e-07  -80
595.005  3.40508e-07  -80
600.005  3.40937e-07  -80
605.005  3.41354e-07  -80
610.005  3.41759e-07  -80
615.005  3.42152e-07  -80
620.005  3.42535e-07  -80
625.005  3.42906e-07  -80
630.005  3.43267e-07  -80
635.005  3.43618e-07  -80
640.005  3.43958e-07  -80
645.005  3.44289e-07  -80
650.005  3.44611e-07  -80
655.005  3.44923e-07  -80
660.005  3.45227e-07  -80
665.005  3.45522e-07  -80
670.005  3.45808e-07  -80
675.005  3.46086e-07  -80
680.005  3.46357e-07  -80
685.005  3.4662e-07  -80
690.005  3.46875e-07  -80
695.005  3.47123e-07  -80
700.005  3.47364e-07  -80
705.005  3.47598e-07  -80
710.005  3.47825e-07  -80
715.005  3.48046e-07  -80
720.005  3.48261e-07  -80
725.005  3.4847e-07  -80
730.005  3.48672e-07  -80
735.005  3.48869e-07  -80
740.005  3.4906e-07  -80
745.005  3.49246e-07  -80
750.005  3.49427e-07  -80
755.005  3.49602e-07  -80
760.005  3.49773e-07  -80
765.005  3.49938e-07  -80
770.005  3.50099e-07  -80
775.005  3.50255e-07  -80
780.005  3.50407e-07  -80
785.005  3.50555e-07  -80
790.005  3.50698e-07  -80
795.005  3.50837e-07  -80
800.005  3.50973e-07  -80
805.005  3.51104e-07  -80
810.005  3.51232e-07  -80
815.005  3.51356e-07  -80
820.005  3.51476e-07  -80
825.005  3.51593e-07  -80
830.005  3.51707e-07  -80
835.005  3.51818e-07  -80
840.005  3.51925e-07  -80
845.005  3.5203e-07  -80
850.005  3.52131e-07  -80
855.005  3.52229e-07  -80
860.005  3.52325e-07  -80
865.005  3.52418e-07  -80
870.005  3.52508e-07  -80
875.005  3.52596e-07  -80
880.005  3.52681e-07  -80
885.005  3.52764e-07  -80
890.005  3.52845e-07  -80
895.005  3.52923e-07  -80
900.005  3.52999e-07  -80
905.005  3.53073e-07  -80
910.005  3.53144e-07  -80
915.005  3.53214e-07  -80
920.005  3.53282e-07  -80
925.005  3.53348e-07  -80
930.005  3.53411e-07  -80
935.005  3.53473e-07  -80
940.005  3.53534e-07  -80
945.005  3.53592e-07  -80
950.005  3.53649e-07  -80
955.005  3.53705e-07  -80
960.005  3.53758e-07  -80
965.005  3.53811e-07  -80
970.005  3.53861e-07  -80
975.005  3.53911e-07  -80
980.005  3.53958e-07  -80
985.005  3.54005e-07  -80
990.005  3.5405e-07  -80
995.005  3.54094e-07  -80
1000  3.54137e-07  -80
1005  3.54178e-07  -80
1010  3.54218e-07  -80
1015  3.54258e-07  -80
1020  3.54296e-07  -80
1025  3.54332e-07  -80
1030  3.54368e-07  -80
1035  3.54403e-07  -80
1040  3.54437e-07  -80
1045  3.5447e-07  -80
1050  3.54502e-07  -80
1055  3.54533e-07  -80
1060  3.54563e-07  -80
1065.01  3.54592e-07  -80
1070.01  3.54621e-07  -80
1075.01  3.54649e-07  -80
1080.01  3.54675e-07  -80
1085.01  3.54702e-07  -80
1090.01  3.54727e-07  -80
1095.01  3.54752e-07  -80
1100.01  3.54776e-07  -80
1105.01  3.54799e-07  -80
1110.01  3.54821e-07  -80
1115.01  3.54843e-07  -80
1120.01  3.54865e-07  -80
1125.01  3.54885e-07  -80
1130.01  3.54906e-07  -80
1135.01  3.54925e-07  -80
1140.01  3.54944e-07  -80
1145.01  3.54963e-07  -80
1150.01  3.54981e-07  -80
1155.01  3.54998e-07  -80
1160.01  3.55015e-07  -80
1165.01  3.55031e-07  -80
1170.01  3.55047e-07  -80
1175.01  3.55063e-07  -80
1180.01  3.55078e-07  -80
1185.01  3.55093e-07  -80
1190.01  3.55107e-07  -80
1195.01  3.55121e-07  -80
1200.01  3.55134e-07  -80
1205.01  3.55147e-07  -80
1210.01  3.5516e-07  -80
1215.01  3.55172e-07  -80
1220.01  3.55184e-07  -80
1225.01  3.55196e-07  -80
1230.01  3.55207e-07  -80
1235.01  3.55218e-07  -80
1240.01  3.55229e-07  -80
1245.01  3.55239e-07  -80
1250.01  3.55249e-07  -80
1255.01  3.55259e-07  -80
1260.01  3.55269e-07  -80
1265.01  3.55278e-07  -80
1270.01  3.55287e-07  -80
1275.01  3.55296e-07  -80
1280.01  3.55304e-07  -80
1285.01  3.55312e-07  -80
1290.01  3.5532e-07  -80
1295.01  3.55328e-07  -80
1300.01  3.55336e-07  -80
1305.01  3.55343e-07  -80
1310.01  3.5535e-07  -80
1315.01  3.55357e-07  -80
1320.01  3.55364e-07  -80
1325.01  3.5537e-07  -80
1330.01  3.55377e-07  -80
1335.01  3.55383e-07  -80
1340.01  3.55389e-07  -80
1345.01  3.55395e-07  -80
1350.01  3.554e-07  -80
1355.01  3.55406e-07  -80
1360.01  3.55411e-07  -80
1365.01  3.55416e-07  -80
1370.01  3.55421e-07  -80
1375.01  3.55426e-07  -80
1380.01  3.55431e-07  -80
1385.01  3.55436e-07  -80
1390.01  3.5544e-07  -80
1395.01  3.55445e-07  -80
1400.01  3.55449e-07  -80
1405.01  3.55453e-07  -80
1410.01  3.55457e-07  -80
1415.01  3.55461e-07  -80
1420.01  3.55465e-07  -80
1425.01  3.55468e-07  -80
1430.01  3.55472e-07  -80
1435.01  3.55475e-07  -80
1440.01  3.55479e-07  -80
1445.01  3.55482e-07  -80
1450.01  3.55485e-07  -80
1455.01  3.55488e-07  -80
1460.01  3.55491e-07  -80
1465.01  3.55494e-07  -80
1470.01  3.55497e-07  -80
1475.01  3.555e-07  -80
1480.01  3.55502e-07  -80
1485.01  3.55505e-07  -80
1490.01  3.55507e-07  -80
1495.01  3.5551e-07  -80
1500.01  3.55512e-07  -80
1505.01  3.55515e-07  -80
1510.01  3.55517e-07  -80
1515.01  3.55519e-07  -80
1520.01  3.55521e-07  -80
1525.01  3.55523e-07  -80
1530.01  3.55525e-07  -80
1535.01  3.55527e-07  -80
1540.01  3.55529e-07  -80
1545.01  3.55531e-07  -80
1550.01  3.55533e-07  -80
1555.01  3.55534e-07  -80
1560.01  3.55536e-07  -80
1565.01  3.55538e-07  -80
1570.01  3.55539e-07  -80
1575.01  3.55541e-07  -80
1580.01  3.55542e-07  -80
1585.01  3.55544e-07  -80
1590.01  3.55545e-07  -80
1595.01  3.55547e-07  -80
1600.01  3.55548e-07  -80
1605.01  3.55549e-07  -80
1610.01  3.55551e-07  -80
1615.01  3.55552e-07  -80
1620.01  3.55553e-07  -80
1625.01  3.55554e-07  -80
1630.01  3.55555e-07  -80
1635.01  3.55556e-07  -80
1640.01  3.55557e-07  -80
1645.01  3.55558e-07  -80
1650.01  3.55559e-07  -80
1655.01  3.5556e-07  -80
1660.01  3.55561e-07  -80
1665.01  3.55562e-07  -80
1670.01  3.55563e-07  -80
1675.01  3.55564e-07  -80
1680.01  3.55565e-07  -80
1685.01  3.55566e-07  -80
1690.01  3.55566e-07  -80
1695.01  3.55567e-07  -80
1700.01  3.55568e-07  -80
1705.01  3.55569e-07  -80
1710.01  3.55569e-07  -80
1715.01  3.5557e-07  -80
1720.01  3.55571e-07  -80
1725.01  3.55571e-07  -80
1730.01  3.55572e-07  -80
1735.01  3.55573e-07  -80
1740.01  3.55573e-07  -80
1745.01  3.55574e-07  -80
1750.01  3.55574e-07  -80
1755.01  3.55575e-07  -80
1760.01  3.55575e-07  -80
1765.01  3.55576e-07  -80
1770.01  3.55577e-07  -80
1775.01  3.55577e-07  -80
1780.01  3.55577e-07  -80
1785.01  3.55578e-07  -80
1790.01  3.55578e-07  -80
1795.01  3.55579e-07  -80
1800.01  3.55579e-07  -80
1805.01  3.5558e-07  -80
1810.01  3.5558e-07  -80
1815.01  3.5558e-07  -80
1820.01  3.55581e-07  -80
1825.01  3.55581e-07  -80
1830.01  3.55582e-07  -80
1835.01  3.55582e-07  -80
1840.01  3.55582e-07  -80
1845.01  3.55583e-07  -80
1850.01  3.55583e-07  -80
1855.01  3.55583e-07  -80
1860.01  3.55583e-07  -80
1865.01  3.55584e-07  -80
1870.01  3.55584e-07  -80
1875.01  3.55584e-07  -80
1880.01  3.55585e-07  -80
1885.01  3.55585e-07  -80
1890.01  3.55585e-07  -80
1895.01  3.55585e-07  -80
1900.01  3.55586e-07  -80
1905.01  3.55586e-07  -80
1910.01  3.55586e-07  -80
1915.01  3.55586e-07  -80
1920.01  3.55586e-07  -80
1925.01  3.55587e-07  -80
1930.01  3.55587e-07  -80
1935.01  3.55587e-07  -80
1940.01  3.55587e-07  -80
1945.01  3.55587e-07  -80
1950.01  3.55588e-07  -80
1955.01  3.55588e-07  -80
1960.01  3.55588e-07  -80
1965.01  3.55588e-07  -80
1970.01  3.55588e-07  -80
1975.01  3.55588e-07  -80
1980.01  3.55589e-07  -80
1985.01  3.55589e-07  -80
1990.01  3.55589e-07  -80
1995.01  3.55589e-07  -80
2000.01  3.55589e-07  -80
2005.01  3.55589e-07  -80
2010.01  3.55589e-07  -80
2015.01  3.55589e-07  -80
2020.01  3.5559e-07  -80
2025.01  3.5559e-07  -80
2030.01  3.5559e-07  -80
2035.01  3.5559e-07  -80
2040.01  3.5559e-07  -80
2045.01  3.5559e-07  -80
2050.01  3.5559e-07  -80
2055.01  3.5559e-07  -80
2060.01  3.5559e-07  -80
2065.01  3.55591e-07  -80
2070.01  3.55591e-07  -80
2075.01  3.55591e-07  -80
2080.01  3.55591e-07  -80
2085.01  3.55591e-07  -80
2090.01  3.55591e-07  -80
2095.01  3.55591e-07  -80
2100.01  3.55591e-07  -80
2105.01  3.55591e-07  -80
2110.01  3.55591e-07  -80
2115.01  3.55591e-07  -80
2120.01  3.55591e-07  -80
2125.01  3.55591e-07  -80
2130.01  3.55591e-07  -80
2135.01  3.55592e-07  -80
2140.01  3.55592e-07  -80
2145.01  3.55592e-07  -80
2150.01  3.55592e-07  -80
2155.01  3.55592e-07  -80
2160.01  3.55592e-07  -80
2165.01  3.55592e-07  -80
2170.01  3.55592e-07  -80
2175.01  3.55592e-07  -80
2180.01  3.55592e-07  -80
2185.01  3.55592e-07  -80
2190.01  3.55592e-07  -80
2195.01  3.55592e-07  -80
2200.01  3.55592e-07  -80
2205.01  3.55592e-07  -80
2210.01  3.55592e-07  -80
2215.01  3.55592e-07  -80
2220.01  3.55592e-07  -80
2225.01  3.55592e-07  -80
2230.01  3.55592e-07  -80
2235.01  3.55592e-07  -80
2240.01  3.55592e-07  -80
2245.01  3.55593e-07  -80
2250.01  3.55593e-07  -80
2255.01  3.55593e-07  -80
2260.01  3.55593e-07  -80
2265.01  3.55593e-07  -80
2270.01  3.55593e-07  -80
2275.01  3.55593e-07  -80
2280.01  3.55593e-07  -80
2285.01  3.55593e-07  -80
2290.01  3.55593e-07  -80
2295.01  3.55593e-07  -80
2300.01  3.55593e-07  -80
2305.01  3.55593e-07  -80
2310.01  3.55593e-07  -80
2315.01  3.55593e-07  -80
2320.01  3.55593e-07  -80
2325.01  3.55593e-07  -80
2330.01  3.55593e-07  -80
2335.01  3.55593e-07  -80
2340.01  3.55593e-07  -80
2345.01  3.55593e-07  -80
2350.01  3.55593e-07  -80
2355.01  3.55593e-07  -80
2360.01  3.55593e-07  -80
2365.01  3.55593e-07  -80
2370.01  3.55593e-07  -80
2375.01  3.55593e-07  -80
2380.01  3.55593e-07  -80
2385.01  3.55593e-07  -80
2390.01  3.55593e-07  -80
2395.01  3.55593e-07  -80
2400.01  3.55593e-07  -80
2405.01  3.55593e-07  -80
2410.01  3.55593e-07  -80
2415.01  3.55593e-07  -80
2420.01  3.55593e-07  -80
2425.01  3.55593e-07  -80
2430.01  3.55593e-07  -80
2435.01  3.55593e-07  -80
2440.01  3.55593e-07  -80
2445.01  3.55593e-07  -80
2450.01  3.55593e-07  -80
2455.01  3.55593e-07  -80
2460.01  3.55593e-07  -80
2465.01  3.55593e-07  -80
2470.01  3.55593e-07  -80
2475.01  3.55593e-07  -80
2480.01  3.55593e-07  -80
2485.01  3.55593e-07  -80
2490.01  3.55593e-07  -80
2495.01  3.55593e-07  -80
2500.01  3.55593e-07  -80
2505.01  3.55593e-07  -80
2510.01  3.55593e-07  -80
2515.01  3.55593e-07  -80
2520.01  3.55593e-07  -80
2525.01  3.55593e-07  -80
2530.01  3.55593e-07  -80
2535.01  3.55593e-07  -80
2540.01  3.55593e-07  -80
2545.01  3.55593e-07  -80
2550.01  3.55593e-07  -80
2555.01  3.55593e-07  -80
2560.01  3.55593e-07  -80
2565.01  3.55593e-07  -80
2570.01  3.55593e-07  -80
2575.01  3.55593e-07  -80
2580.01  3.55593e-07  -80
2585.01  3.55593e-07  -80
2590.01  3.55593e-07  -80
2595.01  3.55593e-07  -80
2600.01  3.55593e-07  -80
2605.01  3.55593e-07  -80
2610.01  3.55593e-07  -80
2615.01  3.55593e-07  -80
2620.01  3.55593e-07  -80
2625.01  3.55593e-07  -80
2630.01  3.55594e-07  -80
2635.01  3.55594e-07  -80
2640.01  3.55594e-07  -80
2645.01  3.55594e-07  -80
2650.01  3.55594e-07  -80
2655.01  3.55594e-07  -80
2660.01  3.55594e-07  -80
2665.01  3.55594e-07  -80
2670.01  3.55594e-07  -80
2675.01  3.55594e-07  -80
2680.01  3.55594e-07  -80
2685.01  3.55594e-07  -80
2690.01  3.55594e-07  -80
2695.01  3.55594e-07  -80
2700.01  3.55594e-07  -80
2705.01  3.55594e-07  -80
2710.01  3.55594e-07  -80
2715.01  3.55594e-07  -80
2720.01  3.55594e-07  -80
2725.01  3.55594e-07  -80
2730.01  3.55594e-07  -80
2735.01  3.55594e-07  -80
2740.01  3.55594e-07  -80
2745.01  3.55594e-07  -80
2750.01  3.55594e-07  -80
2755.01  3.55594e-07  -80
2760.01  3.55594e-07  -80
2765.01  3.55594e-07  -80
2770.01  3.55594e-07  -80
2775.01  3.55594e-07  -80
2780.01  3.55594e-07  -80
2785.01  3.55594e-07  -80
2790.01  3.55594e-07  -80
2795.01  3.55594e-07  -80
2800.01  3.55594e-07  -80
2805.01  3.55594e-07  -80
2810.01  3.55594e-07  -80
2815.01  3.55594e-07  -80
2820.01  3.55594e-07  -80
2825.01  3.55594e-07  -80
2830.01  3.55594e-07  -80
2835.01  3.55594e-07  -80
2840.01  3.55594e-07  -80
2845.01  3.55594e-07  -80
2850.01  3.55594e-07  -80
2855.01  3.55594e-07  -80
2860.01  3.55594e-07  -80
2865.01  3.55594e-07  -80
2870.01  3.55594e-07  -80
2875.01  3.55594e-07  -80
2880.01  3.55594e-07  -80
2885.01  3.55594e-07  -80
2890.01  3.55594e-07  -80
2895.01  3.55594e-07  -80
2900.01  3.55594e-07  -80
2905.01  3.55594e-07  -80
2910.01  3.55594e-07  -80
2915.01  3.55594e-07  -80
2920.01  3.55594e-07  -80
2925.01  3.55594e-07  -80
2930.01  3.55594e-07  -80
2935.01  3.55594e-07  -80
2940.01  3.55594e-07  -80
2945.01  3.55594e-07  -80
2950.01  3.55594e-07  -80
2955.01  3.55594e-07  -80
2960.01  3.55594e-07  -80
2965.01  3.55594e-07  -80
2970.01  3.55594e-07  -80
2975.01  3.55594e-07  -80
2980.01  3.55594e-07  -80
2985.01  3.55594e-07  -80
2990.01  3.55594e-07  -80
2995.01  3.55594e-07  -80
3000.01  3.55594e-07  -80
3005.01  3.55594e-07  -80
3010.01  3.55594e-07  -80
3015.01  3.55594e-07  -80
3020.01  3.55594e-07  -80
3025.01  3.55594e-07  -80
3030.01  3.55594e-07  -80
3035.01  3.55594e-07  -80
3040.01  3.55594e-07  -80
3045.01  3.55594e-07  -80
3050.01  3.55594e-07  -80
3055.01  3.55594e-07  -80
3060.01  3.55594e-07  -80
3065.01  3.55594e-07  -80
3070.01  3.55594e-07  -80
3075.01  3.55594e-07  -80
3080.01  3.55594e-07  -80
3085.01  3.55594e-07  -80
3090.01  3.55594e-07  -80
3095.01  3.55594e-07  -80
3100.01  3.55594e-07  -80
3105.01  3.55594e-07  -80
3110.01  3.55594e-07  -80
3115.01  3.55594e-07  -80
3120.01  3.55594e-07  -80
3125.01  3.55594e-07  -80
3130.01  3.55594e-07  -80
3135.01  3.55594e-07  -80
3140.01  3.55594e-07  -80
3145.01  3.55594e-07  -80
3150.01  3.55594e-07  -80
3155.01  3.55594e-07  -80
3160.01  3.55594e-07  -80
3165.01  3.55594e-07  -80
3170.01  3.55594e-07  -80
3175.01  3.55594e-07  -80
3180.01  3.55594e-07  -80
3185.01  3.55594e-07  -80
3190.01  3.55594e-07  -80
3195.01  3.55594e-07  -80
3200.01  3.55594e-07  -80
3205.01  3.55594e-07  -80
3210.01  3.55594e-07  -80
3215.01  3.55594e-07  -80
3220.01  3.55594e-07  -80
3225.01  3.55594e-07  -80
3230.01  3.55594e-07  -80
3235.01  3.55594e-07  -80
3240.01  3.55594e-07  -80
3245.01  3.55594e-07  -80
3250.01  3.55594e-07  -80
3255.01  3.55594e-07  -80
3260.01  3.55594e-07  -80
3265.01  3.55594e-07  -80
3270.01  3.55594e-07  -80
3275.01  3.55594e-07  -80
3280.01  3.55594e-07  -80
3285.01  3.55594e-07  -80
3290.01  3.55594e-07  -80
3295.01  3.55594e-07  -80
3300.01  3.55594e-07  -80
3305.01  3.55594e-07  -80
3310.01  3.55594e-07  -80
3315.01  3.55594e-07  -80
3320.01  3.55594e-07  -80
3325.01  3.55594e-07  -80
3330.01  3.55594e-07  -80
3335.01  3.55594e-07  -80
3340.01  3.55594e-07  -80
3345.01  3.55594e-07  -80
3350.01  3.55594e-07  -80
3355.01  3.55594e-07  -80
3360.01  3.55594e-07  -80
3365.01  3.55594e-07  -80
3370.01  3.55594e-07  -80
3375.01  3.55594e-07  -80
3380.01  3.55594e-07  -80
3385.01  3.55594e-07  -80
3390.01  3.55594e-07  -80
3395.01  3.55594e-07  -80
3400.01  3.55594e-07  -80
3405.01  3.55594e-07  -80
3410.01  3.55594e-07  -80
3415.01  3.55594e-07  -80
3420.01  3.55594e-07  -80
3425.01  3.55594e-07  -80
3430.01  3.55594e-07  -80
3435.01  3.55594e-07  -80
3440.01  3.55594e-07  -80
3445.01  3.55594e-07  -80
3450.01  3.55594e-07  -80
3455.01  3.55594e-07  -80
3460.01  3.55594e-07  -80
3465.01  3.55594e-07  -80
3470.01  3.55594e-07  -80
3475.01  3.55594e-07  -80
3480.01  3.55594e-07  -80
3485.01  3.55594e-07  -80
3490.01  3.55594e-07  -80
3495.01  3.55594e-07  -80
3500.01  3.55594e-07  -80
3505.01  3.55594e-07  -80
3510.01  3.55594e-07  -80
3515.01  3.55594e-07  -80
3520.01  3.55594e-07  -80
3525.01  3.55594e-07  -80
3530.01  3.55594e-07  -80
3535.01  3.55594e-07  -80
3540.01  3.55594e-07  -80
3545.01  3.55594e-07  -80
3550.01  3.55594e-07  -80
3555.01  3.55594e-07  -80
3560.01  3.55594e-07  -80
3565.01  3.55594e-07  -80
3570.01  3.55594e-07  -80
3575.01  3.55594e-07  -80
3580.01  3.55594e-07  -80
3585.01  3.55594e-07  -80
3590.01  3.55594e-07  -80
3595.01  3.55594e-07  -80
3600.01  3.55594e-07  -80
3605.01  3.55594e-07  -80
3610.01  3.55594e-07  -80
3615.01  3.55594e-07  -80
3620.01  3.55594e-07  -80
3625.01  3.55594e-07  -80
3630.01  3.55594e-07  -80
3635.01  3.55594e-07  -80
3640.01  3.55594e-07  -80
3645.01  3.55594e-07  -80
3650.01  3.55594e-07  -80
3655.01  3.55594e-07  -80
3660.01  3.55594e-07  -80
3665.01  3.55594e-07  -80
3670.01  3.55594e-07  -80
3675.01  3.55594e-07  -80
3680.01  3.55594e-07  -80
3685.01  3.55594e-07  -80
3690.01  3.55594e-07  -80
3695.01  3.55594e-07  -80
3700.01  3.55594e-07  -80
3705.01  3.55594e-07  -80
3710.01  3.55594e-07  -80
3715.01  3.55594e-07  -80
3720.01  3.55594e-07  -80
3725.01  3.55594e-07  -80
3730.01  3.55594e-07  -80
3735.01  3.55594e-07  -80
3740.01  3.55594e-07  -80
3745.01  3.55594e-07  -80
3750.01  3.55594e-07  -80
3755.01  3.55594e-07  -80
3760.01  3.55594e-07  -80
3765.01  3.55594e-07  -80
3770.01  3.55594e-07  -80
3775.01  3.55594e-07  -80
3780.01  3.55594e-07  -80
3785.01  3.55594e-07  -80
3790.01  3.55594e-07  -80
3795.01  3.55594e-07  -80
3800.01  3.55594e-07  -80
3805.01  3.55594e-07  -80
3810.01  3.55594e-07  -80
3815.01  3.55594e-07  -80
3820.01  3.55594e-07  -80
3825.01  3.55594e-07  -80
3830.01  3.55594e-07  -80
3835.01  3.55594e-07  -80
3840.01  3.55594e-07  -80
3845.01  3.55594e-07  -80
3850.01  3.55594e-07  -80
3855.01  3.55594e-07  -80
3860.01  3.55594e-07  -80
3865.01  3.55594e-07  -80
3870.01  3.55594e-07  -80
3875.01  3.55594e-07  -80
3880.01  3.55594e-07  -80
3885.01  3.55594e-07  -80
3890.01  3.55594e-07  -80
3895.01  3.55594e-07  -80
3900.01  3.55594e-07  -80
3905.01  3.55594e-07  -80
3910.01  3.55594e-07  -80
3915.01  3.55594e-07  -80
3920.01  3.55594e-07  -80
3925.01  3.55594e-07  -80
3930.01  3.55594e-07  -80
3935.01  3.55594e-07  -80
3940.01  3.55594e-07  -80
3945.01  3.55594e-07  -80
3950.01  3.55594e-07  -80
3955.01  3.55594e-07  -80
3960.01  3.55594e-07  -80
3965.01  3.55594e-07  -80
3970.01  3.55594e-07  -80
3975.01  3.55594e-07  -80
3980.01  3.55594e-07  -80
3985.01  3.55594e-07  -80
3990.01  3.55594e-07  -80
3995.01  3.55594e-07  -80
4000.01  3.55594e-07  -80
4005.01  3.55594e-07  -80
4010.01  3.55594e-07  -80
4015.01  3.55594e-07  -80
4020.01  3.55594e-07  -80
4025.01  3.55594e-07  -80
4030.01  3.55594e-07  -80
4035.01  3.55594e-07  -80
4040.01  3.55594e-07  -80
4045.01  3.55594e-07  -80
4050.01  3.55594e-07  -80
4055.01  3.55594e-07  -80
4060.01  3.55594e-07  -80
4065.01  3.55594e-07  -80
4070.01  3.55594e-07  -80
4075.01  3.55594e-07  -80
4080.01  3.55594e-07  -80
4085.01  3.55594e-07  -80
4090.01  3.55594e-07  -80
4095.01  3.55594e-07  -80
4100.01  3.55594e-07  -80
4105.01  3.55594e-07  -80
4110.01  3.55594e-07  -80
4115.01  3.55594e-07  -80
4120.01  3.55594e-07  -80
4125.01  3.55594e-07  -80
4130.01  3.55594e-07  -80
4135.01  3.55594e-07  -80
4140.01  3.55594e-07  -80
4145.01  3.55594e-07  -80
4150.01  3.55594e-07  -80
4155.01  3.55594e-07  -80
4160.01  3.55594e-07  -80
4165.01  3.55594e-07  -80
4170.01  3.55594e-07  -80
4175.01  3.55594e-07  -80
4180.01  3.55594e-07  -80
4185.01  3.55594e-07  -80
4190.01  3.55594e-07  -80
4195.01  3.55594e-07  -80
4200.01  3.55594e-07  -80
4205.01  3.55594e-07  -80
4210.01  3.55594e-07  -80
4215.01  3.55594e-07  -80
4220.01  3.55594e-07  -80
4225.01  3.55594e-07  -80
4230.01  3.55594e-07  -80
4235.01  3.55594e-07  -80
4240.01  3.55594e-07  -80
4245.01  3.55594e-07  -80
4250.01  3.55594e-07  -80
4255.01  3.55594e-07  -80
4260.01  3.55594e-07  -80
4265.01  3.55594e-07  -80
4270.01  3.55594e-07  -80
4275.01  3.55594e-07  -80
4280.01  3.55594e-07  -80
4285.01  3.55594e-07  -80
4290.01  3.55594e-07  -80
4295.01  3.55594e-07  -80
4300.01  3.55594e-07  -80
4305.01  3.55594e-07  -80
4310.01  3.55594e-07  -80
4315.01  3.55594e-07  -80
4320.01  3.55594e-07  -80
4325.01  3.55594e-07  -80
4330.01  3.55594e-07  -80
4335.01  3.55594e-07  -80
4340.01  3.55594e-07  -80
4345.01  3.55594e-07  -80
4350.01  3.55594e-07  -80
4355.01  3.55594e-07  -80
4360.01  3.55594e-07  -80
4365.01  3.55594e-07  -80
4370.01  3.55594e-07  -80
4375.01  3.55594e-07  -80
4380.01  3.55594e-07  -80
4385.01  3.55594e-07  -80
4390.01  3.55594e-07  -80
4395.01  3.55594e-07  -80
4400.01  3.55594e-07  -80
4405.01  3.55594e-07  -80
4410.01  3.55594e-07  -80
4415.01  3.55594e-07  -80
4420.01  3.55594e-07  -80
4425.01  3.55594e-07  -80
4430.01  3.55594e-07  -80
4435.01  3.55594e-07  -80
4440.01  3.55594e-07  -80
4445.01  3.55594e-07  -80
4450.01  3.55594e-07  -80
4455.01  3.55594e-07  -80
4460.01  3.55594e-07  -80
4465.01  3.55594e-07  -80
4470.01  3.55594e-07  -80
4475.01  3.55594e-07  -80
4480.01  3.55594e-07  -80
4485.01  3.55594e-07  -80
4490.01  3.55594e-07  -80
4495.01  3.55594e-07  -80
4500.01  3.55594e-07  -80
4505.01  3.55594e-07  -80
4510.01  3.55594e-07  -80
4515.01  3.55594e-07  -80
4520.01  3.55594e-07  -80
4525.01  3.55594e-07  -80
4530.01  3.55594e-07  -80
4535.01  3.55594e-07  -80
4540.01  3.55594e-07  -80
4545.01  3.55594e-07  -80
4550.01  3.55594e-07  -80
4555.01  3.55594e-07  -80
4560.01  3.55594e-07  -80
4565.01  3.55594e-07  -80
4570.01  3.55594e-07  -80
4575.01  3.55594e-07  -80
4580.01  3.55594e-07  -80
4585.01  3.55594e-07  -80
4590.01  3.55594e-07  -80
4595.01  3.55594e-07  -80
4600.01  3.55594e-07  -80
4605.01  3.55594e-07  -80
4610.01  3.55594e-07  -80
4615.01  3.55594e-07  -80
4620.01  3.55594e-07  -80
4625.01  3.55594e-07  -80
4630.01  3.55594e-07  -80
4635.01  3.55594e-07  -80
4640.01  3.55594e-07  -80
4645.01  3.55594e-07  -80
4650.01  3.55594e-07  -80
4655.01  3.55594e-07  -80
4660.01  3.55594e-07  -80
4665.01  3.55594e-07  -80
4670.01  3.55594e-07  -80
4675.01  3.55594e-07  -80
4680.01  3.55594e-07  -80
4685.01  3.55594e-07  -80
4690.01  3.55594e-07  -80
4695.01  3.55594e-07  -80
4700.01  3.55594e-07  -80
4705.01  3.55594e-07  -80
4710.01  3.55594e-07  -80
4715.01  3.55594e-07  -80
4720.01  3.55594e-07  -80
4725.01  3.55594e-07  -80
4730.01  3.55594e-07  -80
4735.01  3.55594e-07  -80
4740.01  3.55594e-07  -80
4745.01  3.55594e-07  -80
4750.01  3.55594e-07  -80
4755.01  3.55594e-07  -80
4760.01  3.55594e-07  -80
4765.01  3.55594e-07  -80
4770.01  3.55594e-07  -80
4775.01  3.55594e-07  -80
4780.01  3.55594e-07  -80
4785.01  3.55594e-07  -80
4790.01  3.55594e-07  -80
4795.01  3.55594e-07  -80
4800.01  3.55594e-07  -80
4805.01  3.55594e-07  -80
4810.01  3.55594e-07  -80
4815.01  3.55594e-07  -80
4820.01  3.55594e-07  -80
4825.01  3.55594e-07  -80
4830.01  3.55594e-07  -80
4835.01  3.55594e-07  -80
4840.01  3.55594e-07  -80
4845.01  3.55594e-07  -80
4850.01  3.55594e-07  -80
4855.01  3.55594e-07  -80
4860.01  3.55594e-07  -80
4865.01  3.55594e-07  -80
4870.01  3.55594e-07  -80
4875.01  3.55594e-07  -80
4880.01  3.55594e-07  -80
4885.01  3.55594e-07  -80
4890.01  3.55594e-07  -80
4895.01  3.55594e-07  -80
4900.01  3.55594e-07  -80
4905.01  3.55594e-07  -80
4910.01  3.55594e-07  -80
4915.01  3.55594e-07  -80
4920.01  3.55594e-07  -80
4925.01  3.55594e-07  -80
4930.01  3.55594e-07  -80
4935.01  3.55594e-07  -80
4940.01  3.55594e-07  -80
4945.01  3.55594e-07  -80
4950.01  3.55594e-07  -80
4955.01  3.55594e-07  -80
4960.01  3.55594e-07  -80
4965.01  3.55594e-07  -80
4970.01  3.55594e-07  -80
4975.01  3.55594e-07  -80
4980.01  3.55594e-07  -80
4985.01  3.55594e-07  -80
4990.01  3.55594e-07  -80
4995.01  3.55594e-07  -80
5000.01  3.55594e-07  -80
5005.01  3.55594e-07  -80
5010.01  3.55594e-07  -80
5015.01  3.55594e-07  -80
5020.01  3.55594e-07  -80
5025.01  3.55594e-07  -80
5030.01  3.55594e-07  -80
5035.01  3.55594e-07  -80
5040.01  3.55594e-07  -80
5045.01  3.55594e-07  -80
5050.01  3.55594e-07  -80
5055.01  3.55594e-07  -80
5060.01  3.55594e-07  -80
5065.01  3.55594e-07  -80
5070.01  3.55594e-07  -80
5075.01  3.55594e-07  -80
5080.01  3.55594e-07  -80
5085.01  3.55594e-07  -80
5090.01  3.55594e-07  -80
5095.01  3.55594e-07  -80
5100.01  3.55594e-07  -80
5105.01  3.55594e-07  -80
5110.01  3.55594e-07  -80
5115.01  3.55594e-07  -80
5120.01  3.55594e-07  -80
5125.01  3.55594e-07  -80
5130.01  3.55594e-07  -80
5135.01  3.55594e-07  -80
5140.01  3.55594e-07  -80
5145.01  3.55594e-07  -80
5150.01  3.55594e-07  -80
5155.01  3.55594e-07  -80
5160.01  3.55594e-07  -80
5165.01  3.55594e-07  -80
5170.01  3.55594e-07  -80
5175.01  3.55594e-07  -80
5180.01  3.55594e-07  -80
5185.01  3.55594e-07  -80
5190.01  3.55594e-07  -80
5195.01  3.55594e-07  -80
5200.01  3.55594e-07  -80
5205.01  3.55594e-07  -80
5210.01  3.55594e-07  -80
5215.01  3.55594e-07  -80
5220.01  3.55594e-07  -80
5225.01  3.55594e-07  -80
5230.01  3.55594e-07  -80
5235.01  3.55594e-07  -80
5240.01  3.55594e-07  -80
5245.01  3.55594e-07  -80
5250.01  3.55594e-07  -80
5255.01  3.55594e-07  -80
5260.01  3.55594e-07  -80
5265.01  3.55594e-07  -80
5270.01  3.55594e-07  -80
5275.01  3.55594e-07  -80
5280.01  3.55594e-07  -80
5285.01  3.55594e-07  -80
5290.01  3.55594e-07  -80
5295.01  3.55594e-07  -80
5300.01  3.55594e-07  -80
5305.01  3.55594e-07  -80
5310.01  3.55594e-07  -80
5315.01  3.55594e-07  -80
5320.01  3.55594e-07  -80
5325.01  3.55594e-07  -80
5330.01  3.55594e-07  -80
5335.01  3.55594e-07  -80
5340.01  3.55594e-07  -80
5345.01  3.55594e-07  -80
5350.01  3.55594e-07  -80
5355.01  3.55594e-07  -80
5360.01  3.55594e-07  -80
5365.01  3.55594e-07  -80
5370.01  3.55594e-07  -80
5375.01  3.55594e-07  -80
5380.01  3.55594e-07  -80
5385.01  3.55594e-07  -80
5390.01  3.55594e-07  -80
5395.01  3.55594e-07  -80
5400.01  3.55594e-07  -80
5405.01  3.55594e-07  -80
5410.01  3.55594e-07  -80
5415.01  3.55594e-07  -80
5420.01  3.55594e-07  -80
5425.01  3.55594e-07  -80
5430.01  3.55594e-07  -80
5435.01  3.55594e-07  -80
5440.01  3.55594e-07  -80
5445.01  3.55594e-07  -80
5450.01  3.55594e-07  -80
5455.01  3.55594e-07  -80
5460.01  3.55594e-07  -80
5465.01  3.55594e-07  -80
5470.01  3.55594e-07  -80
5475.01  3.55594e-07  -80
5480.01  3.55594e-07  -80
5485.01  3.55594e-07  -80
5490.01  3.55594e-07  -80
5495.01  3.55594e-07  -80
5500.01  3.55594e-07  -80
5505.01  3.55594e-07  -80
5510.01  3.55594e-07  -80
5515.01  3.55594e-07  -80
5520.01  3.55594e-07  -80
5525.01  3.55594e-07  -80
5530.01  3.55594e-07  -80
5535.01  3.55594e-07  -80
5540.01  3.55594e-07  -80
5545.01  3.55594e-07  -80
5550.01  3.55594e-07  -80
5555.01  3.55594e-07  -80
5560.01  3.55594e-07  -80
5565.01  3.55594e-07  -80
5570.01  3.55594e-07  -80
5575.01  3.55594e-07  -80
5580.01  3.55594e-07  -80
5585.01  3.55594e-07  -80
5590.01  3.55594e-07  -80
5595.01  3.55594e-07  -80
5600.01  3.55594e-07  -80
5605.01  3.55594e-07  -80
5610.01  3.55594e-07  -80
5615.01  3.55594e-07  -80
5620.01  3.55594e-07  -80
5625.01  3.55594e-07  -80
5630.01  3.55594e-07  -80
5635.01  3.55594e-07  -80
5640.01  3.55594e-07  -80
5645.01  3.55594e-07  -80
5650.01  3.55594e-07  -80
5655.01  3.55594e-07  -80
5660.01  3.55594e-07  -80
5665.01  3.55594e-07  -80
5670.01  3.55594e-07  -80
5675.01  3.55594e-07  -80
5680.01  3.55594e-07  -80
5685.01  3.55594e-07  -80
5690.01  3.55594e-07  -80
5695.01  3.55594e-07  -80
5700.01  3.55594e-07  -80
5705.01  3.55594e-07  -80
5710.01  3.55594e-07  -80
5715.01  3.55594e-07  -80
5720.01  3.55594e-07  -80
5725.01  3.55594e-07  -80
5730.01  3.55594e-07  -80
5735.01  3.55594e-07  -80
5740.01  3.55594e-07  -80
5745.01  3.55594e-07  -80
5750.01  3.55594e-07  -80
5755.01  3.55594e-07  -80
5760.01  3.55594e-07  -80
5765.01  3.55594e-07  -80
5770.01  3.55594e-07  -80
5775.01  3.55594e-07  -80
5780.01  3.55594e-07  -80
5785.01  3.55594e-07  -80
5790.01  3.55594e-07  -80
5795.01  3.55594e-07  -80
5800.01  3.55594e-07  -80
5805.01  3.55594e-07  -80
5810.01  3.55594e-07  -80
5815.01  3.55594e-07  -80
5820.01  3.55594e-07  -80
5825.01  3.55594e-07  -80
5830.01  3.55594e-07  -80
5835.01  3.55594e-07  -80
5840.01  3.55594e-07  -80
5845.01  3.55594e-07  -80
5850.01  3.55594e-07  -80
5855.01  3.55594e-07  -80
5860.01  3.55594e-07  -80
5865.01  3.55594e-07  -80
5870.01  3.55594e-07  -80
5875.01  3.55594e-07  -80
5880.01  3.55594e-07  -80
5885.01  3.55594e-07  -80
5890.01  3.55594e-07  -80
5895.01  3.55594e-07  -80
5900.01  3.55594e-07  -80
5905.01  3.55594e-07  -80
5910.01  3.55594e-07  -80
5915.01  3.55594e-07  -80
5920.01  3.55594e-07  -80
5925.01  3.55594e-07  -80
5930.01  3.55594e-07  -80
5935.01  3.55594e-07  -80
5940.01  3.55594e-07  -80
5945.01  3.55594e-07  -80
5950.01  3.55594e-07  -80
5955.01  3.55594e-07  -80
5960.01  3.55594e-07  -80
5965.01  3.55594e-07  -80
5970.01  3.55594e-07  -80
5975.01  3.55594e-07  -80
5980.01  3.55594e-07  -80
5985.01  3.55594e-07  -80
5990.01  3.55594e-07  -80
5995.01  3.55594e-07  -80
6000.01  3.55594e-07  -80
6005.01  3.55594e-07  -80
6010.01  3.55594e-07  -80
6015.01  3.55594e-07  -80
6020.01  3.55594e-07  -80
6025.01  3.55594e-07  -80
6030.01  3.55594e-07  -80
6035.01  3.55594e-07  -80
6040.01  3.55594e-07  -80
6045.01  3.55594e-07  -80
6050.01  3.55594e-07  -80
6055.01  3.55594e-07  -80
6060.01  3.55594e-07  -80
6065.01  3.55594e-07  -80
6070.01  3.55594e-07  -80
6075.01  3.55594e-07  -80
6080.01  3.55594e-07  -80
6085.01  3.55594e-07  -80
6090.01  3.55594e-07  -80
6095.01  3.55594e-07  -80
6100.01  3.55594e-07  -80
6105.01  3.55594e-07  -80
6110.01  3.55594e-07  -80
6115.01  3.55594e-07  -80
6120.01  3.55594e-07  -80
6125.01  3.55594e-07  -80
6130.01  3.55594e-07  -80
6135.01  3.55594e-07  -80
6140.01  3.55594e-07  -80
6145.01  3.55594e-07  -80
6150.01  3.55594e-07  -80
6155.01  3.55594e-07  -80
6160.01  3.55594e-07  -80
6165.01  3.55594e-07  -80
6170.01  3.55594e-07  -80
6175.01  3.55594e-07  -80
6180.01  3.55594e-07  -80
6185.01  3.55594e-07  -80
6190.01  3.55594e-07  -80
6195.01  3.55594e-07  -80
6200.01  3.55594e-07  -80
6205.01  3.55594e-07  -80
6210.01  3.55594e-07  -80
6215.01  3.55594e-07  -80
6220.01  3.55594e-07  -80
6225.01  3.55594e-07  -80
6230.01  3.55594e-07  -80
6235.01  3.55594e-07  -80
6240.01  3.55594e-07  -80
6245.01  3.55594e-07  -80
6250.01  3.55594e-07  -80
6255.01  3.55594e-07  -80
6260.01  3.55594e-07  -80
6265.01  3.55594e-07  -80
6270.01  3.55594e-07  -80
6275.01  3.55594e-07  -80
6280.01  3.55594e-07  -80
6285.01  3.55594e-07  -80
6290.01  3.55594e-07  -80
6295.01  3.55594e-07  -80
6300.01  3.55594e-07  -80
6305.01  3.55594e-07  -80
6310.01  3.55594e-07  -80
6315.01  3.55594e-07  -80
6320.01  3.55594e-07  -80
6325.01  3.55594e-07  -80
6330.01  3.55594e-07  -80
6335.01  3.55594e-07  -80
6340.01  3.55594e-07  -80
6345.01  3.55594e-07  -80
6350.01  3.55594e-07  -80
6355.01  3.55594e-07  -80
6360.01  3.55594e-07  -80
6365.01  3.55594e-07  -80
6370.01  3.55594e-07  -80
6375.01  3.55594e-07  -80
6380.01  3.55594e-07  -80
6385.01  3.55594e-07  -80
6390.01  3.55594e-07  -80
6395.01  3.55594e-07  -80
6400.01  3.55594e-07  -80
6405.01  3.55594e-07  -80
6410.01  3.55594e-07  -80
6415.01  3.55594e-07  -80
6420.01  3.55594e-07  -80
6425.01  3.55594e-07  -80
6430.01  3.55594e-07  -80
6435.01  3.55594e-07  -80
6440.01  3.55594e-07  -80
6445.01  3.55594e-07  -80
6450.01  3.55594e-07  -80
6455.01  3.55594e-07  -80
6460.01  3.55594e-07  -80
6465.01  3.55594e-07  -80
6470.01  3.55594e-07  -80
6475.01  3.55594e-07  -80
6480.01  3.55594e-07  -80
6485.01  3.55594e-07  -80
6490.01  3.55594e-07  -80
6495.01  3.55594e-07  -80
6500.01  3.55594e-07  -80
6505.01  3.55594e-07  -80
6510.01  3.55594e-07  -80
6515.01  3.55594e-07  -80
6520.01  3.55594e-07  -80
6525.01  3.55594e-07  -80
6530.01  3.55594e-07  -80
6535.01  3.55594e-07  -80
6540.01  3.55594e-07  -80
6545.01  3.55594e-07  -80
6550.01  3.55594e-07  -80
6555.01  3.55594e-07  -80
6560.01  3.55594e-07  -80
6565.01  3.55594e-07  -80
6570.01  3.55594e-07  -80
6575.01  3.55594e-07  -80
6580.01  3.55594e-07  -80
6585.01  3.55594e-07  -80
6590.01  3.55594e-07  -80
6595.01  3.55594e-07  -80
6600.01  3.55594e-07  -80
6605.01  3.55594e-07  -80
6610.01  3.55594e-07  -80
6615.01  3.55594e-07  -80
6620.01  3.55594e-07  -80
6625.01  3.55594e-07  -80
6630.01  3.55594e-07  -80
6635.01  3.55594e-07  -80
6640.01  3.55594e-07  -80
6645.01  3.55594e-07  -80
6650.01  3.55594e-07  -80
6655.01  3.55594e-07  -80
6660.01  3.55594e-07  -80
6665.01  3.55594e-07  -80
6670.01  3.55594e-07  -80
6675.01  3.55594e-07  -80
6680.01  3.55594e-07  -80
6685.01  3.55594e-07  -80
6690.01  3.55594e-07  -80
6695.01  3.55594e-07  -80
6700.01  3.55594e-07  -80
6705.01  3.55594e-07  -80
6710.01  3.55594e-07  -80
6715.01  3.55594e-07  -80
6720.01  3.55594e-07  -80
6725.01  3.55594e-07  -80
6730.01  3.55594e-07  -80
6735.01  3.55594e-07  -80
6740.01  3.55594e-07  -80
6745.01  3.55594e-07  -80
6750.01  3.55594e-07  -80
6755.01  3.55594e-07  -80
6760.01  3.55594e-07  -80
6765.01  3.55594e-07  -80
6770.01  3.55594e-07  -80
6775.01  3.55594e-07  -80
6780.01  3.55594e-07  -80
6785.01  3.55594e-07  -80
6790.01  3.55594e-07  -80
6795.01  3.55594e-07  -80
6800.01  3.55594e-07  -80
6805.01  3.55594e-07  -80
6810.01  3.55594e-07  -80
6815.01  3.55594e-07  -80
6820.01  3.55594e-07  -80
6825.01  3.55594e-07  -80
6830.01  3.55594e-07  -80
6835.01  3.55594e-07  -80
6840.01  3.55594e-07  -80
6845.01  3.55594e-07  -80
6850.01  3.55594e-07  -80
6855.01  3.55594e-07  -80
6860.01  3.55594e-07  -80
6865.01  3.55594e-07  -80
6870.01  3.55594e-07  -80
6875.01  3.55594e-07  -80
6880.01  3.55594e-07  -80
6885.01  3.55594e-07  -80
6890.01  3.55594e-07  -80
6895.01  3.55594e-07  -80
6900.01  3.55594e-07  -80
6905.01  3.55594e-07  -80
6910.01  3.55594e-07  -80
6915.01  3.55594e-07  -80
6920.01  3.55594e-07  -80
6925.01  3.55594e-07  -80
6930.01  3.55594e-07  -80
6935.01  3.55594e-07  -80
6940.01  3.55594e-07  -80
6945.01  3.55594e-07  -80
6950.01  3.55594e-07  -80
6955.01  3.55594e-07  -80
6960.01  3.55594e-07  -80
6965.01  3.55594e-07  -80
6970.01  3.55594e-07  -80
6975.01  3.55594e-07  -80
6980.01  3.55594e-07  -80
6985.01  3.55594e-07  -80
6990.01  3.55594e-07  -80
6995.01  3.55594e-07  -80
7000.01  3.55594e-07  -80
7005.01  3.55594e-07  -80
7010.01  3.55594e-07  -80
7015.01  3.55594e-07  -80
7020.01  3.55594e-07  -80
7025.01  3.55594e-07  -80
7030.01  3.55594e-07  -80
7035.01  3.55594e-07  -80
7040.01  3.55594e-07  -80
7045.01  3.55594e-07  -80
7050.01  3.55594e-07  -80
7055.01  3.55594e-07  -80
7060.01  3.55594e-07  -80
7065.01  3.55594e-07  -80
7070.01  3.55594e-07  -80
7075.01  3.55594e-07  -80
7080.01  3.55594e-07  -80
7085.01  3.55594e-07  -80
7090.01  3.55594e-07  -80
7095.01  3.55594e-07  -80
7100.01  3.55594e-07  -80
7105.01  3.55594e-07  -80
7110.01  3.55594e-07  -80
7115.01  3.55594e-07  -80
7120.01  3.55594e-07  -80
7125.01  3.55594e-07  -80
7130.01  3.55594e-07  -80
7135.01  3.55594e-07  -80
7140.01  3.55594e-07  -80
7145.01  3.55594e-07  -80
7150.01  3.55594e-07  -80
7155.01  3.55594e-07  -80
7160.01  3.55594e-07  -80
7165.01  3.55594e-07  -80
7170.01  3.55594e-07  -80
7175.01  3.55594e-07  -80
7180.01  3.55594e-07  -80
7185.01  3.55594e-07  -80
7190.01  3.55594e-07  -80
7195.01  3.55594e-07  -80
7200.01  3.55594e-07  -80
7205.01  3.55594e-07  -80
7210.01  3.55594e-07  -80
7215.01  3.55594e-07  -80
7220.01  3.55594e-07  -80
7225.01  3.55594e-07  -80
7230.01  3.55594e-07  -80
7235.01  3.55594e-07  -80
7240.01  3.55594e-07  -80
7245.01  3.55594e-07  -80
7250.01  3.55594e-07  -80
7255.01  3.55594e-07  -80
7260.01  3.55594e-07  -80
7265.01  3.55594e-07  -80
7270.01  3.55594e-07  -80
7275.01  3.55594e-07  -80
7280.01  3.55594e-07  -80
7285.01  3.55594e-07  -80
7290.01  3.55594e-07  -80
7295.01  3.55594e-07  -80
7300.01  3.55594e-07  -80
7305.01  3.55594e-07  -80
7310.01  3.55594e-07  -80
7315.01  3.55594e-07  -80
7320.01  3.55594e-07  -80
7325.01  3.55594e-07  -80
7330.01  3.55594e-07  -80
7335.01  3.55594e-07  -80
7340.01  3.55594e-07  -80
7345.01  3.55594e-07  -80
7350.01  3.55594e-07  -80
7355.01  3.55594e-07  -80
7360.01  3.55594e-07  -80
7365.01  3.55594e-07  -80
7370.01  3.55594e-07  -80
7375.01  3.55594e-07  -80
7380.01  3.55594e-07  -80
7385.01  3.55594e-07  -80
7390.01  3.55594e-07  -80
7395.01  3.55594e-07  -80
7400.01  3.55594e-07  -80
7405.01  3.55594e-07  -80
7410.01  3.55594e-07  -80
7415.01  3.55594e-07  -80
7420.01  3.55594e-07  -80
7425.01  3.55594e-07  -80
7430.01  3.55594e-07  -80
7435.01  3.55594e-07  -80
7440.01  3.55594e-07  -80
7445.01  3.55594e-07  -80
7450.01  3.55594e-07  -80
7455.01  3.55594e-07  -80
7460.01  3.55594e-07  -80
7465.01  3.55594e-07  -80
7470.01  3.55594e-07  -80
7475.01  3.55594e-07  -80
7480.01  3.55594e-07  -80
7485.01  3.55594e-07  -80
7490.01  3.55594e-07  -80
7495.01  3.55594e-07  -80
7500.01  3.55594e-07  -80
7505.01  3.55594e-07  -80
7510.01  3.55594e-07  -80
7515.01  3.55594e-07  -80
7520.01  3.55594e-07  -80
7525.01  3.55594e-07  -80
7530.01  3.55594e-07  -80
7535.01  3.55594e-07  -80
7540.01  3.55594e-07  -80
7545.01  3.55594e-07  -80
7550.01  3.55594e-07  -80
7555.01  3.55594e-07  -80
7560.01  3.55594e-07  -80
7565.01  3.55594e-07  -80
7570.01  3.55594e-07  -80
7575.01  3.55594e-07  -80
7580.01  3.55594e-07  -80
7585.01  3.55594e-07  -80
7590.01  3.55594e-07  -80
7595.01  3.55594e-07  -80
7600.01  3.55594e-07  -80
7605.01  3.55594e-07  -80
7610.01  3.55594e-07  -80
7615.01  3.55594e-07  -80
7620.01  3.55594e-07  -80
7625.01  3.55594e-07  -80
7630.01  3.55594e-07  -80
7635.01  3.55594e-07  -80
7640.01  3.55594e-07  -80
7645.01  3.55594e-07  -80
7650.01  3.55594e-07  -80
7655.01  3.55594e-07  -80
7660.01  3.55594e-07  -80
7665.01  3.55594e-07  -80
7670.01  3.55594e-07  -80
7675.01  3.55594e-07  -80
7680.01  3.55594e-07  -80
7685.01  3.55594e-07  -80
7690.01  3.55594e-07  -80
7695.01  3.55594e-07  -80
7700.01  3.55594e-07  -80
7705.01  3.55594e-07  -80
7710.01  3.55594e-07  -80
7715.01  3.55594e-07  -80
7720.01  3.55594e-07  -80
7725.01  3.55594e-07  -80
7730.01  3.55594e-07  -80
7735.01  3.55594e-07  -80
7740.01  3.55594e-07  -80
7745.01  3.55594e-07  -80
7750.01  3.55594e-07  -80
7755.01  3.55594e-07  -80
7760.01  3.55594e-07  -80
7765.01  3.55594e-07  -80
7770.01  3.55594e-07  -80
7775.01  3.55594e-07  -80
7780.01  3.55594e-07  -80
7785.01  3.55594e-07  -80
7790.01  3.55594e-07  -80
7795.01  3.55594e-07  -80
7800.01  3.55594e-07  -80
7805.01  3.55594e-07  -80
7810.01  3.55594e-07  -80
7815.01  3.55594e-07  -80
7820.01  3.55594e-07  -80
7825.01  3.55594e-07  -80
7830.01  3.55594e-07  -80
7835.01  3.55594e-07  -80
7840.01  3.55594e-07  -80
7845.01  3.55594e-07  -80
7850.01  3.55594e-07  -80
7855.01  3.55594e-07  -80
7860.01  3.55594e-07  -80
7865.01  3.55594e-07  -80
7870.01  3.55594e-07  -80
7875.01  3.55594e-07  -80
7880.01  3.55594e-07  -80
7885.01  3.55594e-07  -80
7890.01  3.55594e-07  -80
7895.01  3.55594e-07  -80
7900.01  3.55594e-07  -80
7905.01  3.55594e-07  -80
7910.01  3.55594e-07  -80
7915.01  3.55594e-07  -80
7920.01  3.55594e-07  -80
7925.01  3.55594e-07  -80
7930.01  3.55594e-07  -80
7935.01  3.55594e-07  -80
7940.01  3.55594e-07  -80
7945.01  3.55594e-07  -80
7950.01  3.55594e-07  -80
7955.01  3.55594e-07  -80
7960.01  3.55594e-07  -80
7965.01  3.55594e-07  -80
7970.01  3.55594e-07  -80
7975.01  3.55594e-07  -80
7980.01  3.55594e-07  -80
7985.01  3.55594e-07  -80
7990.01  3.55594e-07  -80
7995.01  3.55594e-07  -80
8000.01  3.55594e-07  -80
8005.01  3.55594e-07  -80
8010.01  3.55594e-07  -80
8015.01  3.55594e-07  -80
8020.01  3.55594e-07  -80
8025.01  3.55594e-07  -80
8030.01  3.55594e-07  -80
8035.01  3.55594e-07  -80
8040.01  3.55594e-07  -80
8045.01  3.55594e-07  -80
8050.01  3.55594e-07  -80
8055.01  3.55594e-07  -80
8060.01  3.55594e-07  -80
8065.01  3.55594e-07  -80
8070.01  3.55594e-07  -80
8075.01  3.55594e-07  -80
8080.01  3.55594e-07  -80
8085.01  3.55594e-07  -80
8090.01  3.55594e-07  -80
8095.01  3.55594e-07  -80
8100.01  3.55594e-07  -80
8105.01  3.55594e-07  -80
8110.01  3.55594e-07  -80
8115.01  3.55594e-07  -80
8120.01  3.55594e-07  -80
8125.01  3.55594e-07  -80
8130.01  3.55594e-07  -80
8135.01  3.55594e-07  -80
8140.01  3.55594e-07  -80
8145.01  3.55594e-07  -80
8150.01  3.55594e-07  -80
8155.01  3.55594e-07  -80
8160.01  3.55594e-07  -80
8165.01  3.55594e-07  -80
8170.01  3.55594e-07  -80
8175.01  3.55594e-07  -80
8180.01  3.55594e-07  -80
8185.01  3.55594e-07  -80
8190.01  3.55594e-07  -80
8195.01  3.55594e-07  -80
8200.01  3.55594e-07  -80
8205.01  3.55594e-07  -80
8210.01  3.55594e-07  -80
8215.01  3.55594e-07  -80
8220.01  3.55594e-07  -80
8225.01  3.55594e-07  -80
8230.01  3.55594e-07  -80
8235.01  3.55594e-07  -80
8240.01  3.55594e-07  -80
8245.01  3.55594e-07  -80
8250.01  3.55594e-07  -80
8255.01  3.55594e-07  -80
8260.01  3.55594e-07  -80
8265.01  3.55594e-07  -80
8270.01  3.55594e-07  -80
8275.01  3.55594e-07  -80
8280.01  3.55594e-07  -80
8285.01  3.55594e-07  -80
8290.01  3.55594e-07  -80
8295.01  3.55594e-07  -80
8300.01  3.55594e-07  -80
8305.01  3.55594e-07  -80
8310.01  3.55594e-07  -80
8315.01  3.55594e-07  -80
8320.01  3.55594e-07  -80
8325.01  3.55594e-07  -80
8330.01  3.55594e-07  -80
8335.01  3.55594e-07  -80
8340.01  3.55594e-07  -80
8345.01  3.55594e-07  -80
8350.01  3.55594e-07  -80
8355.01  3.55594e-07  -80
8360.01  3.55594e-07  -80
8365.01  3.55594e-07  -80
8370.01  3.55594e-07  -80
8375.01  3.55594e-07  -80
8380.01  3.55594e-07  -80
8385.01  3.55594e-07  -80
8390.01  3.55594e-07  -80
8395.01  3.55594e-07  -80
8400.01  3.55594e-07  -80
8405.01  3.55594e-07  -80
8410.01  3.55594e-07  -80
8415.01  3.55594e-07  -80
8420.01  3.55594e-07  -80
8425.01  3.55594e-07  -80
8430.01  3.55594e-07  -80
8435.01  3.55594e-07  -80
8440.01  3.55594e-07  -80
8445.01  3.55594e-07  -80
8450.01  3.55594e-07  -80
8455.01  3.55594e-07  -80
8460.01  3.55594e-07  -80
8465.01  3.55594e-07  -80
8470.01  3.55594e-07  -80
8475.01  3.55594e-07  -80
8480.01  3.55594e-07  -80
8485.01  3.55594e-07  -80
8490.01  3.55594e-07  -80
8495.01  3.55594e-07  -80
8500.01  3.55594e-07  -80
8505.01  3.55594e-07  -80
8510.01  3.55594e-07  -80
8515.01  3.55594e-07  -80
8520.01  3.55594e-07  -80
8525.01  3.55594e-07  -80
8530.01  3.55594e-07  -80
8535.01  3.55594e-07  -80
8540.01  3.55594e-07  -80
8545.01  3.55594e-07  -80
8550.01  3.55594e-07  -80
8555.01  3.55594e-07  -80
8560.01  3.55594e-07  -80
8565.01  3.55594e-07  -80
8570.01  3.55594e-07  -80
8575.01  3.55594e-07  -80
8580.01  3.55594e-07  -80
8585.01  3.55594e-07  -80
8590.01  3.55594e-07  -80
8595.01  3.55594e-07  -80
8600.01  3.55594e-07  -80
8605.01  3.55594e-07  -80
8610.01  3.55594e-07  -80
8615.01  3.55594e-07  -80
8620.01  3.55594e-07  -80
8625.01  3.55594e-07  -80
8630.01  3.55594e-07  -80
8635.01  3.55594e-07  -80
8640.01  3.55594e-07  -80
8645.01  3.55594e-07  -80
8650.01  3.55594e-07  -80
8655.01  3.55594e-07  -80
8660.01  3.55594e-07  -80
8665.01  3.55594e-07  -80
8670.01  3.55594e-07  -80
8675.01  3.55594e-07  -80
8680.01  3.55594e-07  -80
8685.01  3.55594e-07  -80
8690.01  3.55594e-07  -80
8695.01  3.55594e-07  -80
8700.01  3.55594e-07  -80
8705.01  3.55594e-07  -80
8710.01  3.55594e-07  -80
8715.01  3.55594e-07  -80
8720.01  3.55594e-07  -80
8725.01  3.55594e-07  -80
8730.01  3.55594e-07  -80
8735.01  3.55594e-07  -80
8740.01  3.55594e-07  -80
8745.01  3.55594e-07  -80
8750.01  3.55594e-07  -80
8755.01  3.55594e-07  -80
8760.01  3.55594e-07  -80
8765.01  3.55594e-07  -80
8770.01  3.55594e-07  -80
8775.01  3.55594e-07  -80
8780.01  3.55594e-07  -80
8785.01  3.55594e-07  -80
8790.01  3.55594e-07  -80
8795.01  3.55594e-07  -80
8800.01  3.55594e-07  -80
8805.01  3.55594e-07  -80
8810.01  3.55594e-07  -80
8815.01  3.55594e-07  -80
8820.01  3.55594e-07  -80
8825.01  3.55594e-07  -80
8830.01  3.55594e-07  -80
8835.01  3.55594e-07  -80
8840.01  3.55594e-07  -80
8845.01  3.55594e-07  -80
8850.01  3.55594e-07  -80
8855.01  3.55594e-07  -80
8860.01  3.55594e-07  -80
8865.01  3.55594e-07  -80
8870.01  3.55594e-07  -80
8875.01  3.55594e-07  -80
8880.01  3.55594e-07  -80
8885.01  3.55594e-07  -80
8890.01  3.55594e-07  -80
8895.01  3.55594e-07  -80
8900.01  3.55594e-07  -80
8905.01  3.55594e-07  -80
8910.01  3.55594e-07  -80
8915.01  3.55594e-07  -80
8920.01  3.55594e-07  -80
8925.01  3.55594e-07  -80
8930.01  3.55594e-07  -80
8935.01  3.55594e-07  -80
8940.01  3.55594e-07  -80
8945.01  3.55594e-07  -80
8950.01  3.55594e-07  -80
8955.01  3.55594e-07  -80
8960.01  3.55594e-07  -80
8965.01  3.55594e-07  -80
8970.01  3.55594e-07  -80
8975.01  3.55594e-07  -80
8980.01  3.55594e-07  -80
8985.01  3.55594e-07  -80
8990.01  3.55594e-07  -80
8995.01  3.55594e-07  -80
9000.01  3.55594e-07  -80
9005.01  3.55594e-07  -80
9010.01  3.55594e-07  -80
9015.01  3.55594e-07  -80
9020.01  3.55594e-07  -80
9025.01  3.55594e-07  -80
9030.01  3.55594e-07  -80
9035.01  3.55594e-07  -80
9040.01  3.55594e-07  -80
9045.01  3.55594e-07  -80
9050.01  3.55594e-07  -80
9055.01  3.55594e-07  -80
9060.01  3.55594e-07  -80
9065.01  3.55594e-07  -80
9070.01  3.55594e-07  -80
9075.01  3.55594e-07  -80
9080.01  3.55594e-07  -80
9085.01  3.55594e-07  -80
9090.01  3.55594e-07  -80
9095.01  3.55594e-07  -80
9100.01  3.55594e-07  -80
9105.01  3.55594e-07  -80
9110.01  3.55594e-07  -80
9115.01  3.55594e-07  -80
9120.01  3.55594e-07  -80
9125.01  3.55594e-07  -80
9130.01  3.55594e-07  -80
9135.01  3.55594e-07  -80
9140.01  3.55594e-07  -80
9145.01  3.55594e-07  -80
9150.01  3.55594e-07  -80
9155.01  3.55594e-07  -80
9160.01  3.55594e-07  -80
9165  3.55594e-07  -80
9170  3.55594e-07  -80
9175  3.55594e-07  -80
9180  3.55594e-07  -80
9185  3.55594e-07  -80
9190  3.55594e-07  -80
9195  3.55594e-07  -80
9200  3.55594e-07  -80
9205  3.55594e-07  -80
9210  3.55594e-07  -80
9215  3.55594e-07  -80
9220  3.55594e-07  -80
9225  3.55594e-07  -80
9230  3.55594e-07  -80
9235  3.55594e-07  -80
9240  3.55594e-07  -80
9245  3.55594e-07  -80
9250  3.55594e-07  -80
9255  3.55594e-07  -80
9260  3.55594e-07  -80
9265  3.55594e-07  -80
9270  3.55594e-07  -80
9275  3.55594e-07  -80
9280  3.55594e-07  -80
9285  3.55594e-07  -80
9290  3.55594e-07  -80
9295  3.55594e-07  -80
9300  3.55594e-07  -80
9305  3.55594e-07  -80
9310  3.55594e-07  -80
9315  3.55594e-07  -80
9320  3.55594e-07  -80
9325  3.55594e-07  -80
9330  3.55594e-07  -80
9335  3.55594e-07  -80
9340  3.55594e-07  -80
9345  3.55594e-07  -80
9350  3.55594e-07  -80
9355  3.55594e-07  -80
9360  3.55594e-07  -80
9365  3.55594e-07  -80
9370  3.55594e-07  -80
9375  3.55594e-07  -80
9380  3.55594e-07  -80
9385  3.55594e-07  -80
9390  3.55594e-07  -80
9395  3.55594e-07  -80
9400  3.55594e-07  -80
9405  3.55594e-07  -80
9410  3.55594e-07  -80
9415  3.55594e-07  -80
9420  3.55594e-07  -80
9425  3.55594e-07  -80
9430  3.55594e-07  -80
9435  3.55594e-07  -80
9440  3.55594e-07  -80
9445  3.55594e-07  -80
9450  3.55594e-07  -80
9455  3.55594e-07  -80
9460  3.55594e-07  -80
9465  3.55594e-07  -80
9470  3.55594e-07  -80
9475  3.55594e-07  -80
9480  3.55594e-07  -80
9485  3.55594e-07  -80
9490  3.55594e-07  -80
9495  3.55594e-07  -80
9500  3.55594e-07  -80
9505  3.55594e-07  -80
9510  3.55594e-07  -80
9515  3.55594e-07  -80
9520  3.55594e-07  -80
9525  3.55594e-07  -80
9530  3.55594e-07  -80
9535  3.55594e-07  -80
9540  3.55594e-07  -80
9545  3.55594e-07  -80
9550  3.55594e-07  -80
9555  3.55594e-07  -80
9560  3.55594e-07  -80
9565  3.55594e-07  -80
9570  3.55594e-07  -80
9575  3.55594e-07  -80
9580  3.55594e-07  -80
9585  3.55594e-07  -80
9590  3.55594e-07  -80
9595  3.55594e-07  -80
9600  3.55594e-07  -80
9605  3.55594e-07  -80
9610  3.55594e-07  -80
9615  3.55594e-07  -80
9620  3.55594e-07  -80
9625  3.55594e-07  -80
9630  3.55594e-07  -80
9635  3.55594e-07  -80
9640  3.55594e-07  -80
9645  3.55594e-07  -80
9650  3.55594e-07  -80
9655  3.55594e-07  -80
9660  3.55594e-07  -80
9665  3.55594e-07  -80
9670  3.55594e-07  -80
9675  3.55594e-07  -80
9680  3.55594e-07  -80
9685  3.55594e-07  -80
9690  3.55594e-07  -80
9695  3.55594e-07  -80
9700  3.55594e-07  -80
9705  3.55594e-07  -80
9710  3.55594e-07  -80
9715  3.55594e-07  -80
9720  3.55594e-07  -80
9725  3.55594e-07  -80
9730  3.55594e-07  -80
9735  3.55594e-07  -80
9740  3.55594e-07  -80
9745  3.55594e-07  -80
9750  3.55594e-07  -80
9755  3.55594e-07  -80
9760  3.55594e-07  -80
9765  3.55594e-07  -80
9770  3.55594e-07  -80
9775  3.55594e-07  -80
9780  3.55594e-07  -80
9785  3.55594e-07  -80
9790  3.55594e-07  -80
9795  3.55594e-07  -80
9800  3.55594e-07  -80
9805  3.55594e-07  -80
9810  3.55594e-07  -80
9815  3.55594e-07  -80
9820  3.55594e-07  -80
9825  3.55594e-07  -80
9830  3.55594e-07  -80
9835  3.55594e-07  -80
9840  3.55594e-07  -80
9845  3.55594e-07  -80
9850  3.55594e-07  -80
9855  3.55594e-07  -80
9860  3.55594e-07  -80
9865  3.55594e-07  -80
9870  3.55594e-07  -80
9875  3.55594e-07  -80
9880  3.55594e-07  -80
9885  3.55594e-07  -80
9890  3.55594e-07  -80
9895  3.55594e-07  -80
9900  3.55594e-07  -80
9905  3.55594e-07  -80
9910  3.55594e-07  -80
9915  3.55594e-07  -80
9920  3.55594e-07  -80
9925  3.55594e-07  -80
9930  3.55594e-07  -80
9935  3.55594e-07  -80
9940  3.55594e-07  -80
9945  3.55594e-07  -80
9950  3.55594e-07  -80
9955  3.55594e-07  -80
9960  3.55594e-07  -80
9965  3.55594e-07  -80
9970  3.55594e-07  -80
9975  3.55594e-07  -80
9980  3.55594e-07  -80
9985  3.55594e-07  -80
9990  3.55594e-07  -80
9995  3.55594e-07  -80
10000  1.15974e-05  40
10005  0.000763463  40
10010  0.0030469  40
10015  0.00634579  40
10020  0.00994695  40
10025  0.0133991  40
10030  0.0164647  40
10035  0.0190436  40
10040  0.0211172  40
10045  0.0227126  40
10050  0.0238794  40
10055  0.0246761  40
10060  0.0251621  40
10065  0.0253928  40
10070  0.0254178  40
10075  0.02528  40
10080  0.0250159  40
10085  0.0246555  40
10090  0.0242238  40
10095  0.0237407  40
10100  0.0232223  40
10105  0.0226813  40
10110  0.0221278  40
10115  0.0215694  40
10120  0.0210123  40
10125  0.020461  40
10130  0.0199188  40
10135  0.0193882  40
10140  0.0188712  40
10145  0.0183688  40
10150  0.0178818  40
10155  0.0174109  40
10160  0.016956  40
10165  0.0165174  40
10170  0.0160947  40
10175  0.0156878  40
10180  0.0152964  40
10185  0.01492  40
10190  0.0145583  40
10195  0.0142108  40
10200  0.013877  40
10205  0.0135564  40
10210  0.0132487  40
10215  0.0129533  40
10220  0.0126698  40
10225  0.0123976  40
10230  0.0121365  40
10235  0.0118859  40
10240  0.0116455  40
10245  0.0114147  40
10250  0.0111934  40
10255  0.010981  40
10260  0.0107772  40
10265  0.0105817  40
10270  0.0103942  40
10275  0.0102142  40
10280  0.0100416  40
10285  0.00987596  40
10290  0.00971707  40
10295  0.00956464  40
10300  0.0094184  40
10305  0.00927811  40
10310  0.00914353  40
10315  0.00901441  40
10320  0.00889054  40
10325  0.00877171  40
10330  0.00865771  40
10335  0.00854835  40
10340  0.00844343  40
10345  0.00834278  40
10350  0.00824622  40
10355  0.00815359  40
10360  0.00806472  40
10365  0.00797947  40
10370  0.00789768  40
10375  0.00781922  40
10380  0.00774395  40
10385  0.00767174  40
10390  0.00760246  40
10395  0.007536  40
10400  0.00747225  40
10405  0.00741109  40
10410  0.00735241  40
10415  0.00729612  40
10420  0.00724212  40
10425  0.00719031  40
10430  0.00714061  40
10435  0.00709294  40
10440  0.0070472  40
10445  0.00700332  40
10450  0.00696122  40
10455  0.00692084  40
10460  0.0068821  40
10465  0.00684493  40
10470  0.00680927  40
10475  0.00677507  40
10480  0.00674225  40
10485  0.00671077  40
10490  0.00668057  40
10495  0.0066516  40
10500  0.00662381  40
10505  0.00659714  40
10510  0.00657156  40
10515  0.00654702  40
10520  0.00652348  40
10525  0.0065009  40
10530  0.00647923  40
10535  0.00645844  40
10540  0.0064385  40
10545  0.00641937  40
10550  0.00640102  40
10555  0.00638342  40
10560  0.00636653  40
10565  0.00635032  40
10570  0.00633478  40
10575  0.00631987  40
10580  0.00630556  40
10585  0.00629184  40
10590  0.00627867  40
10595  0.00626604  40
10600  0.00625393  40
10605  0.0062423  40
10610  0.00623115  40
10615  0.00622045  40
10620  0.00621019  40
10625  0.00620034  40
10630  0.0061909  40
10635  0.00618184  40
10640  0.00617314  40
10645  0.0061648  40
10650  0.0061568  40
10655  0.00614913  40
10660  0.00614176  40
10665  0.0061347  40
10670  0.00612792  40
10675  0.00612142  40
10680  0.00611519  40
10685  0.0061092  40
10690  0.00610346  40
10695  0.00609796  40
10700  0.00609268  40
10705  0.00608761  40
10710  0.00608275  40
10715  0.00607808  40
10720  0.00607361  40
10725  0.00606932  40
10730  0.0060652  40
10735  0.00606125  40
10740  0.00605746  40
10745  0.00605382  40
10750  0.00605034  40
10755  0.00604699  40
10760  0.00604378  40
10765  0.0060407  40
10770  0.00603775  40
10775  0.00603491  40
10780  0.00603219  40
10785  0.00602958  40
10790  0.00602708  40
10795  0.00602468  40
10800  0.00602238  40
10805  0.00602017  40
10810  0.00601805  40
10815  0.00601602  40
10820  0.00601407  40
10825  0.0060122  40
10830  0.0060104  40
10835  0.00600868  40
10840  0.00600703  40
10845  0.00600544  40
10850  0.00600392  40
10855  0.00600246  40
10860  0.00600106  40
10865  0.00599972  40
10870  0.00599843  40
10875  0.0059972  40
10880  0.00599601  40
10885  0.00599487  40
10890  0.00599378  40
10895  0.00599274  40
10900  0.00599173  40
10905  0.00599077  40
10910  0.00598985  40
10915  0.00598896  40
10920  0.00598811  40
10925  0.00598729  40
10930  0.00598651  40
10935  0.00598576  40
10940  0.00598504  40
10945  0.00598435  40
10950  0.00598369  40
10955  0.00598305  40
10960  0.00598244  40
10965  0.00598185  40
10970  0.00598129  40
10975  0.00598075  40
10980  0.00598024  40
10985  0.00597974  40
10990  0.00597927  40
10995  0.00597881  40
11000  -0.00202682  -120
11000  -0.000976773  -100
11005  -0.0610042  -100
11010  -0.0993131  -100
11015  -0.122457  -100
11020  -0.135091  -100
11025  -0.140514  -100
11030  -0.141059  -100
11035  -0.138372  -100
11040  -0.133611  -100
11045  -0.127583  -100
11050  -0.120848  -100
11055  -0.113793  -100
11060  -0.106679  -100
11065  -0.0996787  -100
11070  -0.0929057  -100
11075  -0.0864287  -100
11080  -0.0802869  -100
11085  -0.0744992  -100
11090  -0.0690701  -100
11095  -0.0639951  -100
11100  -0.0592634  -100
11105  -0.0548604  -100
11110  -0.0507696  -100
11115  -0.0469732  -100
11120  -0.043453  -100
11125  -0.0401913  -100
11130  -0.0371706  -100
11135  -0.0343742  -100
11140  -0.0317862  -100
11145  -0.0293917  -100
11150  -0.0271767  -100
11155  -0.0251279  -100
11160  -0.023233  -100
11165  -0.0214808  -100
11170  -0.0198604  -100
11175  -0.0183622  -100
11180  -0.0169768  -100
11185  -0.0156959  -100
11190  -0.0145116  -100
11195  -0.0134167  -100
11200  -0.0124043  -100
11205  -0.0114683  -100
11210  -0.0106029  -100
11215  -0.00980288  -100
11220  -0.00906319  -100
11225  -0.00837931  -100
11230  -0.00774705  -100
11235  -0.0071625  -100
11240  -0.00662206  -100
11245  -0.0061224  -100
11250  -0.00566045  -100
11255  -0.00523336  -100
11260  -0.0048385  -100
11265  -0.00447344  -100
11270  -0.00413592  -100
11275  -0.00382387  -100
11280  -0.00353537  -100
11285  -0.00326864  -100
11290  -0.00302204  -100
11295  -0.00279404  -100
11300  -0.00258324  -100
11305  -0.00238836  -100
11310  -0.00220817  -100
11315  -0.00204158  -100
11320  -0.00188756  -100
11325  -0.00174517  -100
11330  -0.00161351  -100
11335  -0.00149179  -100
11340  -0.00137925  -100
11345  -0.0012752  -100
11350  -0.00117901  -100
11355  -0.00109007  -100
11360  -0.00100784  -100
11365  -0.00093181  -100
11370  -0.00086152  -100
11375  -0.000796532  -100
11380  -0.000736448  -100
11385  -0.000680896  -100
11390  -0.000629535  -100
11395  -0.000582049  -100
11400  -0.000538145  -100
11405  -0.000497553  -100
11410  -0.000460024  -100
11415  -0.000425325  -100
11420  -0.000393245  -100
11425  -0.000363584  -100
11430  -0.000336161  -100
11435  -0.000310806  -100
11440  -0.000287364  -100
11445  -0.000265691  -100
11450  -0.000245652  -100
11455  -0.000227125  -100
11460  -0.000209996  -100
11465  -0.000194159  -100
11470  -0.000179516  -100
11475  -0.000165978  -100
11480  -0.000153462  -100
11485  -0.000141889  -100
11490  -0.000131189  -100
11495  -0.000121297  -100
11500  -0.000112151  -100
11505  -0.000103694  -100
11510  -9.58758e-05  -100
11515  -8.8647e-05  -100
11520  -8.19636e-05  -100
11525  -7.57842e-05  -100
11530  -7.0071e-05  -100
11535  -6.47888e-05  -100
11540  -5.99049e-05  -100
11545  -5.53895e-05  -100
11550  -5.12147e-05  -100
11555  -4.73548e-05  -100
11560  -4.3786e-05  -100
11565  -4.04864e-05  -100
11570  -3.74357e-05  -100
11575  -3.46151e-05  -100
11580  -3.20073e-05  -100
11585  -2.95962e-05  -100
11590  -2.73669e-05  -100
11595  -2.53058e-05  -100
11600  -2.34002e-05  -100
11605  -2.16383e-05  -100
11610  -2.00093e-05  -100
11615  -1.85032e-05  -100
11620  -1.71106e-05  -100
11625  -1.58231e-05  -100
11630  -1.46328e-05  -100
11635  -1.35322e-05  -100
11640  -1.25146e-05  -100
11645  -1.15738e-05  -100
11650  -1.07039e-05  -100
11655  -9.89966e-06  -100
11660  -9.15608e-06  -100
11665  -8.46858e-06  -100
11670  -7.83293e-06  -100
11675  -7.24523e-06  -100
11680  -6.70186e-06  -100
11685  -6.19948e-06  -100
11690  -5.73498e-06  -100
11695  -5.30553e-06  -100
11700  -4.90846e-06  -100
11705  -4.54135e-06  -100
11710  -4.20192e-06  -100
11715  -3.8881e-06  -100
11720  -3.59794e-06  -100
11725  -3.32967e-06  -100
11730  -3.08164e-06  -100
11735  -2.85231e-06  -100
11740  -2.64029e-06  -100
11745  -2.44425e-06  -100
11750  -2.263e-06  -100
11755  -2.09542e-06  -100
11760  -1.94048e-06  -100
11765  -1.79723e-06  -100
11770  -1.66478e-06  -100
11775  -1.54232e-06  -100
11780  -1.4291e-06  -100
11785  -1.32442e-06  -100
11790  -1.22763e-06  -100
11795  -1.13815e-06  -100
11800  -1.05541e-06  -100
11805  -9.78914e-07  -100
11810  -9.08188e-07  -100
11815  -8.42796e-07  -100
11820  -7.82337e-07  -100
11825  -7.26437e-07  -100
11830  -6.74754e-07  -100
11835  -6.26969e-07  -100
11840  -5.82788e-07  -100
11845  -5.4194e-07  -100
11850  -5.04173e-07  -100
11855  -4.69254e-07  -100
11860  -4.36969e-07  -100
11865  -4.07119e-07  -100
11870  -3.7952e-07  -100
11875  -3.54003e-07  -100
11880  -3.30411e-07  -100
11885  -3.08598e-07  -100
11890  -2.88431e-07  -100
11895  -2.69784e-07  -100
11900  -2.52544e-07  -100
11905  -2.36605e-07  -100
11910  -2.21867e-07  -100
11915  -2.08241e-07  -100
11920  -1.95643e-07  -100
11925  -1.83995e-07  -100
11930  -1.73226e-07  -100
11935  -1.63268e-07  -100
11940  -1.54062e-07  -100
11945  -1.45551e-07  -100
11950  -1.37681e-07  -100
11955  -1.30405e-07  -100
11960  -1.23677e-07  -100
11965  -1.17457e-07  -100
11970  -1.11706e-07  -100
11975  -1.06389e-07  -100
11980  -1.01473e-07  -100
11985  -9.69281e-08  -100
11990  -9.27257e-08  -100
11995  -8.88402e-08  -100
12000  -8.52478e-08  -100
12005  -8.19264e-08  -100
12010  -7.88555e-08  -100
12015  -7.60162e-08  -100
12020  -7.3391e-08  -100
12025  -7.09639e-08  -100
12030  -6.87198e-08  -100
12035  -6.6645e-08  -100
12040  -6.47266e-08  -100
12045  -6.2953e-08  -100
12050  -6.13131e-08  -100
12055  -5.97969e-08  -100
12060  -5.83951e-08  -100
12065  -5.7099e-08  -100
12070  -5.59007e-08  -100
12075  -5.47928e-08  -100
12080  -5.37684e-08  -100
12085  -5.28213e-08  -100
12090  -5.19456e-08  -100
12095  -5.11359e-08  -100
12100  -5.03874e-08  -100
12105  -4.96953e-08  -100
12110  -4.90553e-08  -100
12115  -4.84637e-08  -100
12120  -4.79167e-08  -100
12125  -4.74109e-08  -100
12130  -4.69433e-08  -100
12135  -4.6511e-08  -100
12140  -4.61112e-08  -100
12145  -4.57417e-08  -100
12150  -4.53999e-08  -100
12155  -4.5084e-08  -100
12160  -4.47919e-08  -100
12165  -4.45218e-08  -100
12170  -4.42721e-08  -100
12175  -4.40413e-08  -100
12180  -4.38278e-08  -100
12185  -4.36304e-08  -100
12190  -4.3448e-08  -100
12195  -4.32793e-08  -100
12200  -4.31233e-08  -100
12205  -4.29791e-08  -100
12210  -4.28457e-08  -100
12215  -4.27224e-08  -100
12220  -4.26084e-08  -100
12225  -4.25031e-08  -100
12230  -4.24056e-08  -100
12235  -4.23155e-08  -100
12240  -4.22322e-08  -100
12245  -4.21552e-08  -100
12250  -4.2084e-08  -100
12255  -4.20182e-08  -100
12260  -4.19573e-08  -100
12265  -4.1901e-08  -100
12270  -4.1849e-08  -100
12275  -4.18009e-08  -100
12280  -4.17564e-08  -100
12285  -4.17153e-08  -100
12290  -4.16773e-08  -100
12295  -4.16421e-08  -100
12300  -4.16096e-08  -100
12305  -4.15796e-08  -100
12310  -4.15518e-08  -100
12315  -4.15261e-08  -100
12320  -4.15023e-08  -100
12325  -4.14804e-08  -100
12330  -4.14601e-08  -100
12335  -4.14413e-08  -100
12340  -4.14239e-08  -100
12345  -4.14079e-08  -100
12350  -4.13931e-08  -100
12355  -4.13793e-08  -100
12360  -4.13667e-08  -100
12365  -4.13549e-08  -100
12370  -4.13441e-08  -100
12375  -4.13341e-08  -100
12380  -4.13248e-08  -100
12385  -4.13162e-08  -100
12390  -4.13083e-08  -100
12395  -4.1301e-08  -100
12400  -4.12942e-08  -100
12405  -4.12879e-08  -100
12410  -4.12821e-08  -100
12415  -4.12768e-08  -100
12420  -4.12718e-08  -100
12425  -4.12673e-08  -100
12430  -4.1263e-08  -100
12435  -4.12591e-08  -100
12440  -4.12555e-08  -100
12445  -4.12522e-08  -100
12450  -4.12491e-08  -100
12455  -4.12462e-08  -100
12460  -4.12436e-08  -100
12465  -4.12411e-08  -100
12470  -4.12389e-08  -100
12475  -4.12368e-08  -100
12480  -4.12348e-08  -100
12485  -4.12331e-08  -100
12490  -4.12314e-08  -100
12495  -4.12299e-08  -100
12500  -4.12285e-08  -100
12505  -4.12272e-08  -100
12510  -4.1226e-08  -100
12515  -4.12248e-08  -100
12520  -4.12238e-08  -100
12525  -4.12229e-08  -100
12530  -4.1222e-08  -100
12535  -4.12212e-08  -100
12540  -4.12204e-08  -100
12545  -4.12197e-08  -100
12550  -4.12191e-08  -100
12555  -4.12185e-08  -100
12560  -4.12179e-08  -100
12565  -4.12174e-08  -100
12570  -4.12169e-08  -100
12575  -4.12165e-08  -100
12580  -4.12161e-08  -100
12585  -4.12157e-08  -100
12590  -4.12154e-08  -100
12595  -4.12151e-08  -100
12600  -4.12148e-08  -100
12605  -4.12145e-08  -100
12610  -4.12143e-08  -100
12615  -4.1214e-08  -100
12620  -4.12138e-08  -100
12625  -4.12136e-08  -100
12630  -4.12134e-08  -100
12635  -4.12133e-08  -100
12640  -4.12131e-08  -100
12645  -4.1213e-08  -100
12650  -4.12128e-08  -100
12655  -4.12127e-08  -100
12660  -4.12126e-08  -100
12665  -4.12125e-08  -100
12670  -4.12124e-08  -100
12675  -4.12123e-08  -100
12680  -4.12122e-08  -100
12685  -4.12121e-08  -100
12690  -4.12121e-08  -100
12695  -4.1212e-08  -100
12700  -4.12119e-08  -100
12705  -4.12119e-08  -100
12710  -4.12118e-08  -100
12715  -4.12118e-08  -100
12720  -4.12117e-08  -100
12725  -4.12117e-08  -100
12730  -4.12116e-08  -100
12735  -4.12116e-08  -100
12740  -4.12116e-08  -100
12745  -4.12115e-08  -100
12750  -4.12115e-08  -100
12755  -4.12115e-08  -100
12760  -4.12115e-08  -100
12765  -4.12114e-08  -100
12770  -4.12114e-08  -100
12775  -4.12114e-08  -100
12780  -4.12114e-08  -100
12785  -4.12114e-08  -100
12790  -4.12114e-08  -100
12795  -4.12113e-08  -100
12800  -4.12113e-08  -100
12805  -4.12113e-08  -100
12810  -4.12113e-08  -100
12815  -4.12113e-08  -100
12820  -4.12113e-08  -100
12825  -4.12113e-08  -100
12830  -4.12113e-08  -100
12835  -4.12113e-08  -100
12840  -4.12113e-08  -100
12845  -4.12112e-08  -100
12850  -4.12112e-08  -100
12855  -4.12112e-08  -100
12860  -4.12112e-08  -100
12865  -4.12112e-08  -100
12870  -4.12112e-08  -100
12875  -4.12112e-08  -100
12880  -4.12112e-08  -100
12885  -4.12112e-08  -100
12890  -4.12112e-08  -100
12895  -4.12112e-08  -100
12900  -4.12112e-08  -100
12905  -4.12112e-08  -100
12910  -4.12112e-08  -100
12915  -4.12112e-08  -100
12920  -4.12112e-08  -100
12925  -4.12112e-08  -100
12930  -4.12112e-08  -100
12935  -4.12112e-08  -100
12940  -4.12112e-08  -100
12945  -4.12112e-08  -100
12950  -4.12112e-08  -100
12955  -4.12112e-08  -100
12960  -4.12112e-08  -100
12965  -4.12112e-08  -100
12970  -4.12112e-08  -100
12975  -4.12112e-08  -100
12980  -4.12112e-08  -100
12985  -4.12112e-08  -100
12990  -4.12112e-08  -100
12995  -4.12112e-08  -100
13000  -4.12112e-08  -100
13005  -4.12112e-08  -100
13010  -4.12112e-08  -100
13015  -4.12112e-08  -100
13020  -4.12112e-08  -100
13025  -4.12112e-08  -100
13030  -4.12112e-08  -100
13035  -4.12112e-08  -100
13040  -4.12112e-08  -100
13045  -4.12112e-08  -100
13050  -4.12112e-08  -100
13055  -4.12112e-08  -100
13060  -4.12112e-08  -100
13065  -4.12112e-08  -100
13070  -4.12112e-08  -100
13075  -4.12112e-08  -100
13080  -4.12112e-08  -100
13085  -4.12112e-08  -100
13090  -4.12112e-08  -100
13095  -4.12112e-08  -100
13100  -4.12112e-08  -100
13105  -4.12112e-08  -100
13110  -4.12112e-08  -100
13115  -4.12112e-08  -100
13120  -4.12112e-08  -100
13125  -4.12112e-08  -100
13130  -4.12112e-08  -100
13135  -4.12112e-08  -100
13140  -4.12112e-08  -100
13145  -4.12112e-08  -100
13150  -4.12112e-08  -100
13155  -4.12112e-08  -100
13160  -4.12112e-08  -100
13165  -4.12112e-08  -100
13170  -4.12112e-08  -100
13175  -4.12112e-08  -100
13180  -4.12112e-08  -100
13185  -4.12112e-08  -100
13190  -4.12112e-08  -100
13195  -4.12112e-08  -100
13200  -4.12112e-08  -100
13205  -4.12112e-08  -100
13210  -4.12112e-08  -100
13215  -4.12112e-08  -100
13220  -4.12112e-08  -100
13225  -4.12112e-08  -100
13230  -4.12112e-08  -100
13235  -4.12112e-08  -100
13240  -4.12112e-08  -100
13245  -4.12112e-08  -100
13250  -4.12112e-08  -100
13255  -4.12112e-08  -100
13260  -4.12112e-08  -100
13265  -4.12112e-08  -100
13270  -4.12112e-08  -100
13275  -4.12112e-08  -100
13280  -4.12112e-08  -100
13285  -4.12112e-08  -100
13290  -4.12112e-08  -100
13295  -4.12112e-08  -100
13300  -4.12112e-08  -100
13305  -4.12112e-08  -100
13310  -4.12112e-08  -100
13315  -4.12112e-08  -100
13320  -4.12112e-08  -100
13325  -4.12112e-08  -100
13330  -4.12112e-08  -100
13335  -4.12112e-08  -100
13340  -4.12112e-08  -100
13345  -4.12112e-08  -100
13350  -4.12112e-08  -100
13355  -4.12112e-08  -100
13360  -4.12112e-08  -100
13365  -4.12112e-08  -100
13370  -4.12112e-08  -100
13375  -4.12112e-08  -100
13380  -4.12112e-08  -100
13385  -4.12112e-08  -100
13390  -4.12112e-08  -100
13395  -4.12112e-08  -100
13400  -4.12112e-08  -100
13405  -4.12112e-08  -100
13410  -4.12112e-08  -100
13415  -4.12112e-08  -100
13420  -4.12112e-08  -100
13425  -4.12112e-08  -100
13430  -4.12112e-08  -100
13435  -4.12112e-08  -100
13440  -4.12112e-08  -100
13445  -4.12112e-08  -100
13450  -4.12112e-08  -100
13455  -4.12112e-08  -100
13460  -4.12112e-08  -100
13465  -4.12112e-08  -100
13470  -4.12112e-08  -100
13475  -4.12112e-08  -100
13480  -4.12112e-08  -100
13485  -4.12112e-08  -100
13490  -4.12112e-08  -100
13495  -4.12112e-08  -100
13500  -4.12112e-08  -100
13505  -4.12112e-08  -100
13510  -4.12112e-08  -100
13515  -4.12112e-08  -100
13520  -4.12112e-08  -100
13525  -4.12112e-08  -100
13530  -4.12112e-08  -100
13535  -4.12112e-08  -100
13540  -4.12112e-08  -100
13545  -4.12112e-08  -100
13550  -4.12112e-08  -100
13555  -4.12112e-08  -100
13560  -4.12112e-08  -100
13565  -4.12112e-08  -100
13570  -4.12112e-08  -100
13575  -4.12112e-08  -100
13580  -4.12112e-08  -100
13585  -4.12112e-08  -100
13590  -4.12112e-08  -100
13595  -4.12112e-08  -100
13600  -4.12112e-08  -100
13605  -4.12112e-08  -100
13610  -4.12112e-08  -100
13615  -4.12112e-08  -100
13620  -4.12112e-08  -100
13625  -4.12112e-08  -100
13630  -4.12112e-08  -100
13635  -4.12112e-08  -100
13640  -4.12112e-08  -100
13645  -4.12112e-08  -100
13650  -4.12112e-08  -100
13655  -4.12112e-08  -100
13660  -4.12112e-08  -100
13665  -4.12112e-08  -100
13670  -4.12112e-08  -100
13675  -4.12112e-08  -100
13680  -4.12112e-08  -100
13685  -4.12112e-08  -100
13690  -4.12112e-08  -100
13695  -4.12112e-08  -100
13700  -4.12112e-08  -100
13705  -4.12112e-08  -100
13710  -4.12112e-08  -100
13715  -4.12112e-08  -100
13720  -4.12112e-08  -100
13725  -4.12112e-08  -100
13730  -4.12112e-08  -100
13735  -4.12112e-08  -100
13740  -4.12112e-08  -100
13745  -4.12112e-08  -100
13750  -4.12112e-08  -100
13755  -4.12112e-08  -100
13760  -4.12112e-08  -100
13765  -4.12112e-08  -100
13770  -4.12112e-08  -100
13775  -4.12112e-08  -100
13780  -4.12112e-08  -100
13785  -4.12112e-08  -100
13790  -4.12112e-08  -100
13795  -4.12112e-08  -100
13800  -4.12112e-08  -100
13805  -4.12112e-08  -100
13810  -4.12112e-08  -100
13815  -4.12112e-08  -100
13820  -4.12112e-08  -100
13825  -4.12112e-08  -100
13830  -4.12112e-08  -100
13835  -4.12112e-08  -100
13840  -4.12112e-08  -100
13845  -4.12112e-08  -100
13850  -4.12112e-08  -100
13855  -4.12112e-08  -100
13860  -4.12112e-08  -100
13865  -4.12112e-08  -100
13870  -4.12112e-08  -100
13875  -4.12112e-08  -100
13880  -4.12112e-08  -100
13885  -4.12112e-08  -100
13890  -4.12112e-08  -100
13895  -4.12112e-08  -100
13900  -4.12112e-08  -100
13905  -4.12112e-08  -100
13910  -4.12112e-08  -100
13915  -4.12112e-08  -100
13920  -4.12112e-08  -100
13925  -4.12112e-08  -100
13930  -4.12112e-08  -100
13935  -4.12112e-08  -100
13940  -4.12112e-08  -100
13945  -4.12112e-08  -100
13950  -4.12112e-08  -100
13955  -4.12112e-08  -100
13960  -4.12112e-08  -100
13965  -4.12112e-08  -100
13970  -4.12112e-08  -100
13975  -4.12112e-08  -100
13980  -4.12112e-08  -100
13985  -4.12112e-08  -100
13990  -4.12112e-08  -100
13995  -4.12112e-08  -100
14000  -4.12112e-08  -100
14005  -4.12112e-08  -100
14010  -4.12112e-08  -100
14015  -4.12112e-08  -100
14020  -4.12112e-08  -100
14025  -4.12112e-08  -100
14030  -4.12112e-08  -100
14035  -4.12112e-08  -100
14040  -4.12112e-08  -100
14045  -4.12112e-08  -100
14050  -4.12112e-08  -100
14055  -4.12112e-08  -100
14060  -4.12112e-08  -100
14065  -4.12112e-08  -100
14070  -4.12112e-08  -100
14075  -4.12112e-08  -100
14080  -4.12112e-08  -100
14085  -4.12112e-08  -100
14090  -4.12112e-08  -100
14095  -4.12112e-08  -100
14100  -4.12112e-08  -100
14105  -4.12112e-08  -100
14110  -4.12112e-08  -100
14115  -4.12112e-08  -100
14120  -4.12112e-08  -100
14125  -4.12112e-08  -100
14130  -4.12112e-08  -100
14135  -4.12112e-08  -100
14140  -4.12112e-08  -100
14145  -4.12112e-08  -100
14150  -4.12112e-08  -100
14155  -4.12112e-08  -100
14160  -4.12112e-08  -100
14165  -4.12112e-08  -100
14170  -4.12112e-08  -100
14175  -4.12112e-08  -100
14180  -4.12112e-08  -100
14185  -4.12112e-08  -100
14190  -4.12112e-08  -100
14195  -4.12112e-08  -100
14200  -4.12112e-08  -100
14205  -4.12112e-08  -100
14210  -4.12112e-08  -100
14215  -4.12112e-08  -100
14220  -4.12112e-08  -100
14225  -4.12112e-08  -100
14230  -4.12112e-08  -100
14235  -4.12112e-08  -100
14240  -4.12112e-08  -100
14245  -4.12112e-08  -100
14250  -4.12112e-08  -100
14255  -4.12112e-08  -100
14260  -4.12112e-08  -100
14265  -4.12112e-08  -100
14270  -4.12112e-08  -100
14275  -4.12112e-08  -100
14280  -4.12112e-08  -100
14285  -4.12112e-08  -100
14290  -4.12112e-08  -100
14295  -4.12112e-08  -100
14300  -4.12112e-08  -100
14305  -4.12112e-08  -100
14310  -4.12112e-08  -100
14315  -4.12112e-08  -100
14320  -4.12112e-08  -100
14325  -4.12112e-08  -100
14330  -4.12112e-08  -100
14335  -4.12112e-08  -100
14340  -4.12112e-08  -100
14345  -4.12112e-08  -100
14350  -4.12112e-08  -100
14355  -4.12112e-08  -100
14360  -4.12112e-08  -100
14365  -4.12112e-08  -100
14370  -4.12112e-08  -100
14375  -4.12112e-08  -100
14380  -4.12112e-08  -100
14385  -4.12112e-08  -100
14390  -4.12112e-08  -100
14395  -4.12112e-08  -100
14400  -4.12112e-08  -100
14405  -4.12112e-08  -100
14410  -4.12112e-08  -100
14415  -4.12112e-08  -100
14420  -4.12112e-08  -100
14425  -4.12112e-08  -100
14430  -4.12112e-08  -100
14435  -4.12112e-08  -100
14440  -4.12112e-08  -100
14445  -4.12112e-08  -100
14450  -4.12112e-08  -100
14455  -4.12112e-08  -100
14460  -4.12112e-08  -100
14465  -4.12112e-08  -100
14470  -4.12112e-08  -100
14475  -4.12112e-08  -100
14480  -4.12112e-08  -100
14485  -4.12112e-08  -100
14490  -4.12112e-08  -100
14495  -4.12112e-08  -100
14500  -4.12112e-08  -100
14505  -4.12112e-08  -100
14510  -4.12112e-08  -100
14515  -4.12112e-08  -100
14520  -4.12112e-08  -100
14525  -4.12112e-08  -100
14530  -4.12112e-08  -100
14535  -4.12112e-08  -100
14540  -4.12112e-08  -100
14545  -4.12112e-08  -100
14550  -4.12112e-08  -100
14555  -4.12112e-08  -100
14560  -4.12112e-08  -100
14565  -4.12112e-08  -100
14570  -4.12112e-08  -100
14575  -4.12112e-08  -100
14580  -4.12112e-08  -100
14585  -4.12112e-08  -100
14590  -4.12112e-08  -100
14595  -4.12112e-08  -100
14600  -4.12112e-08  -100
14605  -4.12112e-08  -100
14610  -4.12112e-08  -100
14615  -4.12112e-08  -100
14620  -4.12112e-08  -100
14625  -4.12112e-08  -100
14630  -4.12112e-08  -100
14635  -4.12112e-08  -100
14640  -4.12112e-08  -100
14645  -4.12112e-08  -100
14650  -4.12112e-08  -100
14655  -4.12112e-08  -100
14660  -4.12112e-08  -100
14665  -4.12112e-08  -100
14670  -4.12112e-08  -100
14675  -4.12112e-08  -100
14680  -4.12112e-08  -100
14685  -4.12112e-08  -100
14690  -4.12112e-08  -100
14695  -4.12112e-08  -100
14700  -4.12112e-08  -100
14705  -4.12112e-08  -100
14710  -4.12112e-08  -100
14715  -4.12112e-08  -100
14720  -4.12112e-08  -100
14725  -4.12112e-08  -100
14730  -4.12112e-08  -100
14735  -4.12112e-08  -100
14740  -4.12112e-08  -100
14745  -4.12112e-08  -100
14750  -4.12112e-08  -100
14755  -4.12112e-08  -100
14760  -4.12112e-08  -100
14765  -4.12112e-08  -100
14770  -4.12112e-08  -100
14775  -4.12112e-08  -100
14780  -4.12112e-08  -100
14785  -4.12112e-08  -100
14790  -4.12112e-08  -100
14795  -4.12112e-08  -100
14800  -4.12112e-08  -100
14805  -4.12112e-08  -100
14810  -4.12112e-08  -100
14815  -4.12112e-08  -100
14820  -4.12112e-08  -100
14825  -4.12112e-08  -100
14830  -4.12112e-08  -100
14835  -4.12112e-08  -100
14840  -4.12112e-08  -100
14845  -4.12112e-08  -100
14850  -4.12112e-08  -100
14855  -4.12112e-08  -100
14860  -4.12112e-08  -100
14865  -4.12112e-08  -100
14870  -4.12112e-08  -100
14875  -4.12112e-08  -100
14880  -4.12112e-08  -100
14885  -4.12112e-08  -100
14890  -4.12112e-08  -100
14895  -4.12112e-08  -100
14900  -4.12112e-08  -100
14905  -4.12112e-08  -100
14910  -4.12112e-08  -100
14915  -4.12112e-08  -100
14920  -4.12112e-08  -100
14925  -4.12112e-08  -100
14930  -4.12112e-08  -100
14935  -4.12112e-08  -100
14940  -4.12112e-08  -100
14945  -4.12112e-08  -100
14950  -4.12112e-08  -100
14955  -4.12112e-08  -100
14960  -4.12112e-08  -100
