0.005  9.32231e-17  -80
5.005  1.71837e-08  -80
10.005  6.02671e-08  -80
15.005  1.14388e-07  -80
20.005  1.72376e-07  -80
25.005  2.31013e-07  -80
30.005  2.88945e-07  -80
35.005  3.45668e-07  -80
40.005  4.0105e-07  -80
45.005  4.55102e-07  -80
50.005  5.07883e-07  -80
55.005  5.59461e-07  -80
60.005  6.09897e-07  -80
65.005  6.59242e-07  -80
70.005  7.07537e-07  -80
75.005  7.54817e-07  -80
80.005  8.01112e-07  -80
85.005  8.46447e-07  -80
90.005  8.90847e-07  -80
95.005  9.34331e-07  -80
100.005  9.76921e-07  -80
105.005  1.01863e-06  -80
110.005  1.05949e-06  -80
115.005  1.09951e-06  -80
120.005  1.13871e-06  -80
125.005  1.1771e-06  -80
130.005  1.2147e-06  -80
135.005  1.25153e-06  -80
140.005  1.28761e-06  -80
145.005  1.32295e-06  -80
150.005  1.35756e-06  -80
155.005  1.39146e-06  -80
160.005  1.42466e-06  -80
165.005  1.45718e-06  -80
170.005  1.48904e-06  -80
175.005  1.52024e-06  -80
180.005  1.5508e-06  -80
185.005  1.58073e-06  -80
190.005  1.61005e-06  -80
195.005  1.63877e-06  -80
200.005  1.6669e-06  -80
205.005  1.69445e-06  -80
210.005  1.72143e-06  -80
215.005  1.74786e-06  -80
220.005  1.77375e-06  -80
225.005  1.79911e-06  -80
230.005  1.82395e-06  -80
235.005  1.84827e-06  -80
240.005  1.8721e-06  -80
245.005  1.89544e-06  -80
250.005  1.9183e-06  -80
255.005  1.94069e-06  -80
260.005  1.96262e-06  -80
265.005  1.9841e-06  -80
270.005  2.00514e-06  -80
275.005  2.02575e-06  -80
280.005  2.04594e-06  -80
285.005  2.06571e-06  -80
290.005  2.08507e-06  -80
295.005  2.10404e-06  -80
300.005  2.12262e-06  -80
305.005  2.14082e-06  -80
310.005  2.15864e-06  -80
315.005  2.1761e-06  -80
320.005  2.1932e-06  -80
325.005  2.20995e-06  -80
330.005  2.22635e-06  -80
335.005  2.24242e-06  -80
340.005  2.25816e-06  -80
345.005  2.27357e-06  -80
350.005  2.28867e-06  -80
355.005  2.30346e-06  -80
360.005  2.31794e-06  -80
365.005  2.33213e-06  -80
370.005  2.34603e-06  -80
375.005  2.35964e-06  -80
380.005  2.37297e-06  -80
385.005  2.38603e-06  -80
390.005  2.39882e-06  -80
395.005  2.41135e-06  -80
400.005  2.42362e-06  -80
405.005  2.43564e-06  -80
410.005  2.44741e-06  -80
415.005  2.45894e-06  -80
420.005  2.47024e-06  -80
425.005  2.4813e-06  -80
430.005  2.49213e-06  -80
435.005  2.50275e-06  -80
440.005  2.51314e-06  -80
445.005  2.52332e-06  -80
450.005  2.5333e-06  -80
455.005  2.54306e-06  -80
460.005  2.55263e-06  -80
465.005  2.562e-06  -80
470.005  2.57118e-06  -80
475.005  2.58017e-06  -80
480.005  2.58898e-06  -80
485.005  2.5976e-06  -80
490.005  2.60605e-06  -80
495.005  2.61433e-06  -80
500.005  2.62243e-06  -80
505.005  2.63037e-06  -80
510.005  2.63814e-06  -80
515.005  2.64576e-06  -80
520.005  2.65322e-06  -80
525.005  2.66053e-06  -80
530.005  2.66768e-06  -80
535.005  2.67469e-06  -80
540.005  2.68156e-06  -80
545.005  2.68828e-06  -80
550.005  2.69487e-06  -80
555.005  2.70132e-06  -80
560.005  2.70764e-06  -80
565.005  2.71383e-06  -80
570.005  2.71989e-06  -80
575.005  2.72583e-06  -80
580.005  2.73165e-06  -80
585.005  2.73734e-06  -80
590.005  2.74292e-06  -80
595.005  2.74839e-06  -80
600.005  2.75374e-06  -80
605.005  2.75899e-06  -80
610.005  2.76412e-06  -80
615.005  2.76915e-06  -80
620.005  2.77408e-06  -80
625.005  2.77891e-06  -80
630.005  2.78363e-06  -80
635.005  2.78826e-06  -80
640.005  2.7928e-06  -80
645.005  2.79724e-06  -80
650.005  2.80159e-06  -80
655.005  2.80585e-06  -80
660.005  2.81002e-06  -80
665.005  2.81411e-06  -80
670.005  2.81812e-06  -80
675.005  2.82204e-06  -80
680.005  2.82588e-06  -80
685.005  2.82964e-06  -80
690.005  2.83333e-06  -80
695.005  2.83694e-06  -80
700.005  2.84047e-06  -80
705.005  2.84394e-06  -80
710.005  2.84733e-06  -80
715.005  2.85065e-06  -80
720.005  2.85391e-06  -80
725.005  2.85709e-06  -80
730.005  2.86022e-06  -80
735.005  2.86327e-06  -80
740.005  2.86627e-06  -80
745.005  2.8692e-06  -80
750.005  2.87208e-06  -80
755.005  2.87489e-06  -80
760.005  2.87765e-06  -80
765.005  2.88035e-06  -80
770.005  2.88299e-06  -80
775.005  2.88558e-06  -80
780.005  2.88812e-06  -80
785.005  2.89061e-06  -80
790.005  2.89304e-06  -80
795.005  2.89542e-06  -80
800.005  2.89776e-06  -80
805.005  2.90005e-06  -80
810.005  2.90229e-06  -80
815.005  2.90448e-06  -80
820.005  2.90663e-06  -80
825.005  2.90874e-06  -80
830.005  2.9108e-06  -80
835.005  2.91282e-06  -80
840.005  2.9148e-06  -80
845.005  2.91673e-06  -80
850.005  2.91863e-06  -80
855.005  2.92049e-06  -80
860.005  2.92231e-06  -80
865.005  2.9241e-06  -80
870.005  2.92584e-06  -80
875.005  2.92755e-06  -80
880.005  2.92923e-06  -80
885.005  2.93087e-06  -80
890.005  2.93248e-06  -80
895.005  2.93405e-06  -80
900.005  2.9356e-06  -80
905.005  2.93711e-06  -80
910.005  2.93859e-06  -80
915.005  2.94004e-06  -80
920.005  2.94146e-06  -80
925.005  2.94285e-06  -80
930.005  2.94421e-06  -80
935.005  2.94554e-06  -80
940.005  2.94685e-06  -80
945.005  2.94813e-06  -80
950.005  2.94938e-06  -80
955.005  2.95061e-06  -80
960.005  2.95181e-06  -80
965.005  2.95299e-06  -80
970.005  2.95414e-06  -80
975.005  2.95528e-06  -80
980.005  2.95638e-06  -80
985.005  2.95747e-06  -80
990.005  2.95853e-06  -80
995.005  2.95957e-06  -80
1000  2.96059e-06  -80
1005  2.96158e-06  -80
1010  2.96256e-06  -80
1015  2.96352e-06  -80
1020  2.96446e-06  -80
1025  2.96538e-06  -80
1030  2.96628e-06  -80
1035  2.96716e-06  -80
1040  2.96802e-06  -80
1045  2.96886e-06  -80
1050  2.96969e-06  -80
1055  2.9705e-06  -80
1060  2.9713e-06  -80
1065.01  2.97208e-06  -80
1070.01  2.97284e-06  -80
1075.01  2.97358e-06  -80
1080.01  2.97432e-06  -80
1085.01  2.97503e-06  -80
1090.01  2.97573e-06  -80
1095.01  2.97642e-06  -80
1100.01  2.97709e-06  -80
1105.01  2.97775e-06  -80
1110.01  2.9784e-06  -80
1115.01  2.97903e-06  -80
1120.01  2.97965e-06  -80
1125.01  2.98026e-06  -80
1130.01  2.98085e-06  -80
1135.01  2.98143e-06  -80
1140.01  2.982e-06  -80
1145.01  2.98256e-06  -80
1150.01  2.98311e-06  -80
1155.01  2.98364e-06  -80
1160.01  2.98417e-06  -80
1165.01  2.98468e-06  -80
1170.01  2.98519e-06  -80
1175.01  2.98568e-06  -80
1180.01  2.98616e-06  -80
1185.01  2.98663e-06  -80
1190.01  2.9871e-06  -80
1195.01  2.98755e-06  -80
1200.01  2.988e-06  -80
1205.01  2.98843e-06  -80
1210.01  2.98886e-06  -80
1215.01  2.98928e-06  -80
1220.01  2.98968e-06  -80
1225.01  2.99008e-06  -80
1230.01  2.99048e-06  -80
1235.01  2.99086e-06  -80
1240.01  2.99124e-06  -80
1245.01  2.99161e-06  -80
1250.01  2.99197e-06  -80
1255.01  2.99232e-06  -80
1260.01  2.99267e-06  -80
1265.01  2.99301e-06  -80
1270.01  2.99334e-06  -80
1275.01  2.99367e-06  -80
1280.01  2.99398e-06  -80
1285.01  2.9943e-06  -80
1290.01  2.9946e-06  -80
1295.01  2.9949e-06  -80
1300.01  2.9952e-06  -80
1305.01  2.99548e-06  -80
1310.01  2.99577e-06  -80
1315.01  2.99604e-06  -80
1320.01  2.99631e-06  -80
1325.01  2.99658e-06  -80
1330.01  2.99684e-06  -80
1335.01  2.99709e-06  -80
1340.01  2.99734e-06  -80
1345.01  2.99758e-06  -80
1350.01  2.99782e-06  -80
1355.01  2.99805e-06  -80
1360.01  2.99828e-06  -80
1365.01  2.99851e-06  -80
1370.01  2.99873e-06  -80
1375.01  2.99894e-06  -80
1380.01  2.99915e-06  -80
1385.01  2.99936e-06  -80
1390.01  2.99956e-06  -80
1395.01  2.99976e-06  -80
1400.01  2.99995e-06  -80
1405.01  3.00014e-06  -80
1410.01  3.00033e-06  -80
1415.01  3.00051e-06  -80
1420.01  3.00069e-06  -80
1425.01  3.00086e-06  -80
1430.01  3.00104e-06  -80
1435.01  3.0012e-06  -80
1440.01  3.00137e-06  -80
1445.01  3.00153e-06  -80
1450.01  3.00169e-06  -80
1455.01  3.00184e-06  -80
1460.01  3.00199e-06  -80
1465.01  3.00214e-06  -80
1470.01  3.00228e-06  -80
1475.01  3.00243e-06  -80
1480.01  3.00257e-06  -80
1485.01  3.0027e-06  -80
1490.01  3.00284e-06  -80
1495.01  3.00297e-06  -80
1500.01  3.00309e-06  -80
1505.01  3.00322e-06  -80
1510.01  3.00334e-06  -80
1515.01  3.00346e-06  -80
1520.01  3.00358e-06  -80
1525.01  3.0037e-06  -80
1530.01  3.00381e-06  -80
1535.01  3.00392e-06  -80
1540.01  3.00403e-06  -80
1545.01  3.00413e-06  -80
1550.01  3.00424e-06  -80
1555.01  3.00434e-06  -80
1560.01  3.00444e-06  -80
1565.01  3.00454e-06  -80
1570.01  3.00463e-06  -80
1575.01  3.00473e-06  -80
1580.01  3.00482e-06  -80
1585.01  3.00491e-06  -80
1590.01  3.005e-06  -80
1595.01  3.00508e-06  -80
1600.01  3.00517e-06  -80
1605.01  3.00525e-06  -80
1610.01  3.00533e-06  -80
1615.01  3.00541e-06  -80
1620.01  3.00549e-06  -80
1625.01  3.00557e-06  -80
1630.01  3.00564e-06  -80
1635.01  3.00571e-06  -80
1640.01  3.00579e-06  -80
1645.01  3.00586e-06  -80
1650.01  3.00593e-06  -80
1655.01  3.00599e-06  -80
1660.01  3.00606e-06  -80
1665.01  3.00612e-06  -80
1670.01  3.00619e-06  -80
1675.01  3.00625e-06  -80
1680.01  3.00631e-06  -80
1685.01  3.00637e-06  -80
1690.01  3.00643e-06  -80
1695.01  3.00648e-06  -80
1700.01  3.00654e-06  -80
1705.01  3.00659e-06  -80
1710.01  3.00665e-06  -80
1715.01  3.0067e-06  -80
1720.01  3.00675e-06  -80
1725.01  3.0068e-06  -80
1730.01  3.00685e-06  -80
1735.01  3.0069e-06  -80
1740.01  3.00695e-06  -80
1745.01  3.00699e-06  -80
1750.01  3.00704e-06  -80
1755.01  3.00708e-06  -80
1760.01  3.00713e-06  -80
1765.01  3.00717e-06  -80
1770.01  3.00721e-06  -80
1775.01  3.00725e-06  -80
1780.01  3.00729e-06  -80
1785.01  3.00733e-06  -80
1790.01  3.00737e-06  -80
1795.01  3.00741e-06  -80
1800.01  3.00744e-06  -80
1805.01  3.00748e-06  -80
1810.01  3.00752e-06  -80
1815.01  3.00755e-06  -80
1820.01  3.00758e-06  -80
1825.01  3.00762e-06  -80
1830.01  3.00765e-06  -80
1835.01  3.00768e-06  -80
1840.01  3.00771e-06  -80
1845.01  3.00774e-06  -80
1850.01  3.00777e-06  -80
1855.01  3.0078e-06  -80
1860.01  3.00783e-06  -80
1865.01  3.00786e-06  -80
1870.01  3.00789e-06  -80
1875.01  3.00792e-06  -80
1880.01  3.00794e-06  -80
1885.01  3.00797e-06  -80
1890.01  3.00799e-06  -80
1895.01  3.00802e-06  -80
1900.01  3.00804e-06  -80
1905.01  3.00807e-06  -80
1910.01  3.00809e-06  -80
1915.01  3.00811e-06  -80
1920.01  3.00814e-06  -80
1925.01  3.00816e-06  -80
1930.01  3.00818e-06  -80
1935.01  3.0082e-06  -80
1940.01  3.00822e-06  -80
1945.01  3.00824e-06  -80
1950.01  3.00826e-06  -80
1955.01  3.00828e-06  -80
1960.01  3.0083e-06  -80
1965.01  3.00832e-06  -80
1970.01  3.00834e-06  -80
1975.01  3.00835e-06  -80
1980.01  3.00837e-06  -80
1985.01  3.00839e-06  -80
1990.01  3.0084e-06  -80
1995.01  3.00842e-06  -80
2000.01  3.00844e-06  -80
2005.01  3.00845e-06  -80
2010.01  3.00847e-06  -80
2015.01  3.00848e-06  -80
2020.01  3.0085e-06  -80
2025.01  3.00851e-06  -80
2030.01  3.00853e-06  -80
2035.01  3.00854e-06  -80
2040.01  3.00855e-06  -80
2045.01  3.00857e-06  -80
2050.01  3.00858e-06  -80
2055.01  3.00859e-06  -80
2060.01  3.00861e-06  -80
2065.01  3.00862e-06  -80
2070.01  3.00863e-06  -80
2075.01  3.00864e-06  -80
2080.01  3.00865e-06  -80
2085.01  3.00867e-06  -80
2090.01  3.00868e-06  -80
2095.01  3.00869e-06  -80
2100.01  3.0087e-06  -80
2105.01  3.00871e-06  -80
2110.01  3.00872e-06  -80
2115.01  3.00873e-06  -80
2120.01  3.00874e-06  -80
2125.01  3.00875e-06  -80
2130.01  3.00876e-06  -80
2135.01  3.00877e-06  -80
2140.01  3.00878e-06  -80
2145.01  3.00878e-06  -80
2150.01  3.00879e-06  -80
2155.01  3.0088e-06  -80
2160.01  3.00881e-06  -80
2165.01  3.00882e-06  -80
2170.01  3.00883e-06  -80
2175.01  3.00883e-06  -80
2180.01  3.00884e-06  -80
2185.01  3.00885e-06  -80
2190.01  3.00886e-06  -80
2195.01  3.00886e-06  -80
2200.01  3.00887e-06  -80
2205.01  3.00888e-06  -80
2210.01  3.00888e-06  -80
2215.01  3.00889e-06  -80
2220.01  3.0089e-06  -80
2225.01  3.0089e-06  -80
2230.01  3.00891e-06  -80
2235.01  3.00892e-06  -80
2240.01  3.00892e-06  -80
2245.01  3.00893e-06  -80
2250.01  3.00893e-06  -80
2255.01  3.00894e-06  -80
2260.01  3.00894e-06  -80
2265.01  3.00895e-06  -80
2270.01  3.00895e-06  -80
2275.01  3.00896e-06  -80
2280.01  3.00897e-06  -80
2285.01  3.00897e-06  -80
2290.01  3.00897e-06  -80
2295.01  3.00898e-06  -80
2300.01  3.00898e-06  -80
2305.01  3.00899e-06  -80
2310.01  3.00899e-06  -80
2315.01  3.009e-06  -80
2320.01  3.009e-06  -80
2325.01  3.00901e-06  -80
2330.01  3.00901e-06  -80
2335.01  3.00901e-06  -80
2340.01  3.00902e-06  -80
2345.01  3.00902e-06  -80
2350.01  3.00903e-06  -80
2355.01  3.00903e-06  -80
2360.01  3.00903e-06  -80
2365.01  3.00904e-06  -80
2370.01  3.00904e-06  -80
2375.01  3.00904e-06  -80
2380.01  3.00905e-06  -80
2385.01  3.00905e-06  -80
2390.01  3.00905e-06  -80
2395.01  3.00906e-06  -80
2400.01  3.00906e-06  -80
2405.01  3.00906e-06  -80
2410.01  3.00907e-06  -80
2415.01  3.00907e-06  -80
2420.01  3.00907e-06  -80
2425.01  3.00907e-06  -80
2430.01  3.00908e-06  -80
2435.01  3.00908e-06  -80
2440.01  3.00908e-06  -80
2445.01  3.00908e-06  -80
2450.01  3.00909e-06  -80
2455.01  3.00909e-06  -80
2460.01  3.00909e-06  -80
2465.01  3.00909e-06  -80
2470.01  3.0091e-06  -80
2475.01  3.0091e-06  -80
2480.01  3.0091e-06  -80
2485.01  3.0091e-06  -80
2490.01  3.0091e-06  -80
2495.01  3.00911e-06  -80
2500.01  3.00911e-06  -80
2505.01  3.00911e-06  -80
2510.01  3.00911e-06  -80
2515.01  3.00911e-06  -80
2520.01  3.00912e-06  -80
2525.01  3.00912e-06  -80
2530.01  3.00912e-06  -80
2535.01  3.00912e-06  -80
2540.01  3.00912e-06  -80
2545.01  3.00913e-06  -80
2550.01  3.00913e-06  -80
2555.01  3.00913e-06  -80
2560.01  3.00913e-06  -80
2565.01  3.00913e-06  -80
2570.01  3.00913e-06  -80
2575.01  3.00913e-06  -80
2580.01  3.00914e-06  -80
2585.01  3.00914e-06  -80
2590.01  3.00914e-06  -80
2595.01  3.00914e-06  -80
2600.01  3.00914e-06  -80
2605.01  3.00914e-06  -80
2610.01  3.00914e-06  -80
2615.01  3.00915e-06  -80
2620.01  3.00915e-06  -80
2625.01  3.00915e-06  -80
2630.01  3.00915e-06  -80
2635.01  3.00915e-06  -80
2640.01  3.00915e-06  -80
2645.01  3.00915e-06  -80
2650.01  3.00915e-06  -80
2655.01  3.00915e-06  -80
2660.01  3.00916e-06  -80
2665.01  3.00916e-06  -80
2670.01  3.00916e-06  -80
2675.01  3.00916e-06  -80
2680.01  3.00916e-06  -80
2685.01  3.00916e-06  -80
2690.01  3.00916e-06  -80
2695.01  3.00916e-06  -80
2700.01  3.00916e-06  -80
2705.01  3.00916e-06  -80
2710.01  3.00917e-06  -80
2715.01  3.00917e-06  -80
2720.01  3.00917e-06  -80
2725.01  3.00917e-06  -80
2730.01  3.00917e-06  -80
2735.01  3.00917e-06  -80
2740.01  3.00917e-06  -80
2745.01  3.00917e-06  -80
2750.01  3.00917e-06  -80
2755.01  3.00917e-06  -80
2760.01  3.00917e-06  -80
2765.01  3.00917e-06  -80
2770.01  3.00917e-06  -80
2775.01  3.00917e-06  -80
2780.01  3.00918e-06  -80
2785.01  3.00918e-06  -80
2790.01  3.00918e-06  -80
2795.01  3.00918e-06  -80
2800.01  3.00918e-06  -80
2805.01  3.00918e-06  -80
2810.01  3.00918e-06  -80
2815.01  3.00918e-06  -80
2820.01  3.00918e-06  -80
2825.01  3.00918e-06  -80
2830.01  3.00918e-06  -80
2835.01  3.00918e-06  -80
2840.01  3.00918e-06  -80
2845.01  3.00918e-06  -80
2850.01  3.00918e-06  -80
2855.01  3.00918e-06  -80
2860.01  3.00918e-06  -80
2865.01  3.00918e-06  -80
2870.01  3.00918e-06  -80
2875.01  3.00919e-06  -80
2880.01  3.00919e-06  -80
2885.01  3.00919e-06  -80
2890.01  3.00919e-06  -80
2895.01  3.00919e-06  -80
2900.01  3.00919e-06  -80
2905.01  3.00919e-06  -80
2910.01  3.00919e-06  -80
2915.01  3.00919e-06  -80
2920.01  3.00919e-06  -80
2925.01  3.00919e-06  -80
2930.01  3.00919e-06  -80
2935.01  3.00919e-06  -80
2940.01  3.00919e-06  -80
2945.01  3.00919e-06  -80
2950.01  3.00919e-06  -80
2955.01  3.00919e-06  -80
2960.01  3.00919e-06  -80
2965.01  3.00919e-06  -80
2970.01  3.00919e-06  -80
2975.01  3.00919e-06  -80
2980.01  3.00919e-06  -80
2985.01  3.00919e-06  -80
2990.01  3.00919e-06  -80
2995.01  3.00919e-06  -80
3000.01  3.00919e-06  -80
3005.01  3.00919e-06  -80
3010.01  3.00919e-06  -80
3015.01  3.00919e-06  -80
3020.01  3.00919e-06  -80
3025.01  3.00919e-06  -80
3030.01  3.00919e-06  -80
3035.01  3.0092e-06  -80
3040.01  3.0092e-06  -80
3045.01  3.0092e-06  -80
3050.01  3.0092e-06  -80
3055.01  3.0092e-06  -80
3060.01  3.0092e-06  -80
3065.01  3.0092e-06  -80
3070.01  3.0092e-06  -80
3075.01  3.0092e-06  -80
3080.01  3.0092e-06  -80
3085.01  3.0092e-06  -80
3090.01  3.0092e-06  -80
3095.01  3.0092e-06  -80
3100.01  3.0092e-06  -80
3105.01  3.0092e-06  -80
3110.01  3.0092e-06  -80
3115.01  3.0092e-06  -80
3120.01  3.0092e-06  -80
3125.01  3.0092e-06  -80
3130.01  3.0092e-06  -80
3135.01  3.0092e-06  -80
3140.01  3.0092e-06  -80
3145.01  3.0092e-06  -80
3150.01  3.0092e-06  -80
3155.01  3.0092e-06  -80
3160.01  3.0092e-06  -80
3165.01  3.0092e-06  -80
3170.01  3.0092e-06  -80
3175.01  3.0092e-06  -80
3180.01  3.0092e-06  -80
3185.01  3.0092e-06  -80
3190.01  3.0092e-06  -80
3195.01  3.0092e-06  -80
3200.01  3.0092e-06  -80
3205.01  3.0092e-06  -80
3210.01  3.0092e-06  -80
3215.01  3.0092e-06  -80
3220.01  3.0092e-06  -80
3225.01  3.0092e-06  -80
3230.01  3.0092e-06  -80
3235.01  3.0092e-06  -80
3240.01  3.0092e-06  -80
3245.01  3.0092e-06  -80
3250.01  3.0092e-06  -80
3255.01  3.0092e-06  -80
3260.01  3.0092e-06  -80
3265.01  3.0092e-06  -80
3270.01  3.0092e-06  -80
3275.01  3.0092e-06  -80
3280.01  3.0092e-06  -80
3285.01  3.0092e-06  -80
3290.01  3.0092e-06  -80
3295.01  3.0092e-06  -80
3300.01  3.0092e-06  -80
3305.01  3.0092e-06  -80
3310.01  3.0092e-06  -80
3315.01  3.0092e-06  -80
3320.01  3.0092e-06  -80
3325.01  3.0092e-06  -80
3330.01  3.0092e-06  -80
3335.01  3.0092e-06  -80
3340.01  3.0092e-06  -80
3345.01  3.0092e-06  -80
3350.01  3.0092e-06  -80
3355.01  3.0092e-06  -80
3360.01  3.0092e-06  -80
3365.01  3.0092e-06  -80
3370.01  3.0092e-06  -80
3375.01  3.0092e-06  -80
3380.01  3.0092e-06  -80
3385.01  3.0092e-06  -80
3390.01  3.0092e-06  -80
3395.01  3.0092e-06  -80
3400.01  3.0092e-06  -80
3405.01  3.0092e-06  -80
3410.01  3.0092e-06  -80
3415.01  3.0092e-06  -80
3420.01  3.0092e-06  -80
3425.01  3.0092e-06  -80
3430.01  3.0092e-06  -80
3435.01  3.0092e-06  -80
3440.01  3.0092e-06  -80
3445.01  3.0092e-06  -80
3450.01  3.0092e-06  -80
3455.01  3.0092e-06  -80
3460.01  3.0092e-06  -80
3465.01  3.0092e-06  -80
3470.01  3.0092e-06  -80
3475.01  3.0092e-06  -80
3480.01  3.0092e-06  -80
3485.01  3.0092e-06  -80
3490.01  3.0092e-06  -80
3495.01  3.0092e-06  -80
3500.01  3.0092e-06  -80
3505.01  3.0092e-06  -80
3510.01  3.0092e-06  -80
3515.01  3.0092e-06  -80
3520.01  3.0092e-06  -80
3525.01  3.0092e-06  -80
3530.01  3.0092e-06  -80
3535.01  3.0092e-06  -80
3540.01  3.0092e-06  -80
3545.01  3.0092e-06  -80
3550.01  3.0092e-06  -80
3555.01  3.0092e-06  -80
3560.01  3.0092e-06  -80
3565.01  3.0092e-06  -80
3570.01  3.0092e-06  -80
3575.01  3.0092e-06  -80
3580.01  3.0092e-06  -80
3585.01  3.0092e-06  -80
3590.01  3.0092e-06  -80
3595.01  3.0092e-06  -80
3600.01  3.0092e-06  -80
3605.01  3.0092e-06  -80
3610.01  3.0092e-06  -80
3615.01  3.0092e-06  -80
3620.01  3.0092e-06  -80
3625.01  3.0092e-06  -80
3630.01  3.0092e-06  -80
3635.01  3.0092e-06  -80
3640.01  3.0092e-06  -80
3645.01  3.0092e-06  -80
3650.01  3.0092e-06  -80
3655.01  3.0092e-06  -80
3660.01  3.0092e-06  -80
3665.01  3.0092e-06  -80
3670.01  3.0092e-06  -80
3675.01  3.0092e-06  -80
3680.01  3.0092e-06  -80
3685.01  3.0092e-06  -80
3690.01  3.0092e-06  -80
3695.01  3.0092e-06  -80
3700.01  3.0092e-06  -80
3705.01  3.0092e-06  -80
3710.01  3.0092e-06  -80
3715.01  3.0092e-06  -80
3720.01  3.0092e-06  -80
3725.01  3.0092e-06  -80
3730.01  3.00921e-06  -80
3735.01  3.00921e-06  -80
3740.01  3.00921e-06  -80
3745.01  3.00921e-06  -80
3750.01  3.00921e-06  -80
3755.01  3.00921e-06  -80
3760.01  3.00921e-06  -80
3765.01  3.00921e-06  -80
3770.01  3.00921e-06  -80
3775.01  3.00921e-06  -80
3780.01  3.00921e-06  -80
3785.01  3.00921e-06  -80
3790.01  3.00921e-06  -80
3795.01  3.00921e-06  -80
3800.01  3.00921e-06  -80
3805.01  3.00921e-06  -80
3810.01  3.00921e-06  -80
3815.01  3.00921e-06  -80
3820.01  3.00921e-06  -80
3825.01  3.00921e-06  -80
3830.01  3.00921e-06  -80
3835.01  3.00921e-06  -80
3840.01  3.00921e-06  -80
3845.01  3.00921e-06  -80
3850.01  3.00921e-06  -80
3855.01  3.00921e-06  -80
3860.01  3.00921e-06  -80
3865.01  3.00921e-06  -80
3870.01  3.00921e-06  -80
3875.01  3.00921e-06  -80
3880.01  3.00921e-06  -80
3885.01  3.00921e-06  -80
3890.01  3.00921e-06  -80
3895.01  3.00921e-06  -80
3900.01  3.00921e-06  -80
3905.01  3.00921e-06  -80
3910.01  3.00921e-06  -80
3915.01  3.00921e-06  -80
3920.01  3.00921e-06  -80
3925.01  3.00921e-06  -80
3930.01  3.00921e-06  -80
3935.01  3.00921e-06  -80
3940.01  3.00921e-06  -80
3945.01  3.00921e-06  -80
3950.01  3.00921e-06  -80
3955.01  3.00921e-06  -80
3960.01  3.00921e-06  -80
3965.01  3.00921e-06  -80
3970.01  3.00921e-06  -80
3975.01  3.00921e-06  -80
3980.01  3.00921e-06  -80
3985.01  3.00921e-06  -80
3990.01  3.00921e-06  -80
3995.01  3.00921e-06  -80
4000.01  3.00921e-06  -80
4005.01  3.00921e-06  -80
4010.01  3.00921e-06  -80
4015.01  3.00921e-06  -80
4020.01  3.00921e-06  -80
4025.01  3.00921e-06  -80
4030.01  3.00921e-06  -80
4035.01  3.00921e-06  -80
4040.01  3.00921e-06  -80
4045.01  3.00921e-06  -80
4050.01  3.00921e-06  -80
4055.01  3.00921e-06  -80
4060.01  3.00921e-06  -80
4065.01  3.00921e-06  -80
4070.01  3.00921e-06  -80
4075.01  3.00921e-06  -80
4080.01  3.00921e-06  -80
4085.01  3.00921e-06  -80
4090.01  3.00921e-06  -80
4095.01  3.00921e-06  -80
4100.01  3.00921e-06  -80
4105.01  3.00921e-06  -80
4110.01  3.00921e-06  -80
4115.01  3.00921e-06  -80
4120.01  3.00921e-06  -80
4125.01  3.00921e-06  -80
4130.01  3.00921e-06  -80
4135.01  3.00921e-06  -80
4140.01  3.00921e-06  -80
4145.01  3.00921e-06  -80
4150.01  3.00921e-06  -80
4155.01  3.00921e-06  -80
4160.01  3.00921e-06  -80
4165.01  3.00921e-06  -80
4170.01  3.00921e-06  -80
4175.01  3.00921e-06  -80
4180.01  3.00921e-06  -80
4185.01  3.00921e-06  -80
4190.01  3.00921e-06  -80
4195.01  3.00921e-06  -80
4200.01  3.00921e-06  -80
4205.01  3.00921e-06  -80
4210.01  3.00921e-06  -80
4215.01  3.00921e-06  -80
4220.01  3.00921e-06  -80
4225.01  3.00921e-06  -80
4230.01  3.00921e-06  -80
4235.01  3.00921e-06  -80
4240.01  3.00921e-06  -80
4245.01  3.00921e-06  -80
4250.01  3.00921e-06  -80
4255.01  3.00921e-06  -80
4260.01  3.00921e-06  -80
4265.01  3.00921e-06  -80
4270.01  3.00921e-06  -80
4275.01  3.00921e-06  -80
4280.01  3.00921e-06  -80
4285.01  3.00921e-06  -80
4290.01  3.00921e-06  -80
4295.01  3.00921e-06  -80
4300.01  3.00921e-06  -80
4305.01  3.00921e-06  -80
4310.01  3.00921e-06  -80
4315.01  3.00921e-06  -80
4320.01  3.00921e-06  -80
4325.01  3.00921e-06  -80
4330.01  3.00921e-06  -80
4335.01  3.00921e-06  -80
4340.01  3.00921e-06  -80
4345.01  3.00921e-06  -80
4350.01  3.00921e-06  -80
4355.01  3.00921e-06  -80
4360.01  3.00921e-06  -80
4365.01  3.00921e-06  -80
4370.01  3.00921e-06  -80
4375.01  3.00921e-06  -80
4380.01  3.00921e-06  -80
4385.01  3.00921e-06  -80
4390.01  3.00921e-06  -80
4395.01  3.00921e-06  -80
4400.01  3.00921e-06  -80
4405.01  3.00921e-06  -80
4410.01  3.00921e-06  -80
4415.01  3.00921e-06  -80
4420.01  3.00921e-06  -80
4425.01  3.00921e-06  -80
4430.01  3.00921e-06  -80
4435.01  3.00921e-06  -80
4440.01  3.00921e-06  -80
4445.01  3.00921e-06  -80
4450.01  3.00921e-06  -80
4455.01  3.00921e-06  -80
4460.01  3.00921e-06  -80
4465.01  3.00921e-06  -80
4470.01  3.00921e-06  -80
4475.01  3.00921e-06  -80
4480.01  3.00921e-06  -80
4485.01  3.00921e-06  -80
4490.01  3.00921e-06  -80
4495.01  3.00921e-06  -80
4500.01  3.00921e-06  -80
4505.01  3.00921e-06  -80
4510.01  3.00921e-06  -80
4515.01  3.00921e-06  -80
4520.01  3.00921e-06  -80
4525.01  3.00921e-06  -80
4530.01  3.00921e-06  -80
4535.01  3.00921e-06  -80
4540.01  3.00921e-06  -80
4545.01  3.00921e-06  -80
4550.01  3.00921e-06  -80
4555.01  3.00921e-06  -80
4560.01  3.00921e-06  -80
4565.01  3.00921e-06  -80
4570.01  3.00921e-06  -80
4575.01  3.00921e-06  -80
4580.01  3.00921e-06  -80
4585.01  3.00921e-06  -80
4590.01  3.00921e-06  -80
4595.01  3.00921e-06  -80
4600.01  3.00921e-06  -80
4605.01  3.00921e-06  -80
4610.01  3.00921e-06  -80
4615.01  3.00921e-06  -80
4620.01  3.00921e-06  -80
4625.01  3.00921e-06  -80
4630.01  3.00921e-06  -80
4635.01  3.00921e-06  -80
4640.01  3.00921e-06  -80
4645.01  3.00921e-06  -80
4650.01  3.00921e-06  -80
4655.01  3.00921e-06  -80
4660.01  3.00921e-06  -80
4665.01  3.00921e-06  -80
4670.01  3.00921e-06  -80
4675.01  3.00921e-06  -80
4680.01  3.00921e-06  -80
4685.01  3.00921e-06  -80
4690.01  3.00921e-06  -80
4695.01  3.00921e-06  -80
4700.01  3.00921e-06  -80
4705.01  3.00921e-06  -80
4710.01  3.00921e-06  -80
4715.01  3.00921e-06  -80
4720.01  3.00921e-06  -80
4725.01  3.00921e-06  -80
4730.01  3.00921e-06  -80
4735.01  3.00921e-06  -80
4740.01  3.00921e-06  -80
4745.01  3.00921e-06  -80
4750.01  3.00921e-06  -80
4755.01  3.00921e-06  -80
4760.01  3.00921e-06  -80
4765.01  3.00921e-06  -80
4770.01  3.00921e-06  -80
4775.01  3.00921e-06  -80
4780.01  3.00921e-06  -80
4785.01  3.00921e-06  -80
4790.01  3.00921e-06  -80
4795.01  3.00921e-06  -80
4800.01  3.00921e-06  -80
4805.01  3.00921e-06  -80
4810.01  3.00921e-06  -80
4815.01  3.00921e-06  -80
4820.01  3.00921e-06  -80
4825.01  3.00921e-06  -80
4830.01  3.00921e-06  -80
4835.01  3.00921e-06  -80
4840.01  3.00921e-06  -80
4845.01  3.00921e-06  -80
4850.01  3.00921e-06  -80
4855.01  3.00921e-06  -80
4860.01  3.00921e-06  -80
4865.01  3.00921e-06  -80
4870.01  3.00921e-06  -80
4875.01  3.00921e-06  -80
4880.01  3.00921e-06  -80
4885.01  3.00921e-06  -80
4890.01  3.00921e-06  -80
4895.01  3.00921e-06  -80
4900.01  3.00921e-06  -80
4905.01  3.00921e-06  -80
4910.01  3.00921e-06  -80
4915.01  3.00921e-06  -80
4920.01  3.00921e-06  -80
4925.01  3.00921e-06  -80
4930.01  3.00921e-06  -80
4935.01  3.00921e-06  -80
4940.01  3.00921e-06  -80
4945.01  3.00921e-06  -80
4950.01  3.00921e-06  -80
4955.01  3.00921e-06  -80
4960.01  3.00921e-06  -80
4965.01  3.00921e-06  -80
4970.01  3.00921e-06  -80
4975.01  3.00921e-06  -80
4980.01  3.00921e-06  -80
4985.01  3.00921e-06  -80
4990.01  3.00921e-06  -80
4995.01  3.00921e-06  -80
5000.01  3.00921e-06  -80
5005.01  3.00921e-06  -80
5010.01  3.00921e-06  -80
5015.01  3.00921e-06  -80
5020.01  3.00921e-06  -80
5025.01  3.00921e-06  -80
5030.01  3.00921e-06  -80
5035.01  3.00921e-06  -80
5040.01  3.00921e-06  -80
5045.01  3.00921e-06  -80
5050.01  3.00921e-06  -80
5055.01  3.00921e-06  -80
5060.01  3.00921e-06  -80
5065.01  3.00921e-06  -80
5070.01  3.00921e-06  -80
5075.01  3.00921e-06  -80
5080.01  3.00921e-06  -80
5085.01  3.00921e-06  -80
5090.01  3.00921e-06  -80
5095.01  3.00921e-06  -80
5100.01  3.00921e-06  -80
5105.01  3.00921e-06  -80
5110.01  3.00921e-06  -80
5115.01  3.00921e-06  -80
5120.01  3.00921e-06  -80
5125.01  3.00921e-06  -80
5130.01  3.00921e-06  -80
5135.01  3.00921e-06  -80
5140.01  3.00921e-06  -80
5145.01  3.00921e-06  -80
5150.01  3.00921e-06  -80
5155.01  3.00921e-06  -80
5160.01  3.00921e-06  -80
5165.01  3.00921e-06  -80
5170.01  3.00921e-06  -80
5175.01  3.00921e-06  -80
5180.01  3.00921e-06  -80
5185.01  3.00921e-06  -80
5190.01  3.00921e-06  -80
5195.01  3.00921e-06  -80
5200.01  3.00921e-06  -80
5205.01  3.00921e-06  -80
5210.01  3.00921e-06  -80
5215.01  3.00921e-06  -80
5220.01  3.00921e-06  -80
5225.01  3.00921e-06  -80
5230.01  3.00921e-06  -80
5235.01  3.00921e-06  -80
5240.01  3.00921e-06  -80
5245.01  3.00921e-06  -80
5250.01  3.00921e-06  -80
5255.01  3.00921e-06  -80
5260.01  3.00921e-06  -80
5265.01  3.00921e-06  -80
5270.01  3.00921e-06  -80
5275.01  3.00921e-06  -80
5280.01  3.00921e-06  -80
5285.01  3.00921e-06  -80
5290.01  3.00921e-06  -80
5295.01  3.00921e-06  -80
5300.01  3.00921e-06  -80
5305.01  3.00921e-06  -80
5310.01  3.00921e-06  -80
5315.01  3.00921e-06  -80
5320.01  3.00921e-06  -80
5325.01  3.00921e-06  -80
5330.01  3.00921e-06  -80
5335.01  3.00921e-06  -80
5340.01  3.00921e-06  -80
5345.01  3.00921e-06  -80
5350.01  3.00921e-06  -80
5355.01  3.00921e-06  -80
5360.01  3.00921e-06  -80
5365.01  3.00921e-06  -80
5370.01  3.00921e-06  -80
5375.01  3.00921e-06  -80
5380.01  3.00921e-06  -80
5385.01  3.00921e-06  -80
5390.01  3.00921e-06  -80
5395.01  3.00921e-06  -80
5400.01  3.00921e-06  -80
5405.01  3.00921e-06  -80
5410.01  3.00921e-06  -80
5415.01  3.00921e-06  -80
5420.01  3.00921e-06  -80
5425.01  3.00921e-06  -80
5430.01  3.00921e-06  -80
5435.01  3.00921e-06  -80
5440.01  3.00921e-06  -80
5445.01  3.00921e-06  -80
5450.01  3.00921e-06  -80
5455.01  3.00921e-06  -80
5460.01  3.00921e-06  -80
5465.01  3.00921e-06  -80
5470.01  3.00921e-06  -80
5475.01  3.00921e-06  -80
5480.01  3.00921e-06  -80
5485.01  3.00921e-06  -80
5490.01  3.00921e-06  -80
5495.01  3.00921e-06  -80
5500.01  3.00921e-06  -80
5505.01  3.00921e-06  -80
5510.01  3.00921e-06  -80
5515.01  3.00921e-06  -80
5520.01  3.00921e-06  -80
5525.01  3.00921e-06  -80
5530.01  3.00921e-06  -80
5535.01  3.00921e-06  -80
5540.01  3.00921e-06  -80
5545.01  3.00921e-06  -80
5550.01  3.00921e-06  -80
5555.01  3.00921e-06  -80
5560.01  3.00921e-06  -80
5565.01  3.00921e-06  -80
5570.01  3.00921e-06  -80
5575.01  3.00921e-06  -80
5580.01  3.00921e-06  -80
5585.01  3.00921e-06  -80
5590.01  3.00921e-06  -80
5595.01  3.00921e-06  -80
5600.01  3.00921e-06  -80
5605.01  3.00921e-06  -80
5610.01  3.00921e-06  -80
5615.01  3.00921e-06  -80
5620.01  3.00921e-06  -80
5625.01  3.00921e-06  -80
5630.01  3.00921e-06  -80
5635.01  3.00921e-06  -80
5640.01  3.00921e-06  -80
5645.01  3.00921e-06  -80
5650.01  3.00921e-06  -80
5655.01  3.00921e-06  -80
5660.01  3.00921e-06  -80
5665.01  3.00921e-06  -80
5670.01  3.00921e-06  -80
5675.01  3.00921e-06  -80
5680.01  3.00921e-06  -80
5685.01  3.00921e-06  -80
5690.01  3.00921e-06  -80
5695.01  3.00921e-06  -80
5700.01  3.00921e-06  -80
5705.01  3.00921e-06  -80
5710.01  3.00921e-06  -80
5715.01  3.00921e-06  -80
5720.01  3.00921e-06  -80
5725.01  3.00921e-06  -80
5730.01  3.00921e-06  -80
5735.01  3.00921e-06  -80
5740.01  3.00921e-06  -80
5745.01  3.00921e-06  -80
5750.01  3.00921e-06  -80
5755.01  3.00921e-06  -80
5760.01  3.00921e-06  -80
5765.01  3.00921e-06  -80
5770.01  3.00921e-06  -80
5775.01  3.00921e-06  -80
5780.01  3.00921e-06  -80
5785.01  3.00921e-06  -80
5790.01  3.00921e-06  -80
5795.01  3.00921e-06  -80
5800.01  3.00921e-06  -80
5805.01  3.00921e-06  -80
5810.01  3.00921e-06  -80
5815.01  3.00921e-06  -80
5820.01  3.00921e-06  -80
5825.01  3.00921e-06  -80
5830.01  3.00921e-06  -80
5835.01  3.00921e-06  -80
5840.01  3.00921e-06  -80
5845.01  3.00921e-06  -80
5850.01  3.00921e-06  -80
5855.01  3.00921e-06  -80
5860.01  3.00921e-06  -80
5865.01  3.00921e-06  -80
5870.01  3.00921e-06  -80
5875.01  3.00921e-06  -80
5880.01  3.00921e-06  -80
5885.01  3.00921e-06  -80
5890.01  3.00921e-06  -80
5895.01  3.00921e-06  -80
5900.01  3.00921e-06  -80
5905.01  3.00921e-06  -80
5910.01  3.00921e-06  -80
5915.01  3.00921e-06  -80
5920.01  3.00921e-06  -80
5925.01  3.00921e-06  -80
5930.01  3.00921e-06  -80
5935.01  3.00921e-06  -80
5940.01  3.00921e-06  -80
5945.01  3.00921e-06  -80
5950.01  3.00921e-06  -80
5955.01  3.00921e-06  -80
5960.01  3.00921e-06  -80
5965.01  3.00921e-06  -80
5970.01  3.00921e-06  -80
5975.01  3.00921e-06  -80
5980.01  3.00921e-06  -80
5985.01  3.00921e-06  -80
5990.01  3.00921e-06  -80
5995.01  3.00921e-06  -80
6000.01  3.00921e-06  -80
6005.01  3.00921e-06  -80
6010.01  3.00921e-06  -80
6015.01  3.00921e-06  -80
6020.01  3.00921e-06  -80
6025.01  3.00921e-06  -80
6030.01  3.00921e-06  -80
6035.01  3.00921e-06  -80
6040.01  3.00921e-06  -80
6045.01  3.00921e-06  -80
6050.01  3.00921e-06  -80
6055.01  3.00921e-06  -80
6060.01  3.00921e-06  -80
6065.01  3.00921e-06  -80
6070.01  3.00921e-06  -80
6075.01  3.00921e-06  -80
6080.01  3.00921e-06  -80
6085.01  3.00921e-06  -80
6090.01  3.00921e-06  -80
6095.01  3.00921e-06  -80
6100.01  3.00921e-06  -80
6105.01  3.00921e-06  -80
6110.01  3.00921e-06  -80
6115.01  3.00921e-06  -80
6120.01  3.00921e-06  -80
6125.01  3.00921e-06  -80
6130.01  3.00921e-06  -80
6135.01  3.00921e-06  -80
6140.01  3.00921e-06  -80
6145.01  3.00921e-06  -80
6150.01  3.00921e-06  -80
6155.01  3.00921e-06  -80
6160.01  3.00921e-06  -80
6165.01  3.00921e-06  -80
6170.01  3.00921e-06  -80
6175.01  3.00921e-06  -80
6180.01  3.00921e-06  -80
6185.01  3.00921e-06  -80
6190.01  3.00921e-06  -80
6195.01  3.00921e-06  -80
6200.01  3.00921e-06  -80
6205.01  3.00921e-06  -80
6210.01  3.00921e-06  -80
6215.01  3.00921e-06  -80
6220.01  3.00921e-06  -80
6225.01  3.00921e-06  -80
6230.01  3.00921e-06  -80
6235.01  3.00921e-06  -80
6240.01  3.00921e-06  -80
6245.01  3.00921e-06  -80
6250.01  3.00921e-06  -80
6255.01  3.00921e-06  -80
6260.01  3.00921e-06  -80
6265.01  3.00921e-06  -80
6270.01  3.00921e-06  -80
6275.01  3.00921e-06  -80
6280.01  3.00921e-06  -80
6285.01  3.00921e-06  -80
6290.01  3.00921e-06  -80
6295.01  3.00921e-06  -80
6300.01  3.00921e-06  -80
6305.01  3.00921e-06  -80
6310.01  3.00921e-06  -80
6315.01  3.00921e-06  -80
6320.01  3.00921e-06  -80
6325.01  3.00921e-06  -80
6330.01  3.00921e-06  -80
6335.01  3.00921e-06  -80
6340.01  3.00921e-06  -80
6345.01  3.00921e-06  -80
6350.01  3.00921e-06  -80
6355.01  3.00921e-06  -80
6360.01  3.00921e-06  -80
6365.01  3.00921e-06  -80
6370.01  3.00921e-06  -80
6375.01  3.00921e-06  -80
6380.01  3.00921e-06  -80
6385.01  3.00921e-06  -80
6390.01  3.00921e-06  -80
6395.01  3.00921e-06  -80
6400.01  3.00921e-06  -80
6405.01  3.00921e-06  -80
6410.01  3.00921e-06  -80
6415.01  3.00921e-06  -80
6420.01  3.00921e-06  -80
6425.01  3.00921e-06  -80
6430.01  3.00921e-06  -80
6435.01  3.00921e-06  -80
6440.01  3.00921e-06  -80
6445.01  3.00921e-06  -80
6450.01  3.00921e-06  -80
6455.01  3.00921e-06  -80
6460.01  3.00921e-06  -80
6465.01  3.00921e-06  -80
6470.01  3.00921e-06  -80
6475.01  3.00921e-06  -80
6480.01  3.00921e-06  -80
6485.01  3.00921e-06  -80
6490.01  3.00921e-06  -80
6495.01  3.00921e-06  -80
6500.01  3.00921e-06  -80
6505.01  3.00921e-06  -80
6510.01  3.00921e-06  -80
6515.01  3.00921e-06  -80
6520.01  3.00921e-06  -80
6525.01  3.00921e-06  -80
6530.01  3.00921e-06  -80
6535.01  3.00921e-06  -80
6540.01  3.00921e-06  -80
6545.01  3.00921e-06  -80
6550.01  3.00921e-06  -80
6555.01  3.00921e-06  -80
6560.01  3.00921e-06  -80
6565.01  3.00921e-06  -80
6570.01  3.00921e-06  -80
6575.01  3.00921e-06  -80
6580.01  3.00921e-06  -80
6585.01  3.00921e-06  -80
6590.01  3.00921e-06  -80
6595.01  3.00921e-06  -80
6600.01  3.00921e-06  -80
6605.01  3.00921e-06  -80
6610.01  3.00921e-06  -80
6615.01  3.00921e-06  -80
6620.01  3.00921e-06  -80
6625.01  3.00921e-06  -80
6630.01  3.00921e-06  -80
6635.01  3.00921e-06  -80
6640.01  3.00921e-06  -80
6645.01  3.00921e-06  -80
6650.01  3.00921e-06  -80
6655.01  3.00921e-06  -80
6660.01  3.00921e-06  -80
6665.01  3.00921e-06  -80
6670.01  3.00921e-06  -80
6675.01  3.00921e-06  -80
6680.01  3.00921e-06  -80
6685.01  3.00921e-06  -80
6690.01  3.00921e-06  -80
6695.01  3.00921e-06  -80
6700.01  3.00921e-06  -80
6705.01  3.00921e-06  -80
6710.01  3.00921e-06  -80
6715.01  3.00921e-06  -80
6720.01  3.00921e-06  -80
6725.01  3.00921e-06  -80
6730.01  3.00921e-06  -80
6735.01  3.00921e-06  -80
6740.01  3.00921e-06  -80
6745.01  3.00921e-06  -80
6750.01  3.00921e-06  -80
6755.01  3.00921e-06  -80
6760.01  3.00921e-06  -80
6765.01  3.00921e-06  -80
6770.01  3.00921e-06  -80
6775.01  3.00921e-06  -80
6780.01  3.00921e-06  -80
6785.01  3.00921e-06  -80
6790.01  3.00921e-06  -80
6795.01  3.00921e-06  -80
6800.01  3.00921e-06  -80
6805.01  3.00921e-06  -80
6810.01  3.00921e-06  -80
6815.01  3.00921e-06  -80
6820.01  3.00921e-06  -80
6825.01  3.00921e-06  -80
6830.01  3.00921e-06  -80
6835.01  3.00921e-06  -80
6840.01  3.00921e-06  -80
6845.01  3.00921e-06  -80
6850.01  3.00921e-06  -80
6855.01  3.00921e-06  -80
6860.01  3.00921e-06  -80
6865.01  3.00921e-06  -80
6870.01  3.00921e-06  -80
6875.01  3.00921e-06  -80
6880.01  3.00921e-06  -80
6885.01  3.00921e-06  -80
6890.01  3.00921e-06  -80
6895.01  3.00921e-06  -80
6900.01  3.00921e-06  -80
6905.01  3.00921e-06  -80
6910.01  3.00921e-06  -80
6915.01  3.00921e-06  -80
6920.01  3.00921e-06  -80
6925.01  3.00921e-06  -80
6930.01  3.00921e-06  -80
6935.01  3.00921e-06  -80
6940.01  3.00921e-06  -80
6945.01  3.00921e-06  -80
6950.01  3.00921e-06  -80
6955.01  3.00921e-06  -80
6960.01  3.00921e-06  -80
6965.01  3.00921e-06  -80
6970.01  3.00921e-06  -80
6975.01  3.00921e-06  -80
6980.01  3.00921e-06  -80
6985.01  3.00921e-06  -80
6990.01  3.00921e-06  -80
6995.01  3.00921e-06  -80
7000.01  3.00921e-06  -80
7005.01  3.00921e-06  -80
7010.01  3.00921e-06  -80
7015.01  3.00921e-06  -80
7020.01  3.00921e-06  -80
7025.01  3.00921e-06  -80
7030.01  3.00921e-06  -80
7035.01  3.00921e-06  -80
7040.01  3.00921e-06  -80
7045.01  3.00921e-06  -80
7050.01  3.00921e-06  -80
7055.01  3.00921e-06  -80
7060.01  3.00921e-06  -80
7065.01  3.00921e-06  -80
7070.01  3.00921e-06  -80
7075.01  3.00921e-06  -80
7080.01  3.00921e-06  -80
7085.01  3.00921e-06  -80
7090.01  3.00921e-06  -80
7095.01  3.00921e-06  -80
7100.01  3.00921e-06  -80
7105.01  3.00921e-06  -80
7110.01  3.00921e-06  -80
7115.01  3.00921e-06  -80
7120.01  3.00921e-06  -80
7125.01  3.00921e-06  -80
7130.01  3.00921e-06  -80
7135.01  3.00921e-06  -80
7140.01  3.00921e-06  -80
7145.01  3.00921e-06  -80
7150.01  3.00921e-06  -80
7155.01  3.00921e-06  -80
7160.01  3.00921e-06  -80
7165.01  3.00921e-06  -80
7170.01  3.00921e-06  -80
7175.01  3.00921e-06  -80
7180.01  3.00921e-06  -80
7185.01  3.00921e-06  -80
7190.01  3.00921e-06  -80
7195.01  3.00921e-06  -80
7200.01  3.00921e-06  -80
7205.01  3.00921e-06  -80
7210.01  3.00921e-06  -80
7215.01  3.00921e-06  -80
7220.01  3.00921e-06  -80
7225.01  3.00921e-06  -80
7230.01  3.00921e-06  -80
7235.01  3.00921e-06  -80
7240.01  3.00921e-06  -80
7245.01  3.00921e-06  -80
7250.01  3.00921e-06  -80
7255.01  3.00921e-06  -80
7260.01  3.00921e-06  -80
7265.01  3.00921e-06  -80
7270.01  3.00921e-06  -80
7275.01  3.00921e-06  -80
7280.01  3.00921e-06  -80
7285.01  3.00921e-06  -80
7290.01  3.00921e-06  -80
7295.01  3.00921e-06  -80
7300.01  3.00921e-06  -80
7305.01  3.00921e-06  -80
7310.01  3.00921e-06  -80
7315.01  3.00921e-06  -80
7320.01  3.00921e-06  -80
7325.01  3.00921e-06  -80
7330.01  3.00921e-06  -80
7335.01  3.00921e-06  -80
7340.01  3.00921e-06  -80
7345.01  3.00921e-06  -80
7350.01  3.00921e-06  -80
7355.01  3.00921e-06  -80
7360.01  3.00921e-06  -80
7365.01  3.00921e-06  -80
7370.01  3.00921e-06  -80
7375.01  3.00921e-06  -80
7380.01  3.00921e-06  -80
7385.01  3.00921e-06  -80
7390.01  3.00921e-06  -80
7395.01  3.00921e-06  -80
7400.01  3.00921e-06  -80
7405.01  3.00921e-06  -80
7410.01  3.00921e-06  -80
7415.01  3.00921e-06  -80
7420.01  3.00921e-06  -80
7425.01  3.00921e-06  -80
7430.01  3.00921e-06  -80
7435.01  3.00921e-06  -80
7440.01  3.00921e-06  -80
7445.01  3.00921e-06  -80
7450.01  3.00921e-06  -80
7455.01  3.00921e-06  -80
7460.01  3.00921e-06  -80
7465.01  3.00921e-06  -80
7470.01  3.00921e-06  -80
7475.01  3.00921e-06  -80
7480.01  3.00921e-06  -80
7485.01  3.00921e-06  -80
7490.01  3.00921e-06  -80
7495.01  3.00921e-06  -80
7500.01  3.00921e-06  -80
7505.01  3.00921e-06  -80
7510.01  3.00921e-06  -80
7515.01  3.00921e-06  -80
7520.01  3.00921e-06  -80
7525.01  3.00921e-06  -80
7530.01  3.00921e-06  -80
7535.01  3.00921e-06  -80
7540.01  3.00921e-06  -80
7545.01  3.00921e-06  -80
7550.01  3.00921e-06  -80
7555.01  3.00921e-06  -80
7560.01  3.00921e-06  -80
7565.01  3.00921e-06  -80
7570.01  3.00921e-06  -80
7575.01  3.00921e-06  -80
7580.01  3.00921e-06  -80
7585.01  3.00921e-06  -80
7590.01  3.00921e-06  -80
7595.01  3.00921e-06  -80
7600.01  3.00921e-06  -80
7605.01  3.00921e-06  -80
7610.01  3.00921e-06  -80
7615.01  3.00921e-06  -80
7620.01  3.00921e-06  -80
7625.01  3.00921e-06  -80
7630.01  3.00921e-06  -80
7635.01  3.00921e-06  -80
7640.01  3.00921e-06  -80
7645.01  3.00921e-06  -80
7650.01  3.00921e-06  -80
7655.01  3.00921e-06  -80
7660.01  3.00921e-06  -80
7665.01  3.00921e-06  -80
7670.01  3.00921e-06  -80
7675.01  3.00921e-06  -80
7680.01  3.00921e-06  -80
7685.01  3.00921e-06  -80
7690.01  3.00921e-06  -80
7695.01  3.00921e-06  -80
7700.01  3.00921e-06  -80
7705.01  3.00921e-06  -80
7710.01  3.00921e-06  -80
7715.01  3.00921e-06  -80
7720.01  3.00921e-06  -80
7725.01  3.00921e-06  -80
7730.01  3.00921e-06  -80
7735.01  3.00921e-06  -80
7740.01  3.00921e-06  -80
7745.01  3.00921e-06  -80
7750.01  3.00921e-06  -80
7755.01  3.00921e-06  -80
7760.01  3.00921e-06  -80
7765.01  3.00921e-06  -80
7770.01  3.00921e-06  -80
7775.01  3.00921e-06  -80
7780.01  3.00921e-06  -80
7785.01  3.00921e-06  -80
7790.01  3.00921e-06  -80
7795.01  3.00921e-06  -80
7800.01  3.00921e-06  -80
7805.01  3.00921e-06  -80
7810.01  3.00921e-06  -80
7815.01  3.00921e-06  -80
7820.01  3.00921e-06  -80
7825.01  3.00921e-06  -80
7830.01  3.00921e-06  -80
7835.01  3.00921e-06  -80
7840.01  3.00921e-06  -80
7845.01  3.00921e-06  -80
7850.01  3.00921e-06  -80
7855.01  3.00921e-06  -80
7860.01  3.00921e-06  -80
7865.01  3.00921e-06  -80
7870.01  3.00921e-06  -80
7875.01  3.00921e-06  -80
7880.01  3.00921e-06  -80
7885.01  3.00921e-06  -80
7890.01  3.00921e-06  -80
7895.01  3.00921e-06  -80
7900.01  3.00921e-06  -80
7905.01  3.00921e-06  -80
7910.01  3.00921e-06  -80
7915.01  3.00921e-06  -80
7920.01  3.00921e-06  -80
7925.01  3.00921e-06  -80
7930.01  3.00921e-06  -80
7935.01  3.00921e-06  -80
7940.01  3.00921e-06  -80
7945.01  3.00921e-06  -80
7950.01  3.00921e-06  -80
7955.01  3.00921e-06  -80
7960.01  3.00921e-06  -80
7965.01  3.00921e-06  -80
7970.01  3.00921e-06  -80
7975.01  3.00921e-06  -80
7980.01  3.00921e-06  -80
7985.01  3.00921e-06  -80
7990.01  3.00921e-06  -80
7995.01  3.00921e-06  -80
8000.01  3.00921e-06  -80
8005.01  3.00921e-06  -80
8010.01  3.00921e-06  -80
8015.01  3.00921e-06  -80
8020.01  3.00921e-06  -80
8025.01  3.00921e-06  -80
8030.01  3.00921e-06  -80
8035.01  3.00921e-06  -80
8040.01  3.00921e-06  -80
8045.01  3.00921e-06  -80
8050.01  3.00921e-06  -80
8055.01  3.00921e-06  -80
8060.01  3.00921e-06  -80
8065.01  3.00921e-06  -80
8070.01  3.00921e-06  -80
8075.01  3.00921e-06  -80
8080.01  3.00921e-06  -80
8085.01  3.00921e-06  -80
8090.01  3.00921e-06  -80
8095.01  3.00921e-06  -80
8100.01  3.00921e-06  -80
8105.01  3.00921e-06  -80
8110.01  3.00921e-06  -80
8115.01  3.00921e-06  -80
8120.01  3.00921e-06  -80
8125.01  3.00921e-06  -80
8130.01  3.00921e-06  -80
8135.01  3.00921e-06  -80
8140.01  3.00921e-06  -80
8145.01  3.00921e-06  -80
8150.01  3.00921e-06  -80
8155.01  3.00921e-06  -80
8160.01  3.00921e-06  -80
8165.01  3.00921e-06  -80
8170.01  3.00921e-06  -80
8175.01  3.00921e-06  -80
8180.01  3.00921e-06  -80
8185.01  3.00921e-06  -80
8190.01  3.00921e-06  -80
8195.01  3.00921e-06  -80
8200.01  3.00921e-06  -80
8205.01  3.00921e-06  -80
8210.01  3.00921e-06  -80
8215.01  3.00921e-06  -80
8220.01  3.00921e-06  -80
8225.01  3.00921e-06  -80
8230.01  3.00921e-06  -80
8235.01  3.00921e-06  -80
8240.01  3.00921e-06  -80
8245.01  3.00921e-06  -80
8250.01  3.00921e-06  -80
8255.01  3.00921e-06  -80
8260.01  3.00921e-06  -80
8265.01  3.00921e-06  -80
8270.01  3.00921e-06  -80
8275.01  3.00921e-06  -80
8280.01  3.00921e-06  -80
8285.01  3.00921e-06  -80
8290.01  3.00921e-06  -80
8295.01  3.00921e-06  -80
8300.01  3.00921e-06  -80
8305.01  3.00921e-06  -80
8310.01  3.00921e-06  -80
8315.01  3.00921e-06  -80
8320.01  3.00921e-06  -80
8325.01  3.00921e-06  -80
8330.01  3.00921e-06  -80
8335.01  3.00921e-06  -80
8340.01  3.00921e-06  -80
8345.01  3.00921e-06  -80
8350.01  3.00921e-06  -80
8355.01  3.00921e-06  -80
8360.01  3.00921e-06  -80
8365.01  3.00921e-06  -80
8370.01  3.00921e-06  -80
8375.01  3.00921e-06  -80
8380.01  3.00921e-06  -80
8385.01  3.00921e-06  -80
8390.01  3.00921e-06  -80
8395.01  3.00921e-06  -80
8400.01  3.00921e-06  -80
8405.01  3.00921e-06  -80
8410.01  3.00921e-06  -80
8415.01  3.00921e-06  -80
8420.01  3.00921e-06  -80
8425.01  3.00921e-06  -80
8430.01  3.00921e-06  -80
8435.01  3.00921e-06  -80
8440.01  3.00921e-06  -80
8445.01  3.00921e-06  -80
8450.01  3.00921e-06  -80
8455.01  3.00921e-06  -80
8460.01  3.00921e-06  -80
8465.01  3.00921e-06  -80
8470.01  3.00921e-06  -80
8475.01  3.00921e-06  -80
8480.01  3.00921e-06  -80
8485.01  3.00921e-06  -80
8490.01  3.00921e-06  -80
8495.01  3.00921e-06  -80
8500.01  3.00921e-06  -80
8505.01  3.00921e-06  -80
8510.01  3.00921e-06  -80
8515.01  3.00921e-06  -80
8520.01  3.00921e-06  -80
8525.01  3.00921e-06  -80
8530.01  3.00921e-06  -80
8535.01  3.00921e-06  -80
8540.01  3.00921e-06  -80
8545.01  3.00921e-06  -80
8550.01  3.00921e-06  -80
8555.01  3.00921e-06  -80
8560.01  3.00921e-06  -80
8565.01  3.00921e-06  -80
8570.01  3.00921e-06  -80
8575.01  3.00921e-06  -80
8580.01  3.00921e-06  -80
8585.01  3.00921e-06  -80
8590.01  3.00921e-06  -80
8595.01  3.00921e-06  -80
8600.01  3.00921e-06  -80
8605.01  3.00921e-06  -80
8610.01  3.00921e-06  -80
8615.01  3.00921e-06  -80
8620.01  3.00921e-06  -80
8625.01  3.00921e-06  -80
8630.01  3.00921e-06  -80
8635.01  3.00921e-06  -80
8640.01  3.00921e-06  -80
8645.01  3.00921e-06  -80
8650.01  3.00921e-06  -80
8655.01  3.00921e-06  -80
8660.01  3.00921e-06  -80
8665.01  3.00921e-06  -80
8670.01  3.00921e-06  -80
8675.01  3.00921e-06  -80
8680.01  3.00921e-06  -80
8685.01  3.00921e-06  -80
8690.01  3.00921e-06  -80
8695.01  3.00921e-06  -80
8700.01  3.00921e-06  -80
8705.01  3.00921e-06  -80
8710.01  3.00921e-06  -80
8715.01  3.00921e-06  -80
8720.01  3.00921e-06  -80
8725.01  3.00921e-06  -80
8730.01  3.00921e-06  -80
8735.01  3.00921e-06  -80
8740.01  3.00921e-06  -80
8745.01  3.00921e-06  -80
8750.01  3.00921e-06  -80
8755.01  3.00921e-06  -80
8760.01  3.00921e-06  -80
8765.01  3.00921e-06  -80
8770.01  3.00921e-06  -80
8775.01  3.00921e-06  -80
8780.01  3.00921e-06  -80
8785.01  3.00921e-06  -80
8790.01  3.00921e-06  -80
8795.01  3.00921e-06  -80
8800.01  3.00921e-06  -80
8805.01  3.00921e-06  -80
8810.01  3.00921e-06  -80
8815.01  3.00921e-06  -80
8820.01  3.00921e-06  -80
8825.01  3.00921e-06  -80
8830.01  3.00921e-06  -80
8835.01  3.00921e-06  -80
8840.01  3.00921e-06  -80
8845.01  3.00921e-06  -80
8850.01  3.00921e-06  -80
8855.01  3.00921e-06  -80
8860.01  3.00921e-06  -80
8865.01  3.00921e-06  -80
8870.01  3.00921e-06  -80
8875.01  3.00921e-06  -80
8880.01  3.00921e-06  -80
8885.01  3.00921e-06  -80
8890.01  3.00921e-06  -80
8895.01  3.00921e-06  -80
8900.01  3.00921e-06  -80
8905.01  3.00921e-06  -80
8910.01  3.00921e-06  -80
8915.01  3.00921e-06  -80
8920.01  3.00921e-06  -80
8925.01  3.00921e-06  -80
8930.01  3.00921e-06  -80
8935.01  3.00921e-06  -80
8940.01  3.00921e-06  -80
8945.01  3.00921e-06  -80
8950.01  3.00921e-06  -80
8955.01  3.00921e-06  -80
8960.01  3.00921e-06  -80
8965.01  3.00921e-06  -80
8970.01  3.00921e-06  -80
8975.01  3.00921e-06  -80
8980.01  3.00921e-06  -80
8985.01  3.00921e-06  -80
8990.01  3.00921e-06  -80
8995.01  3.00921e-06  -80
9000.01  3.00921e-06  -80
9005.01  3.00921e-06  -80
9010.01  3.00921e-06  -80
9015.01  3.00921e-06  -80
9020.01  3.00921e-06  -80
9025.01  3.00921e-06  -80
9030.01  3.00921e-06  -80
9035.01  3.00921e-06  -80
9040.01  3.00921e-06  -80
9045.01  3.00921e-06  -80
9050.01  3.00921e-06  -80
9055.01  3.00921e-06  -80
9060.01  3.00921e-06  -80
9065.01  3.00921e-06  -80
9070.01  3.00921e-06  -80
9075.01  3.00921e-06  -80
9080.01  3.00921e-06  -80
9085.01  3.00921e-06  -80
9090.01  3.00921e-06  -80
9095.01  3.00921e-06  -80
9100.01  3.00921e-06  -80
9105.01  3.00921e-06  -80
9110.01  3.00921e-06  -80
9115.01  3.00921e-06  -80
9120.01  3.00921e-06  -80
9125.01  3.00921e-06  -80
9130.01  3.00921e-06  -80
9135.01  3.00921e-06  -80
9140.01  3.00921e-06  -80
9145.01  3.00921e-06  -80
9150.01  3.00921e-06  -80
9155.01  3.00921e-06  -80
9160.01  3.00921e-06  -80
9165  3.00921e-06  -80
9170  3.00921e-06  -80
9175  3.00921e-06  -80
9180  3.00921e-06  -80
9185  3.00921e-06  -80
9190  3.00921e-06  -80
9195  3.00921e-06  -80
9200  3.00921e-06  -80
9205  3.00921e-06  -80
9210  3.00921e-06  -80
9215  3.00921e-06  -80
9220  3.00921e-06  -80
9225  3.00921e-06  -80
9230  3.00921e-06  -80
9235  3.00921e-06  -80
9240  3.00921e-06  -80
9245  3.00921e-06  -80
9250  3.00921e-06  -80
9255  3.00921e-06  -80
9260  3.00921e-06  -80
9265  3.00921e-06  -80
9270  3.00921e-06  -80
9275  3.00921e-06  -80
9280  3.00921e-06  -80
9285  3.00921e-06  -80
9290  3.00921e-06  -80
9295  3.00921e-06  -80
9300  3.00921e-06  -80
9305  3.00921e-06  -80
9310  3.00921e-06  -80
9315  3.00921e-06  -80
9320  3.00921e-06  -80
9325  3.00921e-06  -80
9330  3.00921e-06  -80
9335  3.00921e-06  -80
9340  3.00921e-06  -80
9345  3.00921e-06  -80
9350  3.00921e-06  -80
9355  3.00921e-06  -80
9360  3.00921e-06  -80
9365  3.00921e-06  -80
9370  3.00921e-06  -80
9375  3.00921e-06  -80
9380  3.00921e-06  -80
9385  3.00921e-06  -80
9390  3.00921e-06  -80
9395  3.00921e-06  -80
9400  3.00921e-06  -80
9405  3.00921e-06  -80
9410  3.00921e-06  -80
9415  3.00921e-06  -80
9420  3.00921e-06  -80
9425  3.00921e-06  -80
9430  3.00921e-06  -80
9435  3.00921e-06  -80
9440  3.00921e-06  -80
9445  3.00921e-06  -80
9450  3.00921e-06  -80
9455  3.00921e-06  -80
9460  3.00921e-06  -80
9465  3.00921e-06  -80
9470  3.00921e-06  -80
9475  3.00921e-06  -80
9480  3.00921e-06  -80
9485  3.00921e-06  -80
9490  3.00921e-06  -80
9495  3.00921e-06  -80
9500  3.00921e-06  -80
9505  3.00921e-06  -80
9510  3.00921e-06  -80
9515  3.00921e-06  -80
9520  3.00921e-06  -80
9525  3.00921e-06  -80
9530  3.00921e-06  -80
9535  3.00921e-06  -80
9540  3.00921e-06  -80
9545  3.00921e-06  -80
9550  3.00921e-06  -80
9555  3.00921e-06  -80
9560  3.00921e-06  -80
9565  3.00921e-06  -80
9570  3.00921e-06  -80
9575  3.00921e-06  -80
9580  3.00921e-06  -80
9585  3.00921e-06  -80
9590  3.00921e-06  -80
9595  3.00921e-06  -80
9600  3.00921e-06  -80
9605  3.00921e-06  -80
9610  3.00921e-06  -80
9615  3.00921e-06  -80
9620  3.00921e-06  -80
9625  3.00921e-06  -80
9630  3.00921e-06  -80
9635  3.00921e-06  -80
9640  3.00921e-06  -80
9645  3.00921e-06  -80
9650  3.00921e-06  -80
9655  3.00921e-06  -80
9660  3.00921e-06  -80
9665  3.00921e-06  -80
9670  3.00921e-06  -80
9675  3.00921e-06  -80
9680  3.00921e-06  -80
9685  3.00921e-06  -80
9690  3.00921e-06  -80
9695  3.00921e-06  -80
9700  3.00921e-06  -80
9705  3.00921e-06  -80
9710  3.00921e-06  -80
9715  3.00921e-06  -80
9720  3.00921e-06  -80
9725  3.00921e-06  -80
9730  3.00921e-06  -80
9735  3.00921e-06  -80
9740  3.00921e-06  -80
9745  3.00921e-06  -80
9750  3.00921e-06  -80
9755  3.00921e-06  -80
9760  3.00921e-06  -80
9765  3.00921e-06  -80
9770  3.00921e-06  -80
9775  3.00921e-06  -80
9780  3.00921e-06  -80
9785  3.00921e-06  -80
9790  3.00921e-06  -80
9795  3.00921e-06  -80
9800  3.00921e-06  -80
9805  3.00921e-06  -80
9810  3.00921e-06  -80
9815  3.00921e-06  -80
9820  3.00921e-06  -80
9825  3.00921e-06  -80
9830  3.00921e-06  -80
9835  3.00921e-06  -80
9840  3.00921e-06  -80
9845  3.00921e-06  -80
9850  3.00921e-06  -80
9855  3.00921e-06  -80
9860  3.00921e-06  -80
9865  3.00921e-06  -80
9870  3.00921e-06  -80
9875  3.00921e-06  -80
9880  3.00921e-06  -80
9885  3.00921e-06  -80
9890  3.00921e-06  -80
9895  3.00921e-06  -80
9900  3.00921e-06  -80
9905  3.00921e-06  -80
9910  3.00921e-06  -80
9915  3.00921e-06  -80
9920  3.00921e-06  -80
9925  3.00921e-06  -80
9930  3.00921e-06  -80
9935  3.00921e-06  -80
9940  3.00921e-06  -80
9945  3.00921e-06  -80
9950  3.00921e-06  -80
9955  3.00921e-06  -80
9960  3.00921e-06  -80
9965  3.00921e-06  -80
9970  3.00921e-06  -80
9975  3.00921e-06  -80
9980  3.00921e-06  -80
9985  3.00921e-06  -80
9990  3.00921e-06  -80
9995  3.00921e-06  -80
10000  9.48666e-05  40
10005  0.00115742  40
10010  0.00526948  40
10015  0.0109825  40
10020  0.0168575  40
10025  0.0221894  40
10030  0.02674  40
10035  0.0304882  40
10040  0.0334977  40
10045  0.0358571  40
10050  0.037656  40
10055  0.0389769  40
10060  0.0398928  40
10065  0.0404674  40
10070  0.0407556  40
10075  0.0408046  40
10080  0.0406551  40
10085  0.0403421  40
10090  0.0398952  40
10095  0.0393402  40
10100  0.0386987  40
10105  0.0379893  40
10110  0.0372278  40
10115  0.0364277  40
10120  0.0356001  40
10125  0.0347547  40
10130  0.0338996  40
10135  0.0330412  40
10140  0.0321854  40
10145  0.0313366  40
10150  0.0304986  40
10155  0.0296745  40
10160  0.0288667  40
10165  0.0280772  40
10170  0.0273075  40
10175  0.0265587  40
10180  0.0258317  40
10185  0.0251269  40
10190  0.0244447  40
10195  0.0237852  40
10200  0.0231484  40
10205  0.0225342  40
10210  0.0219423  40
10215  0.0213723  40
10220  0.0208238  40
10225  0.0202964  40
10230  0.0197896  40
10235  0.0193027  40
10240  0.0188353  40
10245  0.0183867  40
10250  0.0179564  40
10255  0.0175437  40
10260  0.0171481  40
10265  0.016769  40
10270  0.0164056  40
10275  0.0160576  40
10280  0.0157243  40
10285  0.0154051  40
10290  0.0150995  40
10295  0.0148069  40
10300  0.0145269  40
10305  0.0142589  40
10310  0.0140024  40
10315  0.0137571  40
10320  0.0135223  40
10325  0.0132977  40
10330  0.0130829  40
10335  0.0128774  40
10340  0.0126808  40
10345  0.0124928  40
10350  0.0123131  40
10355  0.0121411  40
10360  0.0119767  40
10365  0.0118195  40
10370  0.0116692  40
10375  0.0115254  40
10380  0.011388  40
10385  0.0112565  40
10390  0.0111309  40
10395  0.0110108  40
10400  0.0108959  40
10405  0.0107861  40
10410  0.0106811  40
10415  0.0105808  40
10420  0.0104848  40
10425  0.0103931  40
10430  0.0103054  40
10435  0.0102215  40
10440  0.0101414  40
10445  0.0100648  40
10450  0.00999155  40
10455  0.00992154  40
10460  0.00985461  40
10465  0.00979063  40
10470  0.00972947  40
10475  0.009671  40
10480  0.00961511  40
10485  0.00956168  40
10490  0.00951061  40
10495  0.00946179  40
10500  0.00941512  40
10505  0.0093705  40
10510  0.00932786  40
10515  0.00928709  40
10520  0.00924812  40
10525  0.00921087  40
10530  0.00917526  40
10535  0.00914122  40
10540  0.00910869  40
10545  0.00907758  40
10550  0.00904785  40
10555  0.00901943  40
10560  0.00899227  40
10565  0.0089663  40
10570  0.00894147  40
10575  0.00891774  40
10580  0.00889506  40
10585  0.00887338  40
10590  0.00885265  40
10595  0.00883284  40
10600  0.0088139  40
10605  0.0087958  40
10610  0.00877849  40
10615  0.00876195  40
10620  0.00874614  40
10625  0.00873102  40
10630  0.00871657  40
10635  0.00870276  40
10640  0.00868956  40
10645  0.00867694  40
10650  0.00866488  40
10655  0.00865335  40
10660  0.00864232  40
10665  0.00863179  40
10670  0.00862171  40
10675  0.00861209  40
10680  0.00860288  40
10685  0.00859409  40
10690  0.00858568  40
10695  0.00857764  40
10700  0.00856995  40
10705  0.00856261  40
10710  0.00855559  40
10715  0.00854888  40
10720  0.00854246  40
10725  0.00853633  40
10730  0.00853047  40
10735  0.00852486  40
10740  0.00851951  40
10745  0.00851439  40
10750  0.00850949  40
10755  0.00850481  40
10760  0.00850034  40
10765  0.00849607  40
10770  0.00849198  40
10775  0.00848807  40
10780  0.00848434  40
10785  0.00848077  40
10790  0.00847736  40
10795  0.0084741  40
10800  0.00847098  40
10805  0.008468  40
10810  0.00846515  40
10815  0.00846243  40
10820  0.00845983  40
10825  0.00845734  40
10830  0.00845496  40
10835  0.00845269  40
10840  0.00845051  40
10845  0.00844844  40
10850  0.00844645  40
10855  0.00844455  40
10860  0.00844274  40
10865  0.008441  40
10870  0.00843935  40
10875  0.00843776  40
10880  0.00843625  40
10885  0.0084348  40
10890  0.00843341  40
10895  0.00843209  40
10900  0.00843083  40
10905  0.00842962  40
10910  0.00842846  40
10915  0.00842736  40
10920  0.0084263  40
10925  0.00842529  40
10930  0.00842433  40
10935  0.0084234  40
10940  0.00842252  40
10945  0.00842168  40
10950  0.00842087  40
10955  0.0084201  40
10960  0.00841937  40
10965  0.00841866  40
10970  0.00841799  40
10975  0.00841735  40
10980  0.00841673  40
10985  0.00841615  40
10990  0.00841559  40
10995  0.00841505  40
11000  -0.00330976  -120
11000  -0.00166289  -100
11005  -0.121557  -100
11010  -0.164365  -100
11015  -0.176821  -100
11020  -0.177433  -100
11025  -0.173523  -100
11030  -0.167985  -100
11035  -0.161959  -100
11040  -0.155888  -100
11045  -0.149942  -100
11050  -0.144182  -100
11055  -0.138628  -100
11060  -0.133282  -100
11065  -0.12814  -100
11070  -0.123195  -100
11075  -0.11844  -100
11080  -0.113869  -100
11085  -0.109475  -100
11090  -0.105249  -100
11095  -0.101187  -100
11100  -0.0972822  -100
11105  -0.0935276  -100
11110  -0.089918  -100
11115  -0.0864477  -100
11120  -0.0831114  -100
11125  -0.0799037  -100
11130  -0.0768199  -100
11135  -0.0738551  -100
11140  -0.0710048  -100
11145  -0.0682644  -100
11150  -0.0656298  -100
11155  -0.0630969  -100
11160  -0.0606617  -100
11165  -0.0583206  -100
11170  -0.0560698  -100
11175  -0.0539058  -100
11180  -0.0518254  -100
11185  -0.0498252  -100
11190  -0.0479023  -100
11195  -0.0460536  -100
11200  -0.0442762  -100
11205  -0.0425674  -100
11210  -0.0409246  -100
11215  -0.0393451  -100
11220  -0.0378267  -100
11225  -0.0363668  -100
11230  -0.0349633  -100
11235  -0.0336139  -100
11240  -0.0323167  -100
11245  -0.0310694  -100
11250  -0.0298704  -100
11255  -0.0287176  -100
11260  -0.0276093  -100
11265  -0.0265437  -100
11270  -0.0255193  -100
11275  -0.0245345  -100
11280  -0.0235876  -100
11285  -0.0226773  -100
11290  -0.0218021  -100
11295  -0.0209607  -100
11300  -0.0201518  -100
11305  -0.0193741  -100
11310  -0.0186264  -100
11315  -0.0179075  -100
11320  -0.0172164  -100
11325  -0.016552  -100
11330  -0.0159132  -100
11335  -0.0152991  -100
11340  -0.0147087  -100
11345  -0.014141  -100
11350  -0.0135953  -100
11355  -0.0130706  -100
11360  -0.0125662  -100
11365  -0.0120813  -100
11370  -0.011615  -100
11375  -0.0111668  -100
11380  -0.0107359  -100
11385  -0.0103216  -100
11390  -0.00992324  -100
11395  -0.00954029  -100
11400  -0.00917213  -100
11405  -0.00881817  -100
11410  -0.00847787  -100
11415  -0.00815071  -100
11420  -0.00783618  -100
11425  -0.00753378  -100
11430  -0.00724306  -100
11435  -0.00696355  -100
11440  -0.00669483  -100
11445  -0.00643649  -100
11450  -0.00618811  -100
11455  -0.00594932  -100
11460  -0.00571975  -100
11465  -0.00549903  -100
11470  -0.00528684  -100
11475  -0.00508283  -100
11480  -0.0048867  -100
11485  -0.00469814  -100
11490  -0.00451685  -100
11495  -0.00434256  -100
11500  -0.004175  -100
11505  -0.00401391  -100
11510  -0.00385903  -100
11515  -0.00371013  -100
11520  -0.00356698  -100
11525  -0.00342935  -100
11530  -0.00329703  -100
11535  -0.00316982  -100
11540  -0.00304752  -100
11545  -0.00292994  -100
11550  -0.0028169  -100
11555  -0.00270822  -100
11560  -0.00260373  -100
11565  -0.00250328  -100
11570  -0.0024067  -100
11575  -0.00231386  -100
11580  -0.00222459  -100
11585  -0.00213877  -100
11590  -0.00205626  -100
11595  -0.00197694  -100
11600  -0.00190068  -100
11605  -0.00182736  -100
11610  -0.00175687  -100
11615  -0.0016891  -100
11620  -0.00162395  -100
11625  -0.00156131  -100
11630  -0.00150109  -100
11635  -0.00144319  -100
11640  -0.00138753  -100
11645  -0.00133402  -100
11650  -0.00128257  -100
11655  -0.00123311  -100
11660  -0.00118555  -100
11665  -0.00113983  -100
11670  -0.00109588  -100
11675  -0.00105362  -100
11680  -0.001013  -100
11685  -0.000973937  -100
11690  -0.000936386  -100
11695  -0.000900284  -100
11700  -0.000865575  -100
11705  -0.000832206  -100
11710  -0.000800124  -100
11715  -0.000769281  -100
11720  -0.000739628  -100
11725  -0.00071112  -100
11730  -0.000683712  -100
11735  -0.000657362  -100
11740  -0.000632028  -100
11745  -0.000607673  -100
11750  -0.000584257  -100
11755  -0.000561745  -100
11760  -0.000540102  -100
11765  -0.000519295  -100
11770  -0.00049929  -100
11775  -0.000480057  -100
11780  -0.000461567  -100
11785  -0.00044379  -100
11790  -0.0004267  -100
11795  -0.000410269  -100
11800  -0.000394472  -100
11805  -0.000379285  -100
11810  -0.000364684  -100
11815  -0.000350646  -100
11820  -0.00033715  -100
11825  -0.000324176  -100
11830  -0.000311701  -100
11835  -0.000299709  -100
11840  -0.000288179  -100
11845  -0.000277094  -100
11850  -0.000266437  -100
11855  -0.000256191  -100
11860  -0.000246341  -100
11865  -0.000236871  -100
11870  -0.000227766  -100
11875  -0.000219013  -100
11880  -0.000210597  -100
11885  -0.000202507  -100
11890  -0.000194728  -100
11895  -0.00018725  -100
11900  -0.000180061  -100
11905  -0.000173149  -100
11910  -0.000166503  -100
11915  -0.000160114  -100
11920  -0.000153972  -100
11925  -0.000148067  -100
11930  -0.00014239  -100
11935  -0.000136931  -100
11940  -0.000131684  -100
11945  -0.000126639  -100
11950  -0.000121789  -100
11955  -0.000117126  -100
11960  -0.000112642  -100
11965  -0.000108332  -100
11970  -0.000104189  -100
11975  -0.000100205  -100
11980  -9.63746e-05  -100
11985  -9.26924e-05  -100
11990  -8.91522e-05  -100
11995  -8.57487e-05  -100
12000  -8.24766e-05  -100
12005  -7.93307e-05  -100
12010  -7.63062e-05  -100
12015  -7.33985e-05  -100
12020  -7.0603e-05  -100
12025  -6.79154e-05  -100
12030  -6.53315e-05  -100
12035  -6.28473e-05  -100
12040  -6.0459e-05  -100
12045  -5.81629e-05  -100
12050  -5.59554e-05  -100
12055  -5.38331e-05  -100
12060  -5.17927e-05  -100
12065  -4.98311e-05  -100
12070  -4.79451e-05  -100
12075  -4.6132e-05  -100
12080  -4.43888e-05  -100
12085  -4.27129e-05  -100
12090  -4.11017e-05  -100
12095  -3.95527e-05  -100
12100  -3.80634e-05  -100
12105  -3.66317e-05  -100
12110  -3.52552e-05  -100
12115  -3.39318e-05  -100
12120  -3.26595e-05  -100
12125  -3.14363e-05  -100
12130  -3.02603e-05  -100
12135  -2.91297e-05  -100
12140  -2.80427e-05  -100
12145  -2.69977e-05  -100
12150  -2.5993e-05  -100
12155  -2.50271e-05  -100
12160  -2.40984e-05  -100
12165  -2.32056e-05  -100
12170  -2.23473e-05  -100
12175  -2.15221e-05  -100
12180  -2.07287e-05  -100
12185  -1.9966e-05  -100
12190  -1.92327e-05  -100
12195  -1.85277e-05  -100
12200  -1.78499e-05  -100
12205  -1.71982e-05  -100
12210  -1.65718e-05  -100
12215  -1.59695e-05  -100
12220  -1.53904e-05  -100
12225  -1.48337e-05  -100
12230  -1.42985e-05  -100
12235  -1.37839e-05  -100
12240  -1.32892e-05  -100
12245  -1.28136e-05  -100
12250  -1.23563e-05  -100
12255  -1.19167e-05  -100
12260  -1.1494e-05  -100
12265  -1.10877e-05  -100
12270  -1.06971e-05  -100
12275  -1.03215e-05  -100
12280  -9.9604e-06  -100
12285  -9.61325e-06  -100
12290  -9.27951e-06  -100
12295  -8.95864e-06  -100
12300  -8.65016e-06  -100
12305  -8.35358e-06  -100
12310  -8.06845e-06  -100
12315  -7.79433e-06  -100
12320  -7.53078e-06  -100
12325  -7.27741e-06  -100
12330  -7.03381e-06  -100
12335  -6.79962e-06  -100
12340  -6.57446e-06  -100
12345  -6.358e-06  -100
12350  -6.14988e-06  -100
12355  -5.94981e-06  -100
12360  -5.75745e-06  -100
12365  -5.57251e-06  -100
12370  -5.39472e-06  -100
12375  -5.22378e-06  -100
12380  -5.05945e-06  -100
12385  -4.90145e-06  -100
12390  -4.74956e-06  -100
12395  -4.60352e-06  -100
12400  -4.46312e-06  -100
12405  -4.32814e-06  -100
12410  -4.19837e-06  -100
12415  -4.07361e-06  -100
12420  -3.95367e-06  -100
12425  -3.83835e-06  -100
12430  -3.72748e-06  -100
12435  -3.62089e-06  -100
12440  -3.51842e-06  -100
12445  -3.4199e-06  -100
12450  -3.32518e-06  -100
12455  -3.23412e-06  -100
12460  -3.14658e-06  -100
12465  -3.06241e-06  -100
12470  -2.98149e-06  -100
12475  -2.90369e-06  -100
12480  -2.8289e-06  -100
12485  -2.75699e-06  -100
12490  -2.68786e-06  -100
12495  -2.62139e-06  -100
12500  -2.5575e-06  -100
12505  -2.49606e-06  -100
12510  -2.437e-06  -100
12515  -2.38022e-06  -100
12520  -2.32563e-06  -100
12525  -2.27314e-06  -100
12530  -2.22269e-06  -100
12535  -2.17417e-06  -100
12540  -2.12754e-06  -100
12545  -2.0827e-06  -100
12550  -2.03959e-06  -100
12555  -1.99814e-06  -100
12560  -1.9583e-06  -100
12565  -1.91999e-06  -100
12570  -1.88316e-06  -100
12575  -1.84776e-06  -100
12580  -1.81372e-06  -100
12585  -1.78099e-06  -100
12590  -1.74952e-06  -100
12595  -1.71928e-06  -100
12600  -1.69019e-06  -100
12605  -1.66223e-06  -100
12610  -1.63535e-06  -100
12615  -1.60951e-06  -100
12620  -1.58466e-06  -100
12625  -1.56078e-06  -100
12630  -1.53781e-06  -100
12635  -1.51573e-06  -100
12640  -1.49451e-06  -100
12645  -1.4741e-06  -100
12650  -1.45448e-06  -100
12655  -1.43562e-06  -100
12660  -1.41748e-06  -100
12665  -1.40005e-06  -100
12670  -1.38329e-06  -100
12675  -1.36717e-06  -100
12680  -1.35168e-06  -100
12685  -1.33679e-06  -100
12690  -1.32247e-06  -100
12695  -1.3087e-06  -100
12700  -1.29546e-06  -100
12705  -1.28274e-06  -100
12710  -1.2705e-06  -100
12715  -1.25874e-06  -100
12720  -1.24743e-06  -100
12725  -1.23656e-06  -100
12730  -1.22611e-06  -100
12735  -1.21606e-06  -100
12740  -1.2064e-06  -100
12745  -1.19711e-06  -100
12750  -1.18818e-06  -100
12755  -1.1796e-06  -100
12760  -1.17134e-06  -100
12765  -1.16341e-06  -100
12770  -1.15578e-06  -100
12775  -1.14845e-06  -100
12780  -1.1414e-06  -100
12785  -1.13462e-06  -100
12790  -1.1281e-06  -100
12795  -1.12183e-06  -100
12800  -1.11581e-06  -100
12805  -1.11002e-06  -100
12810  -1.10445e-06  -100
12815  -1.0991e-06  -100
12820  -1.09395e-06  -100
12825  -1.089e-06  -100
12830  -1.08424e-06  -100
12835  -1.07967e-06  -100
12840  -1.07527e-06  -100
12845  -1.07105e-06  -100
12850  -1.06698e-06  -100
12855  -1.06308e-06  -100
12860  -1.05932e-06  -100
12865  -1.05571e-06  -100
12870  -1.05224e-06  -100
12875  -1.0489e-06  -100
12880  -1.04569e-06  -100
12885  -1.0426e-06  -100
12890  -1.03964e-06  -100
12895  -1.03679e-06  -100
12900  -1.03404e-06  -100
12905  -1.03141e-06  -100
12910  -1.02887e-06  -100
12915  -1.02644e-06  -100
12920  -1.0241e-06  -100
12925  -1.02184e-06  -100
12930  -1.01968e-06  -100
12935  -1.0176e-06  -100
12940  -1.0156e-06  -100
12945  -1.01367e-06  -100
12950  -1.01182e-06  -100
12955  -1.01004e-06  -100
12960  -1.00833e-06  -100
12965  -1.00669e-06  -100
12970  -1.00511e-06  -100
12975  -1.00359e-06  -100
12980  -1.00213e-06  -100
12985  -1.00073e-06  -100
12990  -9.99377e-07  -100
12995  -9.98079e-07  -100
13000  -9.96831e-07  -100
13005  -9.95631e-07  -100
13010  -9.94478e-07  -100
13015  -9.93369e-07  -100
13020  -9.92303e-07  -100
13025  -9.91278e-07  -100
13030  -9.90293e-07  -100
13035  -9.89346e-07  -100
13040  -9.88435e-07  -100
13045  -9.87559e-07  -100
13050  -9.86717e-07  -100
13055  -9.85908e-07  -100
13060  -9.8513e-07  -100
13065  -9.84382e-07  -100
13070  -9.83663e-07  -100
13075  -9.82971e-07  -100
13080  -9.82307e-07  -100
13085  -9.81667e-07  -100
13090  -9.81053e-07  -100
13095  -9.80462e-07  -100
13100  -9.79894e-07  -100
13105  -9.79348e-07  -100
13110  -9.78824e-07  -100
13115  -9.78319e-07  -100
13120  -9.77834e-07  -100
13125  -9.77367e-07  -100
13130  -9.76919e-07  -100
13135  -9.76488e-07  -100
13140  -9.76073e-07  -100
13145  -9.75675e-07  -100
13150  -9.75291e-07  -100
13155  -9.74923e-07  -100
13160  -9.74569e-07  -100
13165  -9.74228e-07  -100
13170  -9.73901e-07  -100
13175  -9.73586e-07  -100
13180  -9.73284e-07  -100
13185  -9.72993e-07  -100
13190  -9.72713e-07  -100
13195  -9.72445e-07  -100
13200  -9.72186e-07  -100
13205  -9.71938e-07  -100
13210  -9.71699e-07  -100
13215  -9.71469e-07  -100
13220  -9.71248e-07  -100
13225  -9.71036e-07  -100
13230  -9.70832e-07  -100
13235  -9.70636e-07  -100
13240  -9.70447e-07  -100
13245  -9.70266e-07  -100
13250  -9.70091e-07  -100
13255  -9.69923e-07  -100
13260  -9.69762e-07  -100
13265  -9.69607e-07  -100
13270  -9.69458e-07  -100
13275  -9.69315e-07  -100
13280  -9.69177e-07  -100
13285  -9.69045e-07  -100
13290  -9.68918e-07  -100
13295  -9.68795e-07  -100
13300  -9.68678e-07  -100
13305  -9.68565e-07  -100
13310  -9.68456e-07  -100
13315  -9.68351e-07  -100
13320  -9.68251e-07  -100
13325  -9.68154e-07  -100
13330  -9.68061e-07  -100
13335  -9.67972e-07  -100
13340  -9.67886e-07  -100
13345  -9.67804e-07  -100
13350  -9.67724e-07  -100
13355  -9.67648e-07  -100
13360  -9.67575e-07  -100
13365  -9.67504e-07  -100
13370  -9.67436e-07  -100
13375  -9.67371e-07  -100
13380  -9.67309e-07  -100
13385  -9.67248e-07  -100
13390  -9.6719e-07  -100
13395  -9.67135e-07  -100
13400  -9.67081e-07  -100
13405  -9.6703e-07  -100
13410  -9.6698e-07  -100
13415  -9.66933e-07  -100
13420  -9.66887e-07  -100
13425  -9.66843e-07  -100
13430  -9.66801e-07  -100
13435  -9.6676e-07  -100
13440  -9.66721e-07  -100
13445  -9.66683e-07  -100
13450  -9.66647e-07  -100
13455  -9.66612e-07  -100
13460  -9.66579e-07  -100
13465  -9.66547e-07  -100
13470  -9.66516e-07  -100
13475  -9.66486e-07  -100
13480  -9.66458e-07  -100
13485  -9.6643e-07  -100
13490  -9.66404e-07  -100
13495  -9.66379e-07  -100
13500  -9.66354e-07  -100
13505  -9.66331e-07  -100
13510  -9.66308e-07  -100
13515  -9.66287e-07  -100
13520  -9.66266e-07  -100
13525  -9.66246e-07  -100
13530  -9.66227e-07  -100
13535  -9.66208e-07  -100
13540  -9.6619e-07  -100
13545  -9.66173e-07  -100
13550  -9.66157e-07  -100
13555  -9.66141e-07  -100
13560  -9.66126e-07  -100
13565  -9.66111e-07  -100
13570  -9.66097e-07  -100
13575  -9.66084e-07  -100
13580  -9.66071e-07  -100
13585  -9.66058e-07  -100
13590  -9.66046e-07  -100
13595  -9.66035e-07  -100
13600  -9.66024e-07  -100
13605  -9.66013e-07  -100
13610  -9.66003e-07  -100
13615  -9.65993e-07  -100
13620  -9.65983e-07  -100
13625  -9.65974e-07  -100
13630  -9.65966e-07  -100
13635  -9.65957e-07  -100
13640  -9.65949e-07  -100
13645  -9.65941e-07  -100
13650  -9.65934e-07  -100
13655  -9.65927e-07  -100
13660  -9.6592e-07  -100
13665  -9.65913e-07  -100
13670  -9.65907e-07  -100
13675  -9.659e-07  -100
13680  -9.65895e-07  -100
13685  -9.65889e-07  -100
13690  -9.65883e-07  -100
13695  -9.65878e-07  -100
13700  -9.65873e-07  -100
13705  -9.65868e-07  -100
13710  -9.65864e-07  -100
13715  -9.65859e-07  -100
13720  -9.65855e-07  -100
13725  -9.65851e-07  -100
13730  -9.65847e-07  -100
13735  -9.65843e-07  -100
13740  -9.65839e-07  -100
13745  -9.65836e-07  -100
13750  -9.65832e-07  -100
13755  -9.65829e-07  -100
13760  -9.65826e-07  -100
13765  -9.65823e-07  -100
13770  -9.6582e-07  -100
13775  -9.65817e-07  -100
13780  -9.65814e-07  -100
13785  -9.65812e-07  -100
13790  -9.65809e-07  -100
13795  -9.65807e-07  -100
13800  -9.65805e-07  -100
13805  -9.65802e-07  -100
13810  -9.658e-07  -100
13815  -9.65798e-07  -100
13820  -9.65796e-07  -100
13825  -9.65794e-07  -100
13830  -9.65793e-07  -100
13835  -9.65791e-07  -100
13840  -9.65789e-07  -100
13845  -9.65788e-07  -100
13850  -9.65786e-07  -100
13855  -9.65785e-07  -100
13860  -9.65783e-07  -100
13865  -9.65782e-07  -100
13870  -9.6578e-07  -100
13875  -9.65779e-07  -100
13880  -9.65778e-07  -100
13885  -9.65777e-07  -100
13890  -9.65776e-07  -100
13895  -9.65774e-07  -100
13900  -9.65773e-07  -100
13905  -9.65772e-07  -100
13910  -9.65771e-07  -100
13915  -9.65771e-07  -100
13920  -9.6577e-07  -100
13925  -9.65769e-07  -100
13930  -9.65768e-07  -100
13935  -9.65767e-07  -100
13940  -9.65766e-07  -100
13945  -9.65766e-07  -100
13950  -9.65765e-07  -100
13955  -9.65764e-07  -100
13960  -9.65764e-07  -100
13965  -9.65763e-07  -100
13970  -9.65762e-07  -100
13975  -9.65762e-07  -100
13980  -9.65761e-07  -100
13985  -9.65761e-07  -100
13990  -9.6576e-07  -100
13995  -9.6576e-07  -100
14000  -9.65759e-07  -100
14005  -9.65759e-07  -100
14010  -9.65758e-07  -100
14015  -9.65758e-07  -100
14020  -9.65758e-07  -100
14025  -9.65757e-07  -100
14030  -9.65757e-07  -100
14035  -9.65756e-07  -100
14040  -9.65756e-07  -100
14045  -9.65756e-07  -100
14050  -9.65755e-07  -100
14055  -9.65755e-07  -100
14060  -9.65755e-07  -100
14065  -9.65755e-07  -100
14070  -9.65754e-07  -100
14075  -9.65754e-07  -100
14080  -9.65754e-07  -100
14085  -9.65753e-07  -100
14090  -9.65753e-07  -100
14095  -9.65753e-07  -100
14100  -9.65753e-07  -100
14105  -9.65753e-07  -100
14110  -9.65752e-07  -100
14115  -9.65752e-07  -100
14120  -9.65752e-07  -100
14125  -9.65752e-07  -100
14130  -9.65752e-07  -100
14135  -9.65752e-07  -100
14140  -9.65751e-07  -100
14145  -9.65751e-07  -100
14150  -9.65751e-07  -100
14155  -9.65751e-07  -100
14160  -9.65751e-07  -100
14165  -9.65751e-07  -100
14170  -9.65751e-07  -100
14175  -9.6575e-07  -100
14180  -9.6575e-07  -100
14185  -9.6575e-07  -100
14190  -9.6575e-07  -100
14195  -9.6575e-07  -100
14200  -9.6575e-07  -100
14205  -9.6575e-07  -100
14210  -9.6575e-07  -100
14215  -9.6575e-07  -100
14220  -9.6575e-07  -100
14225  -9.65749e-07  -100
14230  -9.65749e-07  -100
14235  -9.65749e-07  -100
14240  -9.65749e-07  -100
14245  -9.65749e-07  -100
14250  -9.65749e-07  -100
14255  -9.65749e-07  -100
14260  -9.65749e-07  -100
14265  -9.65749e-07  -100
14270  -9.65749e-07  -100
14275  -9.65749e-07  -100
14280  -9.65749e-07  -100
14285  -9.65749e-07  -100
14290  -9.65749e-07  -100
14295  -9.65749e-07  -100
14300  -9.65749e-07  -100
14305  -9.65748e-07  -100
14310  -9.65748e-07  -100
14315  -9.65748e-07  -100
14320  -9.65748e-07  -100
14325  -9.65748e-07  -100
14330  -9.65748e-07  -100
14335  -9.65748e-07  -100
14340  -9.65748e-07  -100
14345  -9.65748e-07  -100
14350  -9.65748e-07  -100
14355  -9.65748e-07  -100
14360  -9.65748e-07  -100
14365  -9.65748e-07  -100
14370  -9.65748e-07  -100
14375  -9.65748e-07  -100
14380  -9.65748e-07  -100
14385  -9.65748e-07  -100
14390  -9.65748e-07  -100
14395  -9.65748e-07  -100
14400  -9.65748e-07  -100
14405  -9.65748e-07  -100
14410  -9.65748e-07  -100
14415  -9.65748e-07  -100
14420  -9.65748e-07  -100
14425  -9.65748e-07  -100
14430  -9.65748e-07  -100
14435  -9.65748e-07  -100
14440  -9.65748e-07  -100
14445  -9.65748e-07  -100
14450  -9.65748e-07  -100
14455  -9.65748e-07  -100
14460  -9.65748e-07  -100
14465  -9.65748e-07  -100
14470  -9.65748e-07  -100
14475  -9.65748e-07  -100
14480  -9.65748e-07  -100
14485  -9.65748e-07  -100
14490  -9.65748e-07  -100
14495  -9.65748e-07  -100
14500  -9.65748e-07  -100
14505  -9.65748e-07  -100
14510  -9.65748e-07  -100
14515  -9.65748e-07  -100
14520  -9.65748e-07  -100
14525  -9.65748e-07  -100
14530  -9.65748e-07  -100
14535  -9.65748e-07  -100
14540  -9.65748e-07  -100
14545  -9.65748e-07  -100
14550  -9.65748e-07  -100
14555  -9.65748e-07  -100
14560  -9.65748e-07  -100
14565  -9.65748e-07  -100
14570  -9.65748e-07  -100
14575  -9.65748e-07  -100
14580  -9.65748e-07  -100
14585  -9.65748e-07  -100
14590  -9.65748e-07  -100
14595  -9.65748e-07  -100
14600  -9.65748e-07  -100
14605  -9.65748e-07  -100
14610  -9.65748e-07  -100
14615  -9.65748e-07  -100
14620  -9.65747e-07  -100
14625  -9.65747e-07  -100
14630  -9.65747e-07  -100
14635  -9.65747e-07  -100
14640  -9.65747e-07  -100
14645  -9.65747e-07  -100
14650  -9.65747e-07  -100
14655  -9.65747e-07  -100
14660  -9.65747e-07  -100
14665  -9.65747e-07  -100
14670  -9.65747e-07  -100
14675  -9.65747e-07  -100
14680  -9.65747e-07  -100
14685  -9.65747e-07  -100
14690  -9.65747e-07  -100
14695  -9.65747e-07  -100
14700  -9.65747e-07  -100
14705  -9.65747e-07  -100
14710  -9.65747e-07  -100
14715  -9.65747e-07  -100
14720  -9.65747e-07  -100
14725  -9.65747e-07  -100
14730  -9.65747e-07  -100
14735  -9.65747e-07  -100
14740  -9.65747e-07  -100
14745  -9.65747e-07  -100
14750  -9.65747e-07  -100
14755  -9.65747e-07  -100
14760  -9.65747e-07  -100
14765  -9.65747e-07  -100
14770  -9.65747e-07  -100
14775  -9.65747e-07  -100
14780  -9.65747e-07  -100
14785  -9.65747e-07  -100
14790  -9.65747e-07  -100
14795  -9.65747e-07  -100
14800  -9.65747e-07  -100
14805  -9.65747e-07  -100
14810  -9.65747e-07  -100
14815  -9.65747e-07  -100
14820  -9.65747e-07  -100
14825  -9.65747e-07  -100
14830  -9.65747e-07  -100
14835  -9.65747e-07  -100
14840  -9.65747e-07  -100
14845  -9.65747e-07  -100
14850  -9.65747e-07  -100
14855  -9.65747e-07  -100
14860  -9.65747e-07  -100
14865  -9.65747e-07  -100
14870  -9.65747e-07  -100
14875  -9.65747e-07  -100
14880  -9.65747e-07  -100
14885  -9.65747e-07  -100
14890  -9.65747e-07  -100
14895  -9.65747e-07  -100
14900  -9.65747e-07  -100
14905  -9.65747e-07  -100
14910  -9.65747e-07  -100
14915  -9.65747e-07  -100
14920  -9.65747e-07  -100
14925  -9.65747e-07  -100
14930  -9.65747e-07  -100
14935  -9.65747e-07  -100
14940  -9.65747e-07  -100
14945  -9.65747e-07  -100
14950  -9.65747e-07  -100
14955  -9.65747e-07  -100
14960  -9.65747e-07  -100
