0.005  9.32231e-17  -80
5.005  1.71837e-08  -80
10.005  6.02671e-08  -80
15.005  1.14388e-07  -80
20.005  1.72376e-07  -80
25.005  2.31013e-07  -80
30.005  2.88945e-07  -80
35.005  3.45668e-07  -80
40.005  4.0105e-07  -80
45.005  4.55102e-07  -80
50.005  5.07883e-07  -80
55.005  5.59461e-07  -80
60.005  6.09897e-07  -80
65.005  6.59242e-07  -80
70.005  7.07537e-07  -80
75.005  7.54817e-07  -80
80.005  8.01112e-07  -80
85.005  8.46447e-07  -80
90.005  8.90847e-07  -80
95.005  9.34331e-07  -80
100.005  9.76921e-07  -80
105.005  1.01863e-06  -80
110.005  1.05949e-06  -80
115.005  1.09951e-06  -80
120.005  1.13871e-06  -80
125.005  1.1771e-06  -80
130.005  1.2147e-06  -80
135.005  1.25153e-06  -80
140.005  1.28761e-06  -80
145.005  1.32295e-06  -80
150.005  1.35756e-06  -80
155.005  1.39146e-06  -80
160.005  1.42466e-06  -80
165.005  1.45718e-06  -80
170.005  1.48904e-06  -80
175.005  1.52024e-06  -80
180.005  1.5508e-06  -80
185.005  1.58073e-06  -80
190.005  1.61005e-06  -80
195.005  1.63877e-06  -80
200.005  1.6669e-06  -80
205.005  1.69445e-06  -80
210.005  1.72143e-06  -80
215.005  1.74786e-06  -80
220.005  1.77375e-06  -80
225.005  1.79911e-06  -80
230.005  1.82395e-06  -80
235.005  1.84827e-06  -80
240.005  1.8721e-06  -80
245.005  1.89544e-06  -80
250.005  1.9183e-06  -80
255.005  1.94069e-06  -80
260.005  1.96262e-06  -80
265.005  1.9841e-06  -80
270.005  2.00514e-06  -80
275.005  2.02575e-06  -80
280.005  2.04594e-06  -80
285.005  2.06571e-06  -80
290.005  2.08507e-06  -80
295.005  2.10404e-06  -80
300.005  2.12262e-06  -80
305.005  2.14082e-06  -80
310.005  2.15864e-06  -80
315.005  2.1761e-06  -80
320.005  2.1932e-06  -80
325.005  2.20995e-06  -80
330.005  2.22635e-06  -80
335.005  2.24242e-06  -80
340.005  2.25816e-06  -80
345.005  2.27357e-06  -80
350.005  2.28867e-06  -80
355.005  2.30346e-06  -80
360.005  2.31794e-06  -80
365.005  2.33213e-06  -80
370.005  2.34603e-06  -80
375.005  2.35964e-06  -80
380.005  2.37297e-06  -80
385.005  2.38603e-06  -80
390.005  2.39882e-06  -80
395.005  2.41135e-06  -80
400.005  2.42362e-06  -80
405.005  2.43564e-06  -80
410.005  2.44741e-06  -80
415.005  2.45894e-06  -80
420.005  2.47024e-06  -80
425.005  2.4813e-06  -80
430.005  2.49213e-06  -80
435.005  2.50275e-06  -80
440.005  2.51314e-06  -80
445.005  2.52332e-06  -80
450.005  2.5333e-06  -80
455.005  2.54306e-06  -80
460.005  2.55263e-06  -80
465.005  2.562e-06  -80
470.005  2.57118e-06  -80
475.005  2.58017e-06  -80
480.005  2.58898e-06  -80
485.005  2.5976e-06  -80
490.005  2.60605e-06  -80
495.005  2.61433e-06  -80
500.005  2.62243e-06  -80
505.005  2.63037e-06  -80
510.005  2.63814e-06  -80
515.005  2.64576e-06  -80
520.005  2.65322e-06  -80
525.005  2.66053e-06  -80
530.005  2.66768e-06  -80
535.005  2.67469e-06  -80
540.005  2.68156e-06  -80
545.005  2.68828e-06  -80
550.005  2.69487e-06  -80
555.005  2.70132e-06  -80
560.005  2.70764e-06  -80
565.005  2.71383e-06  -80
570.005  2.71989e-06  -80
575.005  2.72583e-06  -80
580.005  2.73165e-06  -80
585.005  2.73734e-06  -80
590.005  2.74292e-06  -80
595.005  2.74839e-06  -80
600.005  2.75374e-06  -80
605.005  2.75899e-06  -80
610.005  2.76412e-06  -80
615.005  2.76915e-06  -80
620.005  2.77408e-06  -80
625.005  2.77891e-06  -80
630.005  2.78363e-06  -80
635.005  2.78826e-06  -80
640.005  2.7928e-06  -80
645.005  2.79724e-06  -80
650.005  2.80159e-06  -80
655.005  2.80585e-06  -80
660.005  2.81002e-06  -80
665.005  2.81411e-06  -80
670.005  2.81812e-06  -80
675.005  2.82204e-06  -80
680.005  2.82588e-06  -80
685.005  2.82964e-06  -80
690.005  2.83333e-06  -80
695.005  2.83694e-06  -80
700.005  2.84047e-06  -80
705.005  2.84394e-06  -80
710.005  2.84733e-06  -80
715.005  2.85065e-06  -80
720.005  2.85391e-06  -80
725.005  2.85709e-06  -80
730.005  2.86022e-06  -80
735.005  2.86327e-06  -80
740.005  2.86627e-06  -80
745.005  2.8692e-06  -80
750.005  2.87208e-06  -80
755.005  2.87489e-06  -80
760.005  2.87765e-06  -80
765.005  2.88035e-06  -80
770.005  2.88299e-06  -80
775.005  2.88558e-06  -80
780.005  2.88812e-06  -80
785.005  2.89061e-06  -80
790.005  2.89304e-06  -80
795.005  2.89542e-06  -80
800.005  2.89776e-06  -80
805.005  2.90005e-06  -80
810.005  2.90229e-06  -80
815.005  2.90448e-06  -80
820.005  2.90663e-06  -80
825.005  2.90874e-06  -80
830.005  2.9108e-06  -80
835.005  2.91282e-06  -80
840.005  2.9148e-06  -80
845.005  2.91673e-06  -80
850.005  2.91863e-06  -80
855.005  2.92049e-06  -80
860.005  2.92231e-06  -80
865.005  2.9241e-06  -80
870.005  2.92584e-06  -80
875.005  2.92755e-06  -80
880.005  2.92923e-06  -80
885.005  2.93087e-06  -80
890.005  2.93248e-06  -80
895.005  2.93405e-06  -80
900.005  2.9356e-06  -80
905.005  2.93711e-06  -80
910.005  2.93859e-06  -80
915.005  2.94004e-06  -80
920.005  2.94146e-06  -80
925.005  2.94285e-06  -80
930.005  2.94421e-06  -80
935.005  2.94554e-06  -80
940.005  2.94685e-06  -80
945.005  2.94813e-06  -80
950.005  2.94938e-06  -80
955.005  2.95061e-06  -80
960.005  2.95181e-06  -80
965.005  2.95299e-06  -80
970.005  2.95414e-06  -80
975.005  2.95528e-06  -80
980.005  2.95638e-06  -80
985.005  2.95747e-06  -80
990.005  2.95853e-06  -80
995.005  2.95957e-06  -80
1000  2.96059e-06  -80
1005  2.96158e-06  -80
1010  2.96256e-06  -80
1015  2.96352e-06  -80
1020  2.96446e-06  -80
1025  2.96538e-06  -80
1030  2.96628e-06  -80
1035  2.96716e-06  -80
1040  2.96802e-06  -80
1045  2.96886e-06  -80
1050  2.96969e-06  -80
1055  2.9705e-06  -80
1060  2.9713e-06  -80
1065.01  2.97208e-06  -80
1070.01  2.97284e-06  -80
1075.01  2.97358e-06  -80
1080.01  2.97432e-06  -80
1085.01  2.97503e-06  -80
1090.01  2.97573e-06  -80
1095.01  2.97642e-06  -80
1100.01  2.97709e-06  -80
1105.01  2.97775e-06  -80
1110.01  2.9784e-06  -80
1115.01  2.97903e-06  -80
1120.01  2.97965e-06  -80
1125.01  2.98026e-06  -80
1130.01  2.98085e-06  -80
1135.01  2.98143e-06  -80
1140.01  2.982e-06  -80
1145.01  2.98256e-06  -80
1150.01  2.98311e-06  -80
1155.01  2.98364e-06  -80
1160.01  2.98417e-06  -80
1165.01  2.98468e-06  -80
1170.01  2.98519e-06  -80
1175.01  2.98568e-06  -80
1180.01  2.98616e-06  -80
1185.01  2.98663e-06  -80
1190.01  2.9871e-06  -80
1195.01  2.98755e-06  -80
1200.01  2.988e-06  -80
1205.01  2.98843e-06  -80
1210.01  2.98886e-06  -80
1215.01  2.98928e-06  -80
1220.01  2.98968e-06  -80
1225.01  2.99008e-06  -80
1230.01  2.99048e-06  -80
1235.01  2.99086e-06  -80
1240.01  2.99124e-06  -80
1245.01  2.99161e-06  -80
1250.01  2.99197e-06  -80
1255.01  2.99232e-06  -80
1260.01  2.99267e-06  -80
1265.01  2.99301e-06  -80
1270.01  2.99334e-06  -80
1275.01  2.99367e-06  -80
1280.01  2.99398e-06  -80
1285.01  2.9943e-06  -80
1290.01  2.9946e-06  -80
1295.01  2.9949e-06  -80
1300.01  2.9952e-06  -80
1305.01  2.99548e-06  -80
1310.01  2.99577e-06  -80
1315.01  2.99604e-06  -80
1320.01  2.99631e-06  -80
1325.01  2.99658e-06  -80
1330.01  2.99684e-06  -80
1335.01  2.99709e-06  -80
1340.01  2.99734e-06  -80
1345.01  2.99758e-06  -80
1350.01  2.99782e-06  -80
1355.01  2.99805e-06  -80
1360.01  2.99828e-06  -80
1365.01  2.99851e-06  -80
1370.01  2.99873e-06  -80
1375.01  2.99894e-06  -80
1380.01  2.99915e-06  -80
1385.01  2.99936e-06  -80
1390.01  2.99956e-06  -80
1395.01  2.99976e-06  -80
1400.01  2.99995e-06  -80
1405.01  3.00014e-06  -80
1410.01  3.00033e-06  -80
1415.01  3.00051e-06  -80
1420.01  3.00069e-06  -80
1425.01  3.00086e-06  -80
1430.01  3.00104e-06  -80
1435.01  3.0012e-06  -80
1440.01  3.00137e-06  -80
1445.01  3.00153e-06  -80
1450.01  3.00169e-06  -80
1455.01  3.00184e-06  -80
1460.01  3.00199e-06  -80
1465.01  3.00214e-06  -80
1470.01  3.00228e-06  -80
1475.01  3.00243e-06  -80
1480.01  3.00257e-06  -80
1485.01  3.0027e-06  -80
1490.01  3.00284e-06  -80
1495.01  3.00297e-06  -80
1500.01  3.00309e-06  -80
1505.01  3.00322e-06  -80
1510.01  3.00334e-06  -80
1515.01  3.00346e-06  -80
1520.01  3.00358e-06  -80
1525.01  3.0037e-06  -80
1530.01  3.00381e-06  -80
1535.01  3.00392e-06  -80
1540.01  3.00403e-06  -80
1545.01  3.00413e-06  -80
1550.01  3.00424e-06  -80
1555.01  3.00434e-06  -80
1560.01  3.00444e-06  -80
1565.01  3.00454e-06  -80
1570.01  3.00463e-06  -80
1575.01  3.00473e-06  -80
1580.01  3.00482e-06  -80
1585.01  3.00491e-06  -80
1590.01  3.005e-06  -80
1595.01  3.00508e-06  -80
1600.01  3.00517e-06  -80
1605.01  3.00525e-06  -80
1610.01  3.00533e-06  -80
1615.01  3.00541e-06  -80
1620.01  3.00549e-06  -80
1625.01  3.00557e-06  -80
1630.01  3.00564e-06  -80
1635.01  3.00571e-06  -80
1640.01  3.00579e-06  -80
1645.01  3.00586e-06  -80
1650.01  3.00593e-06  -80
1655.01  3.00599e-06  -80
1660.01  3.00606e-06  -80
1665.01  3.00612e-06  -80
1670.01  3.00619e-06  -80
1675.01  3.00625e-06  -80
1680.01  3.00631e-06  -80
1685.01  3.00637e-06  -80
1690.01  3.00643e-06  -80
1695.01  3.00648e-06  -80
1700.01  3.00654e-06  -80
1705.01  3.00659e-06  -80
1710.01  3.00665e-06  -80
1715.01  3.0067e-06  -80
1720.01  3.00675e-06  -80
1725.01  3.0068e-06  -80
1730.01  3.00685e-06  -80
1735.01  3.0069e-06  -80
1740.01  3.00695e-06  -80
1745.01  3.00699e-06  -80
1750.01  3.00704e-06  -80
1755.01  3.00708e-06  -80
1760.01  3.00713e-06  -80
1765.01  3.00717e-06  -80
1770.01  3.00721e-06  -80
1775.01  3.00725e-06  -80
1780.01  3.00729e-06  -80
1785.01  3.00733e-06  -80
1790.01  3.00737e-06  -80
1795.01  3.00741e-06  -80
1800.01  3.00744e-06  -80
1805.01  3.00748e-06  -80
1810.01  3.00752e-06  -80
1815.01  3.00755e-06  -80
1820.01  3.00758e-06  -80
1825.01  3.00762e-06  -80
1830.01  3.00765e-06  -80
1835.01  3.00768e-06  -80
1840.01  3.00771e-06  -80
1845.01  3.00774e-06  -80
1850.01  3.00777e-06  -80
1855.01  3.0078e-06  -80
1860.01  3.00783e-06  -80
1865.01  3.00786e-06  -80
1870.01  3.00789e-06  -80
1875.01  3.00792e-06  -80
1880.01  3.00794e-06  -80
1885.01  3.00797e-06  -80
1890.01  3.00799e-06  -80
1895.01  3.00802e-06  -80
1900.01  3.00804e-06  -80
1905.01  3.00807e-06  -80
1910.01  3.00809e-06  -80
1915.01  3.00811e-06  -80
1920.01  3.00814e-06  -80
1925.01  3.00816e-06  -80
1930.01  3.00818e-06  -80
1935.01  3.0082e-06  -80
1940.01  3.00822e-06  -80
1945.01  3.00824e-06  -80
1950.01  3.00826e-06  -80
1955.01  3.00828e-06  -80
1960.01  3.0083e-06  -80
1965.01  3.00832e-06  -80
1970.01  3.00834e-06  -80
1975.01  3.00835e-06  -80
1980.01  3.00837e-06  -80
1985.01  3.00839e-06  -80
1990.01  3.0084e-06  -80
1995.01  3.00842e-06  -80
2000.01  3.00844e-06  -80
2005.01  3.00845e-06  -80
2010.01  3.00847e-06  -80
2015.01  3.00848e-06  -80
2020.01  3.0085e-06  -80
2025.01  3.00851e-06  -80
2030.01  3.00853e-06  -80
2035.01  3.00854e-06  -80
2040.01  3.00855e-06  -80
2045.01  3.00857e-06  -80
2050.01  3.00858e-06  -80
2055.01  3.00859e-06  -80
2060.01  3.00861e-06  -80
2065.01  3.00862e-06  -80
2070.01  3.00863e-06  -80
2075.01  3.00864e-06  -80
2080.01  3.00865e-06  -80
2085.01  3.00867e-06  -80
2090.01  3.00868e-06  -80
2095.01  3.00869e-06  -80
2100.01  3.0087e-06  -80
2105.01  3.00871e-06  -80
2110.01  3.00872e-06  -80
2115.01  3.00873e-06  -80
2120.01  3.00874e-06  -80
2125.01  3.00875e-06  -80
2130.01  3.00876e-06  -80
2135.01  3.00877e-06  -80
2140.01  3.00878e-06  -80
2145.01  3.00878e-06  -80
2150.01  3.00879e-06  -80
2155.01  3.0088e-06  -80
2160.01  3.00881e-06  -80
2165.01  3.00882e-06  -80
2170.01  3.00883e-06  -80
2175.01  3.00883e-06  -80
2180.01  3.00884e-06  -80
2185.01  3.00885e-06  -80
2190.01  3.00886e-06  -80
2195.01  3.00886e-06  -80
2200.01  3.00887e-06  -80
2205.01  3.00888e-06  -80
2210.01  3.00888e-06  -80
2215.01  3.00889e-06  -80
2220.01  3.0089e-06  -80
2225.01  3.0089e-06  -80
2230.01  3.00891e-06  -80
2235.01  3.00892e-06  -80
2240.01  3.00892e-06  -80
2245.01  3.00893e-06  -80
2250.01  3.00893e-06  -80
2255.01  3.00894e-06  -80
2260.01  3.00894e-06  -80
2265.01  3.00895e-06  -80
2270.01  3.00895e-06  -80
2275.01  3.00896e-06  -80
2280.01  3.00897e-06  -80
2285.01  3.00897e-06  -80
2290.01  3.00897e-06  -80
2295.01  3.00898e-06  -80
2300.01  3.00898e-06  -80
2305.01  3.00899e-06  -80
2310.01  3.00899e-06  -80
2315.01  3.009e-06  -80
2320.01  3.009e-06  -80
2325.01  3.00901e-06  -80
2330.01  3.00901e-06  -80
2335.01  3.00901e-06  -80
2340.01  3.00902e-06  -80
2345.01  3.00902e-06  -80
2350.01  3.00903e-06  -80
2355.01  3.00903e-06  -80
2360.01  3.00903e-06  -80
2365.01  3.00904e-06  -80
2370.01  3.00904e-06  -80
2375.01  3.00904e-06  -80
2380.01  3.00905e-06  -80
2385.01  3.00905e-06  -80
2390.01  3.00905e-06  -80
2395.01  3.00906e-06  -80
2400.01  3.00906e-06  -80
2405.01  3.00906e-06  -80
2410.01  3.00907e-06  -80
2415.01  3.00907e-06  -80
2420.01  3.00907e-06  -80
2425.01  3.00907e-06  -80
2430.01  3.00908e-06  -80
2435.01  3.00908e-06  -80
2440.01  3.00908e-06  -80
2445.01  3.00908e-06  -80
2450.01  3.00909e-06  -80
2455.01  3.00909e-06  -80
2460.01  3.00909e-06  -80
2465.01  3.00909e-06  -80
2470.01  3.0091e-06  -80
2475.01  3.0091e-06  -80
2480.01  3.0091e-06  -80
2485.01  3.0091e-06  -80
2490.01  3.0091e-06  -80
2495.01  3.00911e-06  -80
2500.01  3.00911e-06  -80
2505.01  3.00911e-06  -80
2510.01  3.00911e-06  -80
2515.01  3.00911e-06  -80
2520.01  3.00912e-06  -80
2525.01  3.00912e-06  -80
2530.01  3.00912e-06  -80
2535.01  3.00912e-06  -80
2540.01  3.00912e-06  -80
2545.01  3.00913e-06  -80
2550.01  3.00913e-06  -80
2555.01  3.00913e-06  -80
2560.01  3.00913e-06  -80
2565.01  3.00913e-06  -80
2570.01  3.00913e-06  -80
2575.01  3.00913e-06  -80
2580.01  3.00914e-06  -80
2585.01  3.00914e-06  -80
2590.01  3.00914e-06  -80
2595.01  3.00914e-06  -80
2600.01  3.00914e-06  -80
2605.01  3.00914e-06  -80
2610.01  3.00914e-06  -80
2615.01  3.00915e-06  -80
2620.01  3.00915e-06  -80
2625.01  3.00915e-06  -80
2630.01  3.00915e-06  -80
2635.01  3.00915e-06  -80
2640.01  3.00915e-06  -80
2645.01  3.00915e-06  -80
2650.01  3.00915e-06  -80
2655.01  3.00915e-06  -80
2660.01  3.00916e-06  -80
2665.01  3.00916e-06  -80
2670.01  3.00916e-06  -80
2675.01  3.00916e-06  -80
2680.01  3.00916e-06  -80
2685.01  3.00916e-06  -80
2690.01  3.00916e-06  -80
2695.01  3.00916e-06  -80
2700.01  3.00916e-06  -80
2705.01  3.00916e-06  -80
2710.01  3.00917e-06  -80
2715.01  3.00917e-06  -80
2720.01  3.00917e-06  -80
2725.01  3.00917e-06  -80
2730.01  3.00917e-06  -80
2735.01  3.00917e-06  -80
2740.01  3.00917e-06  -80
2745.01  3.00917e-06  -80
2750.01  3.00917e-06  -80
2755.01  3.00917e-06  -80
2760.01  3.00917e-06  -80
2765.01  3.00917e-06  -80
2770.01  3.00917e-06  -80
2775.01  3.00917e-06  -80
2780.01  3.00918e-06  -80
2785.01  3.00918e-06  -80
2790.01  3.00918e-06  -80
2795.01  3.00918e-06  -80
2800.01  3.00918e-06  -80
2805.01  3.00918e-06  -80
2810.01  3.00918e-06  -80
2815.01  3.00918e-06  -80
2820.01  3.00918e-06  -80
2825.01  3.00918e-06  -80
2830.01  3.00918e-06  -80
2835.01  3.00918e-06  -80
2840.01  3.00918e-06  -80
2845.01  3.00918e-06  -80
2850.01  3.00918e-06  -80
2855.01  3.00918e-06  -80
2860.01  3.00918e-06  -80
2865.01  3.00918e-06  -80
2870.01  3.00918e-06  -80
2875.01  3.00919e-06  -80
2880.01  3.00919e-06  -80
2885.01  3.00919e-06  -80
2890.01  3.00919e-06  -80
2895.01  3.00919e-06  -80
2900.01  3.00919e-06  -80
2905.01  3.00919e-06  -80
2910.01  3.00919e-06  -80
2915.01  3.00919e-06  -80
2920.01  3.00919e-06  -80
2925.01  3.00919e-06  -80
2930.01  3.00919e-06  -80
2935.01  3.00919e-06  -80
2940.01  3.00919e-06  -80
2945.01  3.00919e-06  -80
2950.01  3.00919e-06  -80
2955.01  3.00919e-06  -80
2960.01  3.00919e-06  -80
2965.01  3.00919e-06  -80
2970.01  3.00919e-06  -80
2975.01  3.00919e-06  -80
2980.01  3.00919e-06  -80
2985.01  3.00919e-06  -80
2990.01  3.00919e-06  -80
2995.01  3.00919e-06  -80
3000.01  3.00919e-06  -80
3005.01  3.00919e-06  -80
3010.01  3.00919e-06  -80
3015.01  3.00919e-06  -80
3020.01  3.00919e-06  -80
3025.01  3.00919e-06  -80
3030.01  3.00919e-06  -80
3035.01  3.0092e-06  -80
3040.01  3.0092e-06  -80
3045.01  3.0092e-06  -80
3050.01  3.0092e-06  -80
3055.01  3.0092e-06  -80
3060.01  3.0092e-06  -80
3065.01  3.0092e-06  -80
3070.01  3.0092e-06  -80
3075.01  3.0092e-06  -80
3080.01  3.0092e-06  -80
3085.01  3.0092e-06  -80
3090.01  3.0092e-06  -80
3095.01  3.0092e-06  -80
3100.01  3.0092e-06  -80
3105.01  3.0092e-06  -80
3110.01  3.0092e-06  -80
3115.01  3.0092e-06  -80
3120.01  3.0092e-06  -80
3125.01  3.0092e-06  -80
3130.01  3.0092e-06  -80
3135.01  3.0092e-06  -80
3140.01  3.0092e-06  -80
3145.01  3.0092e-06  -80
3150.01  3.0092e-06  -80
3155.01  3.0092e-06  -80
3160.01  3.0092e-06  -80
3165.01  3.0092e-06  -80
3170.01  3.0092e-06  -80
3175.01  3.0092e-06  -80
3180.01  3.0092e-06  -80
3185.01  3.0092e-06  -80
3190.01  3.0092e-06  -80
3195.01  3.0092e-06  -80
3200.01  3.0092e-06  -80
3205.01  3.0092e-06  -80
3210.01  3.0092e-06  -80
3215.01  3.0092e-06  -80
3220.01  3.0092e-06  -80
3225.01  3.0092e-06  -80
3230.01  3.0092e-06  -80
3235.01  3.0092e-06  -80
3240.01  3.0092e-06  -80
3245.01  3.0092e-06  -80
3250.01  3.0092e-06  -80
3255.01  3.0092e-06  -80
3260.01  3.0092e-06  -80
3265.01  3.0092e-06  -80
3270.01  3.0092e-06  -80
3275.01  3.0092e-06  -80
3280.01  3.0092e-06  -80
3285.01  3.0092e-06  -80
3290.01  3.0092e-06  -80
3295.01  3.0092e-06  -80
3300.01  3.0092e-06  -80
3305.01  3.0092e-06  -80
3310.01  3.0092e-06  -80
3315.01  3.0092e-06  -80
3320.01  3.0092e-06  -80
3325.01  3.0092e-06  -80
3330.01  3.0092e-06  -80
3335.01  3.0092e-06  -80
3340.01  3.0092e-06  -80
3345.01  3.0092e-06  -80
3350.01  3.0092e-06  -80
3355.01  3.0092e-06  -80
3360.01  3.0092e-06  -80
3365.01  3.0092e-06  -80
3370.01  3.0092e-06  -80
3375.01  3.0092e-06  -80
3380.01  3.0092e-06  -80
3385.01  3.0092e-06  -80
3390.01  3.0092e-06  -80
3395.01  3.0092e-06  -80
3400.01  3.0092e-06  -80
3405.01  3.0092e-06  -80
3410.01  3.0092e-06  -80
3415.01  3.0092e-06  -80
3420.01  3.0092e-06  -80
3425.01  3.0092e-06  -80
3430.01  3.0092e-06  -80
3435.01  3.0092e-06  -80
3440.01  3.0092e-06  -80
3445.01  3.0092e-06  -80
3450.01  3.0092e-06  -80
3455.01  3.0092e-06  -80
3460.01  3.0092e-06  -80
3465.01  3.0092e-06  -80
3470.01  3.0092e-06  -80
3475.01  3.0092e-06  -80
3480.01  3.0092e-06  -80
3485.01  3.0092e-06  -80
3490.01  3.0092e-06  -80
3495.01  3.0092e-06  -80
3500.01  3.0092e-06  -80
3505.01  3.0092e-06  -80
3510.01  3.0092e-06  -80
3515.01  3.0092e-06  -80
3520.01  3.0092e-06  -80
3525.01  3.0092e-06  -80
3530.01  3.0092e-06  -80
3535.01  3.0092e-06  -80
3540.01  3.0092e-06  -80
3545.01  3.0092e-06  -80
3550.01  3.0092e-06  -80
3555.01  3.0092e-06  -80
3560.01  3.0092e-06  -80
3565.01  3.0092e-06  -80
3570.01  3.0092e-06  -80
3575.01  3.0092e-06  -80
3580.01  3.0092e-06  -80
3585.01  3.0092e-06  -80
3590.01  3.0092e-06  -80
3595.01  3.0092e-06  -80
3600.01  3.0092e-06  -80
3605.01  3.0092e-06  -80
3610.01  3.0092e-06  -80
3615.01  3.0092e-06  -80
3620.01  3.0092e-06  -80
3625.01  3.0092e-06  -80
3630.01  3.0092e-06  -80
3635.01  3.0092e-06  -80
3640.01  3.0092e-06  -80
3645.01  3.0092e-06  -80
3650.01  3.0092e-06  -80
3655.01  3.0092e-06  -80
3660.01  3.0092e-06  -80
3665.01  3.0092e-06  -80
3670.01  3.0092e-06  -80
3675.01  3.0092e-06  -80
3680.01  3.0092e-06  -80
3685.01  3.0092e-06  -80
3690.01  3.0092e-06  -80
3695.01  3.0092e-06  -80
3700.01  3.0092e-06  -80
3705.01  3.0092e-06  -80
3710.01  3.0092e-06  -80
3715.01  3.0092e-06  -80
3720.01  3.0092e-06  -80
3725.01  3.0092e-06  -80
3730.01  3.00921e-06  -80
3735.01  3.00921e-06  -80
3740.01  3.00921e-06  -80
3745.01  3.00921e-06  -80
3750.01  3.00921e-06  -80
3755.01  3.00921e-06  -80
3760.01  3.00921e-06  -80
3765.01  3.00921e-06  -80
3770.01  3.00921e-06  -80
3775.01  3.00921e-06  -80
3780.01  3.00921e-06  -80
3785.01  3.00921e-06  -80
3790.01  3.00921e-06  -80
3795.01  3.00921e-06  -80
3800.01  3.00921e-06  -80
3805.01  3.00921e-06  -80
3810.01  3.00921e-06  -80
3815.01  3.00921e-06  -80
3820.01  3.00921e-06  -80
3825.01  3.00921e-06  -80
3830.01  3.00921e-06  -80
3835.01  3.00921e-06  -80
3840.01  3.00921e-06  -80
3845.01  3.00921e-06  -80
3850.01  3.00921e-06  -80
3855.01  3.00921e-06  -80
3860.01  3.00921e-06  -80
3865.01  3.00921e-06  -80
3870.01  3.00921e-06  -80
3875.01  3.00921e-06  -80
3880.01  3.00921e-06  -80
3885.01  3.00921e-06  -80
3890.01  3.00921e-06  -80
3895.01  3.00921e-06  -80
3900.01  3.00921e-06  -80
3905.01  3.00921e-06  -80
3910.01  3.00921e-06  -80
3915.01  3.00921e-06  -80
3920.01  3.00921e-06  -80
3925.01  3.00921e-06  -80
3930.01  3.00921e-06  -80
3935.01  3.00921e-06  -80
3940.01  3.00921e-06  -80
3945.01  3.00921e-06  -80
3950.01  3.00921e-06  -80
3955.01  3.00921e-06  -80
3960.01  3.00921e-06  -80
3965.01  3.00921e-06  -80
3970.01  3.00921e-06  -80
3975.01  3.00921e-06  -80
3980.01  3.00921e-06  -80
3985.01  3.00921e-06  -80
3990.01  3.00921e-06  -80
3995.01  3.00921e-06  -80
4000.01  3.00921e-06  -80
4005.01  3.00921e-06  -80
4010.01  3.00921e-06  -80
4015.01  3.00921e-06  -80
4020.01  3.00921e-06  -80
4025.01  3.00921e-06  -80
4030.01  3.00921e-06  -80
4035.01  3.00921e-06  -80
4040.01  3.00921e-06  -80
4045.01  3.00921e-06  -80
4050.01  3.00921e-06  -80
4055.01  3.00921e-06  -80
4060.01  3.00921e-06  -80
4065.01  3.00921e-06  -80
4070.01  3.00921e-06  -80
4075.01  3.00921e-06  -80
4080.01  3.00921e-06  -80
4085.01  3.00921e-06  -80
4090.01  3.00921e-06  -80
4095.01  3.00921e-06  -80
4100.01  3.00921e-06  -80
4105.01  3.00921e-06  -80
4110.01  3.00921e-06  -80
4115.01  3.00921e-06  -80
4120.01  3.00921e-06  -80
4125.01  3.00921e-06  -80
4130.01  3.00921e-06  -80
4135.01  3.00921e-06  -80
4140.01  3.00921e-06  -80
4145.01  3.00921e-06  -80
4150.01  3.00921e-06  -80
4155.01  3.00921e-06  -80
4160.01  3.00921e-06  -80
4165.01  3.00921e-06  -80
4170.01  3.00921e-06  -80
4175.01  3.00921e-06  -80
4180.01  3.00921e-06  -80
4185.01  3.00921e-06  -80
4190.01  3.00921e-06  -80
4195.01  3.00921e-06  -80
4200.01  3.00921e-06  -80
4205.01  3.00921e-06  -80
4210.01  3.00921e-06  -80
4215.01  3.00921e-06  -80
4220.01  3.00921e-06  -80
4225.01  3.00921e-06  -80
4230.01  3.00921e-06  -80
4235.01  3.00921e-06  -80
4240.01  3.00921e-06  -80
4245.01  3.00921e-06  -80
4250.01  3.00921e-06  -80
4255.01  3.00921e-06  -80
4260.01  3.00921e-06  -80
4265.01  3.00921e-06  -80
4270.01  3.00921e-06  -80
4275.01  3.00921e-06  -80
4280.01  3.00921e-06  -80
4285.01  3.00921e-06  -80
4290.01  3.00921e-06  -80
4295.01  3.00921e-06  -80
4300.01  3.00921e-06  -80
4305.01  3.00921e-06  -80
4310.01  3.00921e-06  -80
4315.01  3.00921e-06  -80
4320.01  3.00921e-06  -80
4325.01  3.00921e-06  -80
4330.01  3.00921e-06  -80
4335.01  3.00921e-06  -80
4340.01  3.00921e-06  -80
4345.01  3.00921e-06  -80
4350.01  3.00921e-06  -80
4355.01  3.00921e-06  -80
4360.01  3.00921e-06  -80
4365.01  3.00921e-06  -80
4370.01  3.00921e-06  -80
4375.01  3.00921e-06  -80
4380.01  3.00921e-06  -80
4385.01  3.00921e-06  -80
4390.01  3.00921e-06  -80
4395.01  3.00921e-06  -80
4400.01  3.00921e-06  -80
4405.01  3.00921e-06  -80
4410.01  3.00921e-06  -80
4415.01  3.00921e-06  -80
4420.01  3.00921e-06  -80
4425.01  3.00921e-06  -80
4430.01  3.00921e-06  -80
4435.01  3.00921e-06  -80
4440.01  3.00921e-06  -80
4445.01  3.00921e-06  -80
4450.01  3.00921e-06  -80
4455.01  3.00921e-06  -80
4460.01  3.00921e-06  -80
4465.01  3.00921e-06  -80
4470.01  3.00921e-06  -80
4475.01  3.00921e-06  -80
4480.01  3.00921e-06  -80
4485.01  3.00921e-06  -80
4490.01  3.00921e-06  -80
4495.01  3.00921e-06  -80
4500.01  3.00921e-06  -80
4505.01  3.00921e-06  -80
4510.01  3.00921e-06  -80
4515.01  3.00921e-06  -80
4520.01  3.00921e-06  -80
4525.01  3.00921e-06  -80
4530.01  3.00921e-06  -80
4535.01  3.00921e-06  -80
4540.01  3.00921e-06  -80
4545.01  3.00921e-06  -80
4550.01  3.00921e-06  -80
4555.01  3.00921e-06  -80
4560.01  3.00921e-06  -80
4565.01  3.00921e-06  -80
4570.01  3.00921e-06  -80
4575.01  3.00921e-06  -80
4580.01  3.00921e-06  -80
4585.01  3.00921e-06  -80
4590.01  3.00921e-06  -80
4595.01  3.00921e-06  -80
4600.01  3.00921e-06  -80
4605.01  3.00921e-06  -80
4610.01  3.00921e-06  -80
4615.01  3.00921e-06  -80
4620.01  3.00921e-06  -80
4625.01  3.00921e-06  -80
4630.01  3.00921e-06  -80
4635.01  3.00921e-06  -80
4640.01  3.00921e-06  -80
4645.01  3.00921e-06  -80
4650.01  3.00921e-06  -80
4655.01  3.00921e-06  -80
4660.01  3.00921e-06  -80
4665.01  3.00921e-06  -80
4670.01  3.00921e-06  -80
4675.01  3.00921e-06  -80
4680.01  3.00921e-06  -80
4685.01  3.00921e-06  -80
4690.01  3.00921e-06  -80
4695.01  3.00921e-06  -80
4700.01  3.00921e-06  -80
4705.01  3.00921e-06  -80
4710.01  3.00921e-06  -80
4715.01  3.00921e-06  -80
4720.01  3.00921e-06  -80
4725.01  3.00921e-06  -80
4730.01  3.00921e-06  -80
4735.01  3.00921e-06  -80
4740.01  3.00921e-06  -80
4745.01  3.00921e-06  -80
4750.01  3.00921e-06  -80
4755.01  3.00921e-06  -80
4760.01  3.00921e-06  -80
4765.01  3.00921e-06  -80
4770.01  3.00921e-06  -80
4775.01  3.00921e-06  -80
4780.01  3.00921e-06  -80
4785.01  3.00921e-06  -80
4790.01  3.00921e-06  -80
4795.01  3.00921e-06  -80
4800.01  3.00921e-06  -80
4805.01  3.00921e-06  -80
4810.01  3.00921e-06  -80
4815.01  3.00921e-06  -80
4820.01  3.00921e-06  -80
4825.01  3.00921e-06  -80
4830.01  3.00921e-06  -80
4835.01  3.00921e-06  -80
4840.01  3.00921e-06  -80
4845.01  3.00921e-06  -80
4850.01  3.00921e-06  -80
4855.01  3.00921e-06  -80
4860.01  3.00921e-06  -80
4865.01  3.00921e-06  -80
4870.01  3.00921e-06  -80
4875.01  3.00921e-06  -80
4880.01  3.00921e-06  -80
4885.01  3.00921e-06  -80
4890.01  3.00921e-06  -80
4895.01  3.00921e-06  -80
4900.01  3.00921e-06  -80
4905.01  3.00921e-06  -80
4910.01  3.00921e-06  -80
4915.01  3.00921e-06  -80
4920.01  3.00921e-06  -80
4925.01  3.00921e-06  -80
4930.01  3.00921e-06  -80
4935.01  3.00921e-06  -80
4940.01  3.00921e-06  -80
4945.01  3.00921e-06  -80
4950.01  3.00921e-06  -80
4955.01  3.00921e-06  -80
4960.01  3.00921e-06  -80
4965.01  3.00921e-06  -80
4970.01  3.00921e-06  -80
4975.01  3.00921e-06  -80
4980.01  3.00921e-06  -80
4985.01  3.00921e-06  -80
4990.01  3.00921e-06  -80
4995.01  3.00921e-06  -80
5000.01  3.00921e-06  -80
5005.01  3.00921e-06  -80
5010.01  3.00921e-06  -80
5015.01  3.00921e-06  -80
5020.01  3.00921e-06  -80
5025.01  3.00921e-06  -80
5030.01  3.00921e-06  -80
5035.01  3.00921e-06  -80
5040.01  3.00921e-06  -80
5045.01  3.00921e-06  -80
5050.01  3.00921e-06  -80
5055.01  3.00921e-06  -80
5060.01  3.00921e-06  -80
5065.01  3.00921e-06  -80
5070.01  3.00921e-06  -80
5075.01  3.00921e-06  -80
5080.01  3.00921e-06  -80
5085.01  3.00921e-06  -80
5090.01  3.00921e-06  -80
5095.01  3.00921e-06  -80
5100.01  3.00921e-06  -80
5105.01  3.00921e-06  -80
5110.01  3.00921e-06  -80
5115.01  3.00921e-06  -80
5120.01  3.00921e-06  -80
5125.01  3.00921e-06  -80
5130.01  3.00921e-06  -80
5135.01  3.00921e-06  -80
5140.01  3.00921e-06  -80
5145.01  3.00921e-06  -80
5150.01  3.00921e-06  -80
5155.01  3.00921e-06  -80
5160.01  3.00921e-06  -80
5165.01  3.00921e-06  -80
5170.01  3.00921e-06  -80
5175.01  3.00921e-06  -80
5180.01  3.00921e-06  -80
5185.01  3.00921e-06  -80
5190.01  3.00921e-06  -80
5195.01  3.00921e-06  -80
5200.01  3.00921e-06  -80
5205.01  3.00921e-06  -80
5210.01  3.00921e-06  -80
5215.01  3.00921e-06  -80
5220.01  3.00921e-06  -80
5225.01  3.00921e-06  -80
5230.01  3.00921e-06  -80
5235.01  3.00921e-06  -80
5240.01  3.00921e-06  -80
5245.01  3.00921e-06  -80
5250.01  3.00921e-06  -80
5255.01  3.00921e-06  -80
5260.01  3.00921e-06  -80
5265.01  3.00921e-06  -80
5270.01  3.00921e-06  -80
5275.01  3.00921e-06  -80
5280.01  3.00921e-06  -80
5285.01  3.00921e-06  -80
5290.01  3.00921e-06  -80
5295.01  3.00921e-06  -80
5300.01  3.00921e-06  -80
5305.01  3.00921e-06  -80
5310.01  3.00921e-06  -80
5315.01  3.00921e-06  -80
5320.01  3.00921e-06  -80
5325.01  3.00921e-06  -80
5330.01  3.00921e-06  -80
5335.01  3.00921e-06  -80
5340.01  3.00921e-06  -80
5345.01  3.00921e-06  -80
5350.01  3.00921e-06  -80
5355.01  3.00921e-06  -80
5360.01  3.00921e-06  -80
5365.01  3.00921e-06  -80
5370.01  3.00921e-06  -80
5375.01  3.00921e-06  -80
5380.01  3.00921e-06  -80
5385.01  3.00921e-06  -80
5390.01  3.00921e-06  -80
5395.01  3.00921e-06  -80
5400.01  3.00921e-06  -80
5405.01  3.00921e-06  -80
5410.01  3.00921e-06  -80
5415.01  3.00921e-06  -80
5420.01  3.00921e-06  -80
5425.01  3.00921e-06  -80
5430.01  3.00921e-06  -80
5435.01  3.00921e-06  -80
5440.01  3.00921e-06  -80
5445.01  3.00921e-06  -80
5450.01  3.00921e-06  -80
5455.01  3.00921e-06  -80
5460.01  3.00921e-06  -80
5465.01  3.00921e-06  -80
5470.01  3.00921e-06  -80
5475.01  3.00921e-06  -80
5480.01  3.00921e-06  -80
5485.01  3.00921e-06  -80
5490.01  3.00921e-06  -80
5495.01  3.00921e-06  -80
5500.01  3.00921e-06  -80
5505.01  3.00921e-06  -80
5510.01  3.00921e-06  -80
5515.01  3.00921e-06  -80
5520.01  3.00921e-06  -80
5525.01  3.00921e-06  -80
5530.01  3.00921e-06  -80
5535.01  3.00921e-06  -80
5540.01  3.00921e-06  -80
5545.01  3.00921e-06  -80
5550.01  3.00921e-06  -80
5555.01  3.00921e-06  -80
5560.01  3.00921e-06  -80
5565.01  3.00921e-06  -80
5570.01  3.00921e-06  -80
5575.01  3.00921e-06  -80
5580.01  3.00921e-06  -80
5585.01  3.00921e-06  -80
5590.01  3.00921e-06  -80
5595.01  3.00921e-06  -80
5600.01  3.00921e-06  -80
5605.01  3.00921e-06  -80
5610.01  3.00921e-06  -80
5615.01  3.00921e-06  -80
5620.01  3.00921e-06  -80
5625.01  3.00921e-06  -80
5630.01  3.00921e-06  -80
5635.01  3.00921e-06  -80
5640.01  3.00921e-06  -80
5645.01  3.00921e-06  -80
5650.01  3.00921e-06  -80
5655.01  3.00921e-06  -80
5660.01  3.00921e-06  -80
5665.01  3.00921e-06  -80
5670.01  3.00921e-06  -80
5675.01  3.00921e-06  -80
5680.01  3.00921e-06  -80
5685.01  3.00921e-06  -80
5690.01  3.00921e-06  -80
5695.01  3.00921e-06  -80
5700.01  3.00921e-06  -80
5705.01  3.00921e-06  -80
5710.01  3.00921e-06  -80
5715.01  3.00921e-06  -80
5720.01  3.00921e-06  -80
5725.01  3.00921e-06  -80
5730.01  3.00921e-06  -80
5735.01  3.00921e-06  -80
5740.01  3.00921e-06  -80
5745.01  3.00921e-06  -80
5750.01  3.00921e-06  -80
5755.01  3.00921e-06  -80
5760.01  3.00921e-06  -80
5765.01  3.00921e-06  -80
5770.01  3.00921e-06  -80
5775.01  3.00921e-06  -80
5780.01  3.00921e-06  -80
5785.01  3.00921e-06  -80
5790.01  3.00921e-06  -80
5795.01  3.00921e-06  -80
5800.01  3.00921e-06  -80
5805.01  3.00921e-06  -80
5810.01  3.00921e-06  -80
5815.01  3.00921e-06  -80
5820.01  3.00921e-06  -80
5825.01  3.00921e-06  -80
5830.01  3.00921e-06  -80
5835.01  3.00921e-06  -80
5840.01  3.00921e-06  -80
5845.01  3.00921e-06  -80
5850.01  3.00921e-06  -80
5855.01  3.00921e-06  -80
5860.01  3.00921e-06  -80
5865.01  3.00921e-06  -80
5870.01  3.00921e-06  -80
5875.01  3.00921e-06  -80
5880.01  3.00921e-06  -80
5885.01  3.00921e-06  -80
5890.01  3.00921e-06  -80
5895.01  3.00921e-06  -80
5900.01  3.00921e-06  -80
5905.01  3.00921e-06  -80
5910.01  3.00921e-06  -80
5915.01  3.00921e-06  -80
5920.01  3.00921e-06  -80
5925.01  3.00921e-06  -80
5930.01  3.00921e-06  -80
5935.01  3.00921e-06  -80
5940.01  3.00921e-06  -80
5945.01  3.00921e-06  -80
5950.01  3.00921e-06  -80
5955.01  3.00921e-06  -80
5960.01  3.00921e-06  -80
5965.01  3.00921e-06  -80
5970.01  3.00921e-06  -80
5975.01  3.00921e-06  -80
5980.01  3.00921e-06  -80
5985.01  3.00921e-06  -80
5990.01  3.00921e-06  -80
5995.01  3.00921e-06  -80
6000.01  3.00921e-06  -80
6005.01  3.00921e-06  -80
6010.01  3.00921e-06  -80
6015.01  3.00921e-06  -80
6020.01  3.00921e-06  -80
6025.01  3.00921e-06  -80
6030.01  3.00921e-06  -80
6035.01  3.00921e-06  -80
6040.01  3.00921e-06  -80
6045.01  3.00921e-06  -80
6050.01  3.00921e-06  -80
6055.01  3.00921e-06  -80
6060.01  3.00921e-06  -80
6065.01  3.00921e-06  -80
6070.01  3.00921e-06  -80
6075.01  3.00921e-06  -80
6080.01  3.00921e-06  -80
6085.01  3.00921e-06  -80
6090.01  3.00921e-06  -80
6095.01  3.00921e-06  -80
6100.01  3.00921e-06  -80
6105.01  3.00921e-06  -80
6110.01  3.00921e-06  -80
6115.01  3.00921e-06  -80
6120.01  3.00921e-06  -80
6125.01  3.00921e-06  -80
6130.01  3.00921e-06  -80
6135.01  3.00921e-06  -80
6140.01  3.00921e-06  -80
6145.01  3.00921e-06  -80
6150.01  3.00921e-06  -80
6155.01  3.00921e-06  -80
6160.01  3.00921e-06  -80
6165.01  3.00921e-06  -80
6170.01  3.00921e-06  -80
6175.01  3.00921e-06  -80
6180.01  3.00921e-06  -80
6185.01  3.00921e-06  -80
6190.01  3.00921e-06  -80
6195.01  3.00921e-06  -80
6200.01  3.00921e-06  -80
6205.01  3.00921e-06  -80
6210.01  3.00921e-06  -80
6215.01  3.00921e-06  -80
6220.01  3.00921e-06  -80
6225.01  3.00921e-06  -80
6230.01  3.00921e-06  -80
6235.01  3.00921e-06  -80
6240.01  3.00921e-06  -80
6245.01  3.00921e-06  -80
6250.01  3.00921e-06  -80
6255.01  3.00921e-06  -80
6260.01  3.00921e-06  -80
6265.01  3.00921e-06  -80
6270.01  3.00921e-06  -80
6275.01  3.00921e-06  -80
6280.01  3.00921e-06  -80
6285.01  3.00921e-06  -80
6290.01  3.00921e-06  -80
6295.01  3.00921e-06  -80
6300.01  3.00921e-06  -80
6305.01  3.00921e-06  -80
6310.01  3.00921e-06  -80
6315.01  3.00921e-06  -80
6320.01  3.00921e-06  -80
6325.01  3.00921e-06  -80
6330.01  3.00921e-06  -80
6335.01  3.00921e-06  -80
6340.01  3.00921e-06  -80
6345.01  3.00921e-06  -80
6350.01  3.00921e-06  -80
6355.01  3.00921e-06  -80
6360.01  3.00921e-06  -80
6365.01  3.00921e-06  -80
6370.01  3.00921e-06  -80
6375.01  3.00921e-06  -80
6380.01  3.00921e-06  -80
6385.01  3.00921e-06  -80
6390.01  3.00921e-06  -80
6395.01  3.00921e-06  -80
6400.01  3.00921e-06  -80
6405.01  3.00921e-06  -80
6410.01  3.00921e-06  -80
6415.01  3.00921e-06  -80
6420.01  3.00921e-06  -80
6425.01  3.00921e-06  -80
6430.01  3.00921e-06  -80
6435.01  3.00921e-06  -80
6440.01  3.00921e-06  -80
6445.01  3.00921e-06  -80
6450.01  3.00921e-06  -80
6455.01  3.00921e-06  -80
6460.01  3.00921e-06  -80
6465.01  3.00921e-06  -80
6470.01  3.00921e-06  -80
6475.01  3.00921e-06  -80
6480.01  3.00921e-06  -80
6485.01  3.00921e-06  -80
6490.01  3.00921e-06  -80
6495.01  3.00921e-06  -80
6500.01  3.00921e-06  -80
6505.01  3.00921e-06  -80
6510.01  3.00921e-06  -80
6515.01  3.00921e-06  -80
6520.01  3.00921e-06  -80
6525.01  3.00921e-06  -80
6530.01  3.00921e-06  -80
6535.01  3.00921e-06  -80
6540.01  3.00921e-06  -80
6545.01  3.00921e-06  -80
6550.01  3.00921e-06  -80
6555.01  3.00921e-06  -80
6560.01  3.00921e-06  -80
6565.01  3.00921e-06  -80
6570.01  3.00921e-06  -80
6575.01  3.00921e-06  -80
6580.01  3.00921e-06  -80
6585.01  3.00921e-06  -80
6590.01  3.00921e-06  -80
6595.01  3.00921e-06  -80
6600.01  3.00921e-06  -80
6605.01  3.00921e-06  -80
6610.01  3.00921e-06  -80
6615.01  3.00921e-06  -80
6620.01  3.00921e-06  -80
6625.01  3.00921e-06  -80
6630.01  3.00921e-06  -80
6635.01  3.00921e-06  -80
6640.01  3.00921e-06  -80
6645.01  3.00921e-06  -80
6650.01  3.00921e-06  -80
6655.01  3.00921e-06  -80
6660.01  3.00921e-06  -80
6665.01  3.00921e-06  -80
6670.01  3.00921e-06  -80
6675.01  3.00921e-06  -80
6680.01  3.00921e-06  -80
6685.01  3.00921e-06  -80
6690.01  3.00921e-06  -80
6695.01  3.00921e-06  -80
6700.01  3.00921e-06  -80
6705.01  3.00921e-06  -80
6710.01  3.00921e-06  -80
6715.01  3.00921e-06  -80
6720.01  3.00921e-06  -80
6725.01  3.00921e-06  -80
6730.01  3.00921e-06  -80
6735.01  3.00921e-06  -80
6740.01  3.00921e-06  -80
6745.01  3.00921e-06  -80
6750.01  3.00921e-06  -80
6755.01  3.00921e-06  -80
6760.01  3.00921e-06  -80
6765.01  3.00921e-06  -80
6770.01  3.00921e-06  -80
6775.01  3.00921e-06  -80
6780.01  3.00921e-06  -80
6785.01  3.00921e-06  -80
6790.01  3.00921e-06  -80
6795.01  3.00921e-06  -80
6800.01  3.00921e-06  -80
6805.01  3.00921e-06  -80
6810.01  3.00921e-06  -80
6815.01  3.00921e-06  -80
6820.01  3.00921e-06  -80
6825.01  3.00921e-06  -80
6830.01  3.00921e-06  -80
6835.01  3.00921e-06  -80
6840.01  3.00921e-06  -80
6845.01  3.00921e-06  -80
6850.01  3.00921e-06  -80
6855.01  3.00921e-06  -80
6860.01  3.00921e-06  -80
6865.01  3.00921e-06  -80
6870.01  3.00921e-06  -80
6875.01  3.00921e-06  -80
6880.01  3.00921e-06  -80
6885.01  3.00921e-06  -80
6890.01  3.00921e-06  -80
6895.01  3.00921e-06  -80
6900.01  3.00921e-06  -80
6905.01  3.00921e-06  -80
6910.01  3.00921e-06  -80
6915.01  3.00921e-06  -80
6920.01  3.00921e-06  -80
6925.01  3.00921e-06  -80
6930.01  3.00921e-06  -80
6935.01  3.00921e-06  -80
6940.01  3.00921e-06  -80
6945.01  3.00921e-06  -80
6950.01  3.00921e-06  -80
6955.01  3.00921e-06  -80
6960.01  3.00921e-06  -80
6965.01  3.00921e-06  -80
6970.01  3.00921e-06  -80
6975.01  3.00921e-06  -80
6980.01  3.00921e-06  -80
6985.01  3.00921e-06  -80
6990.01  3.00921e-06  -80
6995.01  3.00921e-06  -80
7000.01  3.00921e-06  -80
7005.01  3.00921e-06  -80
7010.01  3.00921e-06  -80
7015.01  3.00921e-06  -80
7020.01  3.00921e-06  -80
7025.01  3.00921e-06  -80
7030.01  3.00921e-06  -80
7035.01  3.00921e-06  -80
7040.01  3.00921e-06  -80
7045.01  3.00921e-06  -80
7050.01  3.00921e-06  -80
7055.01  3.00921e-06  -80
7060.01  3.00921e-06  -80
7065.01  3.00921e-06  -80
7070.01  3.00921e-06  -80
7075.01  3.00921e-06  -80
7080.01  3.00921e-06  -80
7085.01  3.00921e-06  -80
7090.01  3.00921e-06  -80
7095.01  3.00921e-06  -80
7100.01  3.00921e-06  -80
7105.01  3.00921e-06  -80
7110.01  3.00921e-06  -80
7115.01  3.00921e-06  -80
7120.01  3.00921e-06  -80
7125.01  3.00921e-06  -80
7130.01  3.00921e-06  -80
7135.01  3.00921e-06  -80
7140.01  3.00921e-06  -80
7145.01  3.00921e-06  -80
7150.01  3.00921e-06  -80
7155.01  3.00921e-06  -80
7160.01  3.00921e-06  -80
7165.01  3.00921e-06  -80
7170.01  3.00921e-06  -80
7175.01  3.00921e-06  -80
7180.01  3.00921e-06  -80
7185.01  3.00921e-06  -80
7190.01  3.00921e-06  -80
7195.01  3.00921e-06  -80
7200.01  3.00921e-06  -80
7205.01  3.00921e-06  -80
7210.01  3.00921e-06  -80
7215.01  3.00921e-06  -80
7220.01  3.00921e-06  -80
7225.01  3.00921e-06  -80
7230.01  3.00921e-06  -80
7235.01  3.00921e-06  -80
7240.01  3.00921e-06  -80
7245.01  3.00921e-06  -80
7250.01  3.00921e-06  -80
7255.01  3.00921e-06  -80
7260.01  3.00921e-06  -80
7265.01  3.00921e-06  -80
7270.01  3.00921e-06  -80
7275.01  3.00921e-06  -80
7280.01  3.00921e-06  -80
7285.01  3.00921e-06  -80
7290.01  3.00921e-06  -80
7295.01  3.00921e-06  -80
7300.01  3.00921e-06  -80
7305.01  3.00921e-06  -80
7310.01  3.00921e-06  -80
7315.01  3.00921e-06  -80
7320.01  3.00921e-06  -80
7325.01  3.00921e-06  -80
7330.01  3.00921e-06  -80
7335.01  3.00921e-06  -80
7340.01  3.00921e-06  -80
7345.01  3.00921e-06  -80
7350.01  3.00921e-06  -80
7355.01  3.00921e-06  -80
7360.01  3.00921e-06  -80
7365.01  3.00921e-06  -80
7370.01  3.00921e-06  -80
7375.01  3.00921e-06  -80
7380.01  3.00921e-06  -80
7385.01  3.00921e-06  -80
7390.01  3.00921e-06  -80
7395.01  3.00921e-06  -80
7400.01  3.00921e-06  -80
7405.01  3.00921e-06  -80
7410.01  3.00921e-06  -80
7415.01  3.00921e-06  -80
7420.01  3.00921e-06  -80
7425.01  3.00921e-06  -80
7430.01  3.00921e-06  -80
7435.01  3.00921e-06  -80
7440.01  3.00921e-06  -80
7445.01  3.00921e-06  -80
7450.01  3.00921e-06  -80
7455.01  3.00921e-06  -80
7460.01  3.00921e-06  -80
7465.01  3.00921e-06  -80
7470.01  3.00921e-06  -80
7475.01  3.00921e-06  -80
7480.01  3.00921e-06  -80
7485.01  3.00921e-06  -80
7490.01  3.00921e-06  -80
7495.01  3.00921e-06  -80
7500.01  3.00921e-06  -80
7505.01  3.00921e-06  -80
7510.01  3.00921e-06  -80
7515.01  3.00921e-06  -80
7520.01  3.00921e-06  -80
7525.01  3.00921e-06  -80
7530.01  3.00921e-06  -80
7535.01  3.00921e-06  -80
7540.01  3.00921e-06  -80
7545.01  3.00921e-06  -80
7550.01  3.00921e-06  -80
7555.01  3.00921e-06  -80
7560.01  3.00921e-06  -80
7565.01  3.00921e-06  -80
7570.01  3.00921e-06  -80
7575.01  3.00921e-06  -80
7580.01  3.00921e-06  -80
7585.01  3.00921e-06  -80
7590.01  3.00921e-06  -80
7595.01  3.00921e-06  -80
7600.01  3.00921e-06  -80
7605.01  3.00921e-06  -80
7610.01  3.00921e-06  -80
7615.01  3.00921e-06  -80
7620.01  3.00921e-06  -80
7625.01  3.00921e-06  -80
7630.01  3.00921e-06  -80
7635.01  3.00921e-06  -80
7640.01  3.00921e-06  -80
7645.01  3.00921e-06  -80
7650.01  3.00921e-06  -80
7655.01  3.00921e-06  -80
7660.01  3.00921e-06  -80
7665.01  3.00921e-06  -80
7670.01  3.00921e-06  -80
7675.01  3.00921e-06  -80
7680.01  3.00921e-06  -80
7685.01  3.00921e-06  -80
7690.01  3.00921e-06  -80
7695.01  3.00921e-06  -80
7700.01  3.00921e-06  -80
7705.01  3.00921e-06  -80
7710.01  3.00921e-06  -80
7715.01  3.00921e-06  -80
7720.01  3.00921e-06  -80
7725.01  3.00921e-06  -80
7730.01  3.00921e-06  -80
7735.01  3.00921e-06  -80
7740.01  3.00921e-06  -80
7745.01  3.00921e-06  -80
7750.01  3.00921e-06  -80
7755.01  3.00921e-06  -80
7760.01  3.00921e-06  -80
7765.01  3.00921e-06  -80
7770.01  3.00921e-06  -80
7775.01  3.00921e-06  -80
7780.01  3.00921e-06  -80
7785.01  3.00921e-06  -80
7790.01  3.00921e-06  -80
7795.01  3.00921e-06  -80
7800.01  3.00921e-06  -80
7805.01  3.00921e-06  -80
7810.01  3.00921e-06  -80
7815.01  3.00921e-06  -80
7820.01  3.00921e-06  -80
7825.01  3.00921e-06  -80
7830.01  3.00921e-06  -80
7835.01  3.00921e-06  -80
7840.01  3.00921e-06  -80
7845.01  3.00921e-06  -80
7850.01  3.00921e-06  -80
7855.01  3.00921e-06  -80
7860.01  3.00921e-06  -80
7865.01  3.00921e-06  -80
7870.01  3.00921e-06  -80
7875.01  3.00921e-06  -80
7880.01  3.00921e-06  -80
7885.01  3.00921e-06  -80
7890.01  3.00921e-06  -80
7895.01  3.00921e-06  -80
7900.01  3.00921e-06  -80
7905.01  3.00921e-06  -80
7910.01  3.00921e-06  -80
7915.01  3.00921e-06  -80
7920.01  3.00921e-06  -80
7925.01  3.00921e-06  -80
7930.01  3.00921e-06  -80
7935.01  3.00921e-06  -80
7940.01  3.00921e-06  -80
7945.01  3.00921e-06  -80
7950.01  3.00921e-06  -80
7955.01  3.00921e-06  -80
7960.01  3.00921e-06  -80
7965.01  3.00921e-06  -80
7970.01  3.00921e-06  -80
7975.01  3.00921e-06  -80
7980.01  3.00921e-06  -80
7985.01  3.00921e-06  -80
7990.01  3.00921e-06  -80
7995.01  3.00921e-06  -80
8000.01  3.00921e-06  -80
8005.01  3.00921e-06  -80
8010.01  3.00921e-06  -80
8015.01  3.00921e-06  -80
8020.01  3.00921e-06  -80
8025.01  3.00921e-06  -80
8030.01  3.00921e-06  -80
8035.01  3.00921e-06  -80
8040.01  3.00921e-06  -80
8045.01  3.00921e-06  -80
8050.01  3.00921e-06  -80
8055.01  3.00921e-06  -80
8060.01  3.00921e-06  -80
8065.01  3.00921e-06  -80
8070.01  3.00921e-06  -80
8075.01  3.00921e-06  -80
8080.01  3.00921e-06  -80
8085.01  3.00921e-06  -80
8090.01  3.00921e-06  -80
8095.01  3.00921e-06  -80
8100.01  3.00921e-06  -80
8105.01  3.00921e-06  -80
8110.01  3.00921e-06  -80
8115.01  3.00921e-06  -80
8120.01  3.00921e-06  -80
8125.01  3.00921e-06  -80
8130.01  3.00921e-06  -80
8135.01  3.00921e-06  -80
8140.01  3.00921e-06  -80
8145.01  3.00921e-06  -80
8150.01  3.00921e-06  -80
8155.01  3.00921e-06  -80
8160.01  3.00921e-06  -80
8165.01  3.00921e-06  -80
8170.01  3.00921e-06  -80
8175.01  3.00921e-06  -80
8180.01  3.00921e-06  -80
8185.01  3.00921e-06  -80
8190.01  3.00921e-06  -80
8195.01  3.00921e-06  -80
8200.01  3.00921e-06  -80
8205.01  3.00921e-06  -80
8210.01  3.00921e-06  -80
8215.01  3.00921e-06  -80
8220.01  3.00921e-06  -80
8225.01  3.00921e-06  -80
8230.01  3.00921e-06  -80
8235.01  3.00921e-06  -80
8240.01  3.00921e-06  -80
8245.01  3.00921e-06  -80
8250.01  3.00921e-06  -80
8255.01  3.00921e-06  -80
8260.01  3.00921e-06  -80
8265.01  3.00921e-06  -80
8270.01  3.00921e-06  -80
8275.01  3.00921e-06  -80
8280.01  3.00921e-06  -80
8285.01  3.00921e-06  -80
8290.01  3.00921e-06  -80
8295.01  3.00921e-06  -80
8300.01  3.00921e-06  -80
8305.01  3.00921e-06  -80
8310.01  3.00921e-06  -80
8315.01  3.00921e-06  -80
8320.01  3.00921e-06  -80
8325.01  3.00921e-06  -80
8330.01  3.00921e-06  -80
8335.01  3.00921e-06  -80
8340.01  3.00921e-06  -80
8345.01  3.00921e-06  -80
8350.01  3.00921e-06  -80
8355.01  3.00921e-06  -80
8360.01  3.00921e-06  -80
8365.01  3.00921e-06  -80
8370.01  3.00921e-06  -80
8375.01  3.00921e-06  -80
8380.01  3.00921e-06  -80
8385.01  3.00921e-06  -80
8390.01  3.00921e-06  -80
8395.01  3.00921e-06  -80
8400.01  3.00921e-06  -80
8405.01  3.00921e-06  -80
8410.01  3.00921e-06  -80
8415.01  3.00921e-06  -80
8420.01  3.00921e-06  -80
8425.01  3.00921e-06  -80
8430.01  3.00921e-06  -80
8435.01  3.00921e-06  -80
8440.01  3.00921e-06  -80
8445.01  3.00921e-06  -80
8450.01  3.00921e-06  -80
8455.01  3.00921e-06  -80
8460.01  3.00921e-06  -80
8465.01  3.00921e-06  -80
8470.01  3.00921e-06  -80
8475.01  3.00921e-06  -80
8480.01  3.00921e-06  -80
8485.01  3.00921e-06  -80
8490.01  3.00921e-06  -80
8495.01  3.00921e-06  -80
8500.01  3.00921e-06  -80
8505.01  3.00921e-06  -80
8510.01  3.00921e-06  -80
8515.01  3.00921e-06  -80
8520.01  3.00921e-06  -80
8525.01  3.00921e-06  -80
8530.01  3.00921e-06  -80
8535.01  3.00921e-06  -80
8540.01  3.00921e-06  -80
8545.01  3.00921e-06  -80
8550.01  3.00921e-06  -80
8555.01  3.00921e-06  -80
8560.01  3.00921e-06  -80
8565.01  3.00921e-06  -80
8570.01  3.00921e-06  -80
8575.01  3.00921e-06  -80
8580.01  3.00921e-06  -80
8585.01  3.00921e-06  -80
8590.01  3.00921e-06  -80
8595.01  3.00921e-06  -80
8600.01  3.00921e-06  -80
8605.01  3.00921e-06  -80
8610.01  3.00921e-06  -80
8615.01  3.00921e-06  -80
8620.01  3.00921e-06  -80
8625.01  3.00921e-06  -80
8630.01  3.00921e-06  -80
8635.01  3.00921e-06  -80
8640.01  3.00921e-06  -80
8645.01  3.00921e-06  -80
8650.01  3.00921e-06  -80
8655.01  3.00921e-06  -80
8660.01  3.00921e-06  -80
8665.01  3.00921e-06  -80
8670.01  3.00921e-06  -80
8675.01  3.00921e-06  -80
8680.01  3.00921e-06  -80
8685.01  3.00921e-06  -80
8690.01  3.00921e-06  -80
8695.01  3.00921e-06  -80
8700.01  3.00921e-06  -80
8705.01  3.00921e-06  -80
8710.01  3.00921e-06  -80
8715.01  3.00921e-06  -80
8720.01  3.00921e-06  -80
8725.01  3.00921e-06  -80
8730.01  3.00921e-06  -80
8735.01  3.00921e-06  -80
8740.01  3.00921e-06  -80
8745.01  3.00921e-06  -80
8750.01  3.00921e-06  -80
8755.01  3.00921e-06  -80
8760.01  3.00921e-06  -80
8765.01  3.00921e-06  -80
8770.01  3.00921e-06  -80
8775.01  3.00921e-06  -80
8780.01  3.00921e-06  -80
8785.01  3.00921e-06  -80
8790.01  3.00921e-06  -80
8795.01  3.00921e-06  -80
8800.01  3.00921e-06  -80
8805.01  3.00921e-06  -80
8810.01  3.00921e-06  -80
8815.01  3.00921e-06  -80
8820.01  3.00921e-06  -80
8825.01  3.00921e-06  -80
8830.01  3.00921e-06  -80
8835.01  3.00921e-06  -80
8840.01  3.00921e-06  -80
8845.01  3.00921e-06  -80
8850.01  3.00921e-06  -80
8855.01  3.00921e-06  -80
8860.01  3.00921e-06  -80
8865.01  3.00921e-06  -80
8870.01  3.00921e-06  -80
8875.01  3.00921e-06  -80
8880.01  3.00921e-06  -80
8885.01  3.00921e-06  -80
8890.01  3.00921e-06  -80
8895.01  3.00921e-06  -80
8900.01  3.00921e-06  -80
8905.01  3.00921e-06  -80
8910.01  3.00921e-06  -80
8915.01  3.00921e-06  -80
8920.01  3.00921e-06  -80
8925.01  3.00921e-06  -80
8930.01  3.00921e-06  -80
8935.01  3.00921e-06  -80
8940.01  3.00921e-06  -80
8945.01  3.00921e-06  -80
8950.01  3.00921e-06  -80
8955.01  3.00921e-06  -80
8960.01  3.00921e-06  -80
8965.01  3.00921e-06  -80
8970.01  3.00921e-06  -80
8975.01  3.00921e-06  -80
8980.01  3.00921e-06  -80
8985.01  3.00921e-06  -80
8990.01  3.00921e-06  -80
8995.01  3.00921e-06  -80
9000.01  3.00921e-06  -80
9005.01  3.00921e-06  -80
9010.01  3.00921e-06  -80
9015.01  3.00921e-06  -80
9020.01  3.00921e-06  -80
9025.01  3.00921e-06  -80
9030.01  3.00921e-06  -80
9035.01  3.00921e-06  -80
9040.01  3.00921e-06  -80
9045.01  3.00921e-06  -80
9050.01  3.00921e-06  -80
9055.01  3.00921e-06  -80
9060.01  3.00921e-06  -80
9065.01  3.00921e-06  -80
9070.01  3.00921e-06  -80
9075.01  3.00921e-06  -80
9080.01  3.00921e-06  -80
9085.01  3.00921e-06  -80
9090.01  3.00921e-06  -80
9095.01  3.00921e-06  -80
9100.01  3.00921e-06  -80
9105.01  3.00921e-06  -80
9110.01  3.00921e-06  -80
9115.01  3.00921e-06  -80
9120.01  3.00921e-06  -80
9125.01  3.00921e-06  -80
9130.01  3.00921e-06  -80
9135.01  3.00921e-06  -80
9140.01  3.00921e-06  -80
9145.01  3.00921e-06  -80
9150.01  3.00921e-06  -80
9155.01  3.00921e-06  -80
9160.01  3.00921e-06  -80
9165  3.00921e-06  -80
9170  3.00921e-06  -80
9175  3.00921e-06  -80
9180  3.00921e-06  -80
9185  3.00921e-06  -80
9190  3.00921e-06  -80
9195  3.00921e-06  -80
9200  3.00921e-06  -80
9205  3.00921e-06  -80
9210  3.00921e-06  -80
9215  3.00921e-06  -80
9220  3.00921e-06  -80
9225  3.00921e-06  -80
9230  3.00921e-06  -80
9235  3.00921e-06  -80
9240  3.00921e-06  -80
9245  3.00921e-06  -80
9250  3.00921e-06  -80
9255  3.00921e-06  -80
9260  3.00921e-06  -80
9265  3.00921e-06  -80
9270  3.00921e-06  -80
9275  3.00921e-06  -80
9280  3.00921e-06  -80
9285  3.00921e-06  -80
9290  3.00921e-06  -80
9295  3.00921e-06  -80
9300  3.00921e-06  -80
9305  3.00921e-06  -80
9310  3.00921e-06  -80
9315  3.00921e-06  -80
9320  3.00921e-06  -80
9325  3.00921e-06  -80
9330  3.00921e-06  -80
9335  3.00921e-06  -80
9340  3.00921e-06  -80
9345  3.00921e-06  -80
9350  3.00921e-06  -80
9355  3.00921e-06  -80
9360  3.00921e-06  -80
9365  3.00921e-06  -80
9370  3.00921e-06  -80
9375  3.00921e-06  -80
9380  3.00921e-06  -80
9385  3.00921e-06  -80
9390  3.00921e-06  -80
9395  3.00921e-06  -80
9400  3.00921e-06  -80
9405  3.00921e-06  -80
9410  3.00921e-06  -80
9415  3.00921e-06  -80
9420  3.00921e-06  -80
9425  3.00921e-06  -80
9430  3.00921e-06  -80
9435  3.00921e-06  -80
9440  3.00921e-06  -80
9445  3.00921e-06  -80
9450  3.00921e-06  -80
9455  3.00921e-06  -80
9460  3.00921e-06  -80
9465  3.00921e-06  -80
9470  3.00921e-06  -80
9475  3.00921e-06  -80
9480  3.00921e-06  -80
9485  3.00921e-06  -80
9490  3.00921e-06  -80
9495  3.00921e-06  -80
9500  3.00921e-06  -80
9505  3.00921e-06  -80
9510  3.00921e-06  -80
9515  3.00921e-06  -80
9520  3.00921e-06  -80
9525  3.00921e-06  -80
9530  3.00921e-06  -80
9535  3.00921e-06  -80
9540  3.00921e-06  -80
9545  3.00921e-06  -80
9550  3.00921e-06  -80
9555  3.00921e-06  -80
9560  3.00921e-06  -80
9565  3.00921e-06  -80
9570  3.00921e-06  -80
9575  3.00921e-06  -80
9580  3.00921e-06  -80
9585  3.00921e-06  -80
9590  3.00921e-06  -80
9595  3.00921e-06  -80
9600  3.00921e-06  -80
9605  3.00921e-06  -80
9610  3.00921e-06  -80
9615  3.00921e-06  -80
9620  3.00921e-06  -80
9625  3.00921e-06  -80
9630  3.00921e-06  -80
9635  3.00921e-06  -80
9640  3.00921e-06  -80
9645  3.00921e-06  -80
9650  3.00921e-06  -80
9655  3.00921e-06  -80
9660  3.00921e-06  -80
9665  3.00921e-06  -80
9670  3.00921e-06  -80
9675  3.00921e-06  -80
9680  3.00921e-06  -80
9685  3.00921e-06  -80
9690  3.00921e-06  -80
9695  3.00921e-06  -80
9700  3.00921e-06  -80
9705  3.00921e-06  -80
9710  3.00921e-06  -80
9715  3.00921e-06  -80
9720  3.00921e-06  -80
9725  3.00921e-06  -80
9730  3.00921e-06  -80
9735  3.00921e-06  -80
9740  3.00921e-06  -80
9745  3.00921e-06  -80
9750  3.00921e-06  -80
9755  3.00921e-06  -80
9760  3.00921e-06  -80
9765  3.00921e-06  -80
9770  3.00921e-06  -80
9775  3.00921e-06  -80
9780  3.00921e-06  -80
9785  3.00921e-06  -80
9790  3.00921e-06  -80
9795  3.00921e-06  -80
9800  3.00921e-06  -80
9805  3.00921e-06  -80
9810  3.00921e-06  -80
9815  3.00921e-06  -80
9820  3.00921e-06  -80
9825  3.00921e-06  -80
9830  3.00921e-06  -80
9835  3.00921e-06  -80
9840  3.00921e-06  -80
9845  3.00921e-06  -80
9850  3.00921e-06  -80
9855  3.00921e-06  -80
9860  3.00921e-06  -80
9865  3.00921e-06  -80
9870  3.00921e-06  -80
9875  3.00921e-06  -80
9880  3.00921e-06  -80
9885  3.00921e-06  -80
9890  3.00921e-06  -80
9895  3.00921e-06  -80
9900  3.00921e-06  -80
9905  3.00921e-06  -80
9910  3.00921e-06  -80
9915  3.00921e-06  -80
9920  3.00921e-06  -80
9925  3.00921e-06  -80
9930  3.00921e-06  -80
9935  3.00921e-06  -80
9940  3.00921e-06  -80
9945  3.00921e-06  -80
9950  3.00921e-06  -80
9955  3.00921e-06  -80
9960  3.00921e-06  -80
9965  3.00921e-06  -80
9970  3.00921e-06  -80
9975  3.00921e-06  -80
9980  3.00921e-06  -80
9985  3.00921e-06  -80
9990  3.00921e-06  -80
9995  3.00921e-06  -80
10000  9.48666e-05  40
10005  0.00115742  40
10010  0.00526948  40
10015  0.0109825  40
10020  0.0168575  40
10025  0.0221894  40
10030  0.02674  40
10035  0.0304882  40
10040  0.0334977  40
10045  0.0358571  40
10050  0.037656  40
10055  0.0389769  40
10060  0.0398928  40
10065  0.0404674  40
10070  0.0407556  40
10075  0.0408046  40
10080  0.0406551  40
10085  0.0403421  40
10090  0.0398952  40
10095  0.0393402  40
10100  0.0386987  40
10105  0.0379893  40
10110  0.0372278  40
10115  0.0364277  40
10120  0.0356001  40
10125  0.0347547  40
10130  0.0338996  40
10135  0.0330412  40
10140  0.0321854  40
10145  0.0313366  40
10150  0.0304986  40
10155  0.0296745  40
10160  0.0288667  40
10165  0.0280772  40
10170  0.0273075  40
10175  0.0265587  40
10180  0.0258317  40
10185  0.0251269  40
10190  0.0244447  40
10195  0.0237852  40
10200  0.0231484  40
10205  0.0225342  40
10210  0.0219423  40
10215  0.0213723  40
10220  0.0208238  40
10225  0.0202964  40
10230  0.0197896  40
10235  0.0193027  40
10240  0.0188353  40
10245  0.0183867  40
10250  0.0179564  40
10255  0.0175437  40
10260  0.0171481  40
10265  0.016769  40
10270  0.0164056  40
10275  0.0160576  40
10280  0.0157243  40
10285  0.0154051  40
10290  0.0150995  40
10295  0.0148069  40
10300  0.0145269  40
10305  0.0142589  40
10310  0.0140024  40
10315  0.0137571  40
10320  0.0135223  40
10325  0.0132977  40
10330  0.0130829  40
10335  0.0128774  40
10340  0.0126808  40
10345  0.0124928  40
10350  0.0123131  40
10355  0.0121411  40
10360  0.0119767  40
10365  0.0118195  40
10370  0.0116692  40
10375  0.0115254  40
10380  0.011388  40
10385  0.0112565  40
10390  0.0111309  40
10395  0.0110108  40
10400  0.0108959  40
10405  0.0107861  40
10410  0.0106811  40
10415  0.0105808  40
10420  0.0104848  40
10425  0.0103931  40
10430  0.0103054  40
10435  0.0102215  40
10440  0.0101414  40
10445  0.0100648  40
10450  0.00999155  40
10455  0.00992154  40
10460  0.00985461  40
10465  0.00979063  40
10470  0.00972947  40
10475  0.009671  40
10480  0.00961511  40
10485  0.00956168  40
10490  0.00951061  40
10495  0.00946179  40
10500  0.00941512  40
10505  0.0093705  40
10510  0.00932786  40
10515  0.00928709  40
10520  0.00924812  40
10525  0.00921087  40
10530  0.00917526  40
10535  0.00914122  40
10540  0.00910869  40
10545  0.00907758  40
10550  0.00904785  40
10555  0.00901943  40
10560  0.00899227  40
10565  0.0089663  40
10570  0.00894147  40
10575  0.00891774  40
10580  0.00889506  40
10585  0.00887338  40
10590  0.00885265  40
10595  0.00883284  40
10600  0.0088139  40
10605  0.0087958  40
10610  0.00877849  40
10615  0.00876195  40
10620  0.00874614  40
10625  0.00873102  40
10630  0.00871657  40
10635  0.00870276  40
10640  0.00868956  40
10645  0.00867694  40
10650  0.00866488  40
10655  0.00865335  40
10660  0.00864232  40
10665  0.00863179  40
10670  0.00862171  40
10675  0.00861209  40
10680  0.00860288  40
10685  0.00859409  40
10690  0.00858568  40
10695  0.00857764  40
10700  0.00856995  40
10705  0.00856261  40
10710  0.00855559  40
10715  0.00854888  40
10720  0.00854246  40
10725  0.00853633  40
10730  0.00853047  40
10735  0.00852486  40
10740  0.00851951  40
10745  0.00851439  40
10750  0.00850949  40
10755  0.00850481  40
10760  0.00850034  40
10765  0.00849607  40
10770  0.00849198  40
10775  0.00848807  40
10780  0.00848434  40
10785  0.00848077  40
10790  0.00847736  40
10795  0.0084741  40
10800  0.00847098  40
10805  0.008468  40
10810  0.00846515  40
10815  0.00846243  40
10820  0.00845983  40
10825  0.00845734  40
10830  0.00845496  40
10835  0.00845269  40
10840  0.00845051  40
10845  0.00844844  40
10850  0.00844645  40
10855  0.00844455  40
10860  0.00844274  40
10865  0.008441  40
10870  0.00843935  40
10875  0.00843776  40
10880  0.00843625  40
10885  0.0084348  40
10890  0.00843341  40
10895  0.00843209  40
10900  0.00843083  40
10905  0.00842962  40
10910  0.00842846  40
10915  0.00842736  40
10920  0.0084263  40
10925  0.00842529  40
10930  0.00842433  40
10935  0.0084234  40
10940  0.00842252  40
10945  0.00842168  40
10950  0.00842087  40
10955  0.0084201  40
10960  0.00841937  40
10965  0.00841866  40
10970  0.00841799  40
10975  0.00841735  40
10980  0.00841673  40
10985  0.00841615  40
10990  0.00841559  40
10995  0.00841505  40
11000  -0.00330976  -120
11000  0.00317967  -50
11005  0.0581857  -50
11010  0.0950758  -50
11015  0.119734  -50
11020  0.13613  -50
11025  0.146943  -50
11030  0.153981  -50
11035  0.158467  -50
11040  0.161228  -50
11045  0.162824  -50
11050  0.163631  -50
11055  0.163907  -50
11060  0.163823  -50
11065  0.163498  -50
11070  0.163011  -50
11075  0.162416  -50
11080  0.161748  -50
11085  0.161033  -50
11090  0.160287  -50
11095  0.159521  -50
11100  0.158744  -50
11105  0.157959  -50
11110  0.157172  -50
11115  0.156383  -50
11120  0.155596  -50
11125  0.15481  -50
11130  0.154027  -50
11135  0.153246  -50
11140  0.152469  -50
11145  0.151695  -50
11150  0.150925  -50
11155  0.150159  -50
11160  0.149397  -50
11165  0.148638  -50
11170  0.147883  -50
11175  0.147132  -50
11180  0.146385  -50
11185  0.145641  -50
11190  0.144902  -50
11195  0.144166  -50
11200  0.143434  -50
11205  0.142705  -50
11210  0.141981  -50
11215  0.14126  -50
11220  0.140543  -50
11225  0.139829  -50
11230  0.139119  -50
11235  0.138413  -50
11240  0.13771  -50
11245  0.137011  -50
11250  0.136316  -50
11255  0.135624  -50
11260  0.134935  -50
11265  0.13425  -50
11270  0.133569  -50
11275  0.132891  -50
11280  0.132217  -50
11285  0.131546  -50
11290  0.130878  -50
11295  0.130214  -50
11300  0.129554  -50
11305  0.128896  -50
11310  0.128242  -50
11315  0.127592  -50
11320  0.126944  -50
11325  0.126301  -50
11330  0.12566  -50
11335  0.125023  -50
11340  0.124388  -50
11345  0.123758  -50
11350  0.12313  -50
11355  0.122506  -50
11360  0.121884  -50
11365  0.121266  -50
11370  0.120651  -50
11375  0.12004  -50
11380  0.119431  -50
11385  0.118826  -50
11390  0.118223  -50
11395  0.117624  -50
11400  0.117028  -50
11405  0.116435  -50
11410  0.115844  -50
11415  0.115257  -50
11420  0.114673  -50
11425  0.114092  -50
11430  0.113514  -50
11435  0.112939  -50
11440  0.112367  -50
11445  0.111797  -50
11450  0.111231  -50
11455  0.110667  -50
11460  0.110107  -50
11465  0.109549  -50
11470  0.108994  -50
11475  0.108442  -50
11480  0.107893  -50
11485  0.107346  -50
11490  0.106803  -50
11495  0.106262  -50
11500  0.105724  -50
11505  0.105189  -50
11510  0.104656  -50
11515  0.104126  -50
11520  0.103599  -50
11525  0.103075  -50
11530  0.102553  -50
11535  0.102034  -50
11540  0.101518  -50
11545  0.101004  -50
11550  0.100493  -50
11555  0.0999841  -50
11560  0.0994782  -50
11565  0.0989749  -50
11570  0.0984742  -50
11575  0.097976  -50
11580  0.0974804  -50
11585  0.0969873  -50
11590  0.0964967  -50
11595  0.0960087  -50
11600  0.0955231  -50
11605  0.09504  -50
11610  0.0945594  -50
11615  0.0940813  -50
11620  0.0936056  -50
11625  0.0931324  -50
11630  0.0926615  -50
11635  0.0921931  -50
11640  0.0917271  -50
11645  0.0912635  -50
11650  0.0908022  -50
11655  0.0903433  -50
11660  0.0898868  -50
11665  0.0894325  -50
11670  0.0889807  -50
11675  0.0885311  -50
11680  0.0880838  -50
11685  0.0876388  -50
11690  0.0871961  -50
11695  0.0867557  -50
11700  0.0863175  -50
11705  0.0858816  -50
11710  0.0854479  -50
11715  0.0850164  -50
11720  0.0845871  -50
11725  0.08416  -50
11730  0.0837351  -50
11735  0.0833124  -50
11740  0.0828919  -50
11745  0.0824735  -50
11750  0.0820572  -50
11755  0.0816431  -50
11760  0.0812311  -50
11765  0.0808212  -50
11770  0.0804134  -50
11775  0.0800077  -50
11780  0.0796041  -50
11785  0.0792025  -50
11790  0.078803  -50
11795  0.0784055  -50
11800  0.0780101  -50
11805  0.0776167  -50
11810  0.0772253  -50
11815  0.0768359  -50
11820  0.0764485  -50
11825  0.0760631  -50
11830  0.0756797  -50
11835  0.0752982  -50
11840  0.0749187  -50
11845  0.0745411  -50
11850  0.0741655  -50
11855  0.0737918  -50
11860  0.07342  -50
11865  0.0730501  -50
11870  0.0726821  -50
11875  0.0723159  -50
11880  0.0719517  -50
11885  0.0715893  -50
11890  0.0712288  -50
11895  0.0708701  -50
11900  0.0705132  -50
11905  0.0701582  -50
11910  0.069805  -50
11915  0.0694536  -50
11920  0.069104  -50
11925  0.0687562  -50
11930  0.0684102  -50
11935  0.0680659  -50
11940  0.0677235  -50
11945  0.0673827  -50
11950  0.0670437  -50
11955  0.0667065  -50
11960  0.0663709  -50
11965  0.0660371  -50
11970  0.065705  -50
11975  0.0653746  -50
11980  0.0650459  -50
11985  0.0647189  -50
11990  0.0643935  -50
11995  0.0640698  -50
12000  0.0637478  -50
12005  0.0634274  -50
12010  0.0631087  -50
12015  0.0627916  -50
12020  0.0624761  -50
12025  0.0621622  -50
12030  0.06185  -50
12035  0.0615393  -50
12040  0.0612302  -50
12045  0.0609227  -50
12050  0.0606168  -50
12055  0.0603125  -50
12060  0.0600097  -50
12065  0.0597084  -50
12070  0.0594087  -50
12075  0.0591106  -50
12080  0.0588139  -50
12085  0.0585188  -50
12090  0.0582252  -50
12095  0.0579331  -50
12100  0.0576425  -50
12105  0.0573534  -50
12110  0.0570657  -50
12115  0.0567796  -50
12120  0.0564949  -50
12125  0.0562116  -50
12130  0.0559298  -50
12135  0.0556495  -50
12140  0.0553705  -50
12145  0.0550931  -50
12150  0.054817  -50
12155  0.0545423  -50
12160  0.0542691  -50
12165  0.0539972  -50
12170  0.0537268  -50
12175  0.0534577  -50
12180  0.05319  -50
12185  0.0529237  -50
12190  0.0526587  -50
12195  0.0523951  -50
12200  0.0521329  -50
12205  0.0518719  -50
12210  0.0516124  -50
12215  0.0513541  -50
12220  0.0510972  -50
12225  0.0508416  -50
12230  0.0505873  -50
12235  0.0503343  -50
12240  0.0500826  -50
12245  0.0498322  -50
12250  0.049583  -50
12255  0.0493352  -50
12260  0.0490886  -50
12265  0.0488433  -50
12270  0.0485992  -50
12275  0.0483564  -50
12280  0.0481148  -50
12285  0.0478744  -50
12290  0.0476353  -50
12295  0.0473974  -50
12300  0.0471608  -50
12305  0.0469253  -50
12310  0.0466911  -50
12315  0.046458  -50
12320  0.0462262  -50
12325  0.0459955  -50
12330  0.045766  -50
12335  0.0455377  -50
12340  0.0453105  -50
12345  0.0450846  -50
12350  0.0448597  -50
12355  0.0446361  -50
12360  0.0444135  -50
12365  0.0441921  -50
12370  0.0439719  -50
12375  0.0437528  -50
12380  0.0435347  -50
12385  0.0433179  -50
12390  0.0431021  -50
12395  0.0428874  -50
12400  0.0426738  -50
12405  0.0424613  -50
12410  0.0422499  -50
12415  0.0420396  -50
12420  0.0418304  -50
12425  0.0416222  -50
12430  0.0414151  -50
12435  0.0412091  -50
12440  0.0410041  -50
12445  0.0408002  -50
12450  0.0405973  -50
12455  0.0403954  -50
12460  0.0401946  -50
12465  0.0399948  -50
12470  0.0397961  -50
12475  0.0395983  -50
12480  0.0394016  -50
12485  0.0392058  -50
12490  0.0390111  -50
12495  0.0388174  -50
12500  0.0386246  -50
12505  0.0384329  -50
12510  0.0382421  -50
12515  0.0380523  -50
12520  0.0378635  -50
12525  0.0376757  -50
12530  0.0374888  -50
12535  0.0373028  -50
12540  0.0371178  -50
12545  0.0369338  -50
12550  0.0367507  -50
12555  0.0365686  -50
12560  0.0363873  -50
12565  0.036207  -50
12570  0.0360277  -50
12575  0.0358492  -50
12580  0.0356717  -50
12585  0.035495  -50
12590  0.0353193  -50
12595  0.0351445  -50
12600  0.0349705  -50
12605  0.0347975  -50
12610  0.0346253  -50
12615  0.0344541  -50
12620  0.0342837  -50
12625  0.0341141  -50
12630  0.0339455  -50
12635  0.0337777  -50
12640  0.0336108  -50
12645  0.0334447  -50
12650  0.0332794  -50
12655  0.0331151  -50
12660  0.0329515  -50
12665  0.0327888  -50
12670  0.0326269  -50
12675  0.0324659  -50
12680  0.0323057  -50
12685  0.0321463  -50
12690  0.0319877  -50
12695  0.0318299  -50
12700  0.031673  -50
12705  0.0315168  -50
12710  0.0313614  -50
12715  0.0312069  -50
12720  0.0310531  -50
12725  0.0309001  -50
12730  0.0307479  -50
12735  0.0305965  -50
12740  0.0304458  -50
12745  0.030296  -50
12750  0.0301469  -50
12755  0.0299985  -50
12760  0.0298509  -50
12765  0.0297041  -50
12770  0.029558  -50
12775  0.0294127  -50
12780  0.0292681  -50
12785  0.0291243  -50
12790  0.0289811  -50
12795  0.0288388  -50
12800  0.0286971  -50
12805  0.0285562  -50
12810  0.028416  -50
12815  0.0282765  -50
12820  0.0281377  -50
12825  0.0279997  -50
12830  0.0278623  -50
12835  0.0277257  -50
12840  0.0275897  -50
12845  0.0274545  -50
12850  0.0273199  -50
12855  0.027186  -50
12860  0.0270529  -50
12865  0.0269204  -50
12870  0.0267885  -50
12875  0.0266574  -50
12880  0.0265269  -50
12885  0.0263971  -50
12890  0.0262679  -50
12895  0.0261395  -50
12900  0.0260116  -50
12905  0.0258845  -50
12910  0.0257579  -50
12915  0.0256321  -50
12920  0.0255068  -50
12925  0.0253822  -50
12930  0.0252583  -50
12935  0.025135  -50
12940  0.0250123  -50
12945  0.0248902  -50
12950  0.0247688  -50
12955  0.024648  -50
12960  0.0245278  -50
12965  0.0244082  -50
12970  0.0242893  -50
12975  0.0241709  -50
12980  0.0240532  -50
12985  0.023936  -50
12990  0.0238195  -50
12995  0.0237035  -50
13000  0.0235882  -50
13005  0.0234734  -50
13010  0.0233592  -50
13015  0.0232456  -50
13020  0.0231326  -50
13025  0.0230202  -50
13030  0.0229083  -50
13035  0.022797  -50
13040  0.0226863  -50
13045  0.0225762  -50
13050  0.0224666  -50
13055  0.0223576  -50
13060  0.0222491  -50
13065  0.0221412  -50
13070  0.0220338  -50
13075  0.021927  -50
13080  0.0218208  -50
13085  0.021715  -50
13090  0.0216099  -50
13095  0.0215052  -50
13100  0.0214011  -50
13105  0.0212976  -50
13110  0.0211945  -50
13115  0.021092  -50
13120  0.02099  -50
13125  0.0208886  -50
13130  0.0207876  -50
13135  0.0206872  -50
13140  0.0205873  -50
13145  0.0204879  -50
13150  0.020389  -50
13155  0.0202906  -50
13160  0.0201927  -50
13165  0.0200953  -50
13170  0.0199985  -50
13175  0.0199021  -50
13180  0.0198062  -50
13185  0.0197108  -50
13190  0.0196159  -50
13195  0.0195214  -50
13200  0.0194275  -50
13205  0.019334  -50
13210  0.019241  -50
13215  0.0191485  -50
13220  0.0190565  -50
13225  0.0189649  -50
13230  0.0188738  -50
13235  0.0187832  -50
13240  0.0186931  -50
13245  0.0186034  -50
13250  0.0185141  -50
13255  0.0184253  -50
13260  0.018337  -50
13265  0.0182491  -50
13270  0.0181617  -50
13275  0.0180747  -50
13280  0.0179882  -50
13285  0.0179021  -50
13290  0.0178164  -50
13295  0.0177312  -50
13300  0.0176464  -50
13305  0.0175621  -50
13310  0.0174782  -50
13315  0.0173947  -50
13320  0.0173116  -50
13325  0.017229  -50
13330  0.0171468  -50
13335  0.017065  -50
13340  0.0169836  -50
13345  0.0169027  -50
13350  0.0168222  -50
13355  0.016742  -50
13360  0.0166623  -50
13365  0.016583  -50
13370  0.0165041  -50
13375  0.0164256  -50
13380  0.0163475  -50
13385  0.0162698  -50
13390  0.0161925  -50
13395  0.0161156  -50
13400  0.0160391  -50
13405  0.015963  -50
13410  0.0158873  -50
13415  0.0158119  -50
13420  0.015737  -50
13425  0.0156624  -50
13430  0.0155882  -50
13435  0.0155144  -50
13440  0.015441  -50
13445  0.015368  -50
13450  0.0152953  -50
13455  0.015223  -50
13460  0.015151  -50
13465  0.0150795  -50
13470  0.0150083  -50
13475  0.0149374  -50
13480  0.014867  -50
13485  0.0147968  -50
13490  0.0147271  -50
13495  0.0146577  -50
13500  0.0145886  -50
13505  0.01452  -50
13510  0.0144516  -50
13515  0.0143836  -50
13520  0.014316  -50
13525  0.0142487  -50
13530  0.0141818  -50
13535  0.0141152  -50
13540  0.0140489  -50
13545  0.013983  -50
13550  0.0139174  -50
13555  0.0138521  -50
13560  0.0137872  -50
13565  0.0137226  -50
13570  0.0136584  -50
13575  0.0135944  -50
13580  0.0135308  -50
13585  0.0134676  -50
13590  0.0134046  -50
13595  0.013342  -50
13600  0.0132797  -50
13605  0.0132177  -50
13610  0.013156  -50
13615  0.0130947  -50
13620  0.0130336  -50
13625  0.0129729  -50
13630  0.0129125  -50
13635  0.0128524  -50
13640  0.0127926  -50
13645  0.0127331  -50
13650  0.0126739  -50
13655  0.012615  -50
13660  0.0125564  -50
13665  0.0124982  -50
13670  0.0124402  -50
13675  0.0123825  -50
13680  0.0123251  -50
13685  0.012268  -50
13690  0.0122112  -50
13695  0.0121547  -50
13700  0.0120984  -50
13705  0.0120425  -50
13710  0.0119869  -50
13715  0.0119315  -50
13720  0.0118764  -50
13725  0.0118216  -50
13730  0.0117671  -50
13735  0.0117128  -50
13740  0.0116589  -50
13745  0.0116052  -50
13750  0.0115518  -50
13755  0.0114986  -50
13760  0.0114458  -50
13765  0.0113932  -50
13770  0.0113408  -50
13775  0.0112888  -50
13780  0.011237  -50
13785  0.0111855  -50
13790  0.0111342  -50
13795  0.0110832  -50
13800  0.0110325  -50
13805  0.010982  -50
13810  0.0109318  -50
13815  0.0108818  -50
13820  0.0108321  -50
13825  0.0107826  -50
13830  0.0107334  -50
13835  0.0106845  -50
13840  0.0106358  -50
13845  0.0105873  -50
13850  0.0105391  -50
13855  0.0104912  -50
13860  0.0104435  -50
13865  0.010396  -50
13870  0.0103488  -50
13875  0.0103018  -50
13880  0.0102551  -50
13885  0.0102086  -50
13890  0.0101623  -50
13895  0.0101163  -50
13900  0.0100705  -50
13905  0.0100249  -50
13910  0.0099796  -50
13915  0.00993451  -50
13920  0.00988965  -50
13925  0.00984502  -50
13930  0.00980062  -50
13935  0.00975644  -50
13940  0.00971249  -50
13945  0.00966877  -50
13950  0.00962527  -50
13955  0.009582  -50
13960  0.00953894  -50
13965  0.00949611  -50
13970  0.00945349  -50
13975  0.0094111  -50
13980  0.00936892  -50
13985  0.00932695  -50
13990  0.00928521  -50
13995  0.00924367  -50
14000  0.00920235  -50
14005  0.00916124  -50
14010  0.00912034  -50
14015  0.00907965  -50
14020  0.00903916  -50
14025  0.00899889  -50
14030  0.00895882  -50
14035  0.00891896  -50
14040  0.0088793  -50
14045  0.00883984  -50
14050  0.00880058  -50
14055  0.00876153  -50
14060  0.00872268  -50
14065  0.00868402  -50
14070  0.00864557  -50
14075  0.00860731  -50
14080  0.00856924  -50
14085  0.00853137  -50
14090  0.0084937  -50
14095  0.00845621  -50
14100  0.00841892  -50
14105  0.00838182  -50
14110  0.00834491  -50
14115  0.00830819  -50
14120  0.00827166  -50
14125  0.00823532  -50
14130  0.00819916  -50
14135  0.00816318  -50
14140  0.00812739  -50
14145  0.00809178  -50
14150  0.00805636  -50
14155  0.00802112  -50
14160  0.00798605  -50
14165  0.00795117  -50
14170  0.00791647  -50
14175  0.00788194  -50
14180  0.00784759  -50
14185  0.00781341  -50
14190  0.00777941  -50
14195  0.00774559  -50
14200  0.00771194  -50
14205  0.00767846  -50
14210  0.00764515  -50
14215  0.00761201  -50
14220  0.00757904  -50
14225  0.00754624  -50
14230  0.00751361  -50
14235  0.00748115  -50
14240  0.00744885  -50
14245  0.00741672  -50
14250  0.00738475  -50
14255  0.00735294  -50
14260  0.0073213  -50
14265  0.00728982  -50
14270  0.0072585  -50
14275  0.00722734  -50
14280  0.00719635  -50
14285  0.00716551  -50
14290  0.00713482  -50
14295  0.0071043  -50
14300  0.00707393  -50
14305  0.00704372  -50
14310  0.00701366  -50
14315  0.00698375  -50
14320  0.006954  -50
14325  0.0069244  -50
14330  0.00689495  -50
14335  0.00686566  -50
14340  0.00683651  -50
14345  0.00680751  -50
14350  0.00677866  -50
14355  0.00674996  -50
14360  0.00672141  -50
14365  0.006693  -50
14370  0.00666474  -50
14375  0.00663662  -50
14380  0.00660864  -50
14385  0.00658081  -50
14390  0.00655312  -50
14395  0.00652558  -50
14400  0.00649817  -50
14405  0.00647091  -50
14410  0.00644378  -50
14415  0.00641679  -50
14420  0.00638994  -50
14425  0.00636323  -50
14430  0.00633666  -50
14435  0.00631022  -50
14440  0.00628392  -50
14445  0.00625775  -50
14450  0.00623171  -50
14455  0.00620581  -50
14460  0.00618004  -50
14465  0.00615441  -50
14470  0.0061289  -50
14475  0.00610353  -50
14480  0.00607828  -50
14485  0.00605317  -50
14490  0.00602818  -50
14495  0.00600332  -50
14500  0.00597859  -50
14505  0.00595398  -50
14510  0.0059295  -50
14515  0.00590515  -50
14520  0.00588092  -50
14525  0.00585682  -50
14530  0.00583283  -50
14535  0.00580898  -50
14540  0.00578524  -50
14545  0.00576162  -50
14550  0.00573813  -50
14555  0.00571475  -50
14560  0.0056915  -50
14565  0.00566837  -50
14570  0.00564535  -50
14575  0.00562245  -50
14580  0.00559967  -50
14585  0.005577  -50
14590  0.00555445  -50
14595  0.00553202  -50
14600  0.0055097  -50
14605  0.0054875  -50
14610  0.00546541  -50
14615  0.00544343  -50
14620  0.00542156  -50
14625  0.00539981  -50
14630  0.00537817  -50
14635  0.00535664  -50
14640  0.00533522  -50
14645  0.0053139  -50
14650  0.0052927  -50
14655  0.00527161  -50
14660  0.00525062  -50
14665  0.00522975  -50
14670  0.00520897  -50
14675  0.00518831  -50
14680  0.00516775  -50
14685  0.0051473  -50
14690  0.00512695  -50
14695  0.0051067  -50
14700  0.00508656  -50
14705  0.00506652  -50
14710  0.00504659  -50
14715  0.00502675  -50
14720  0.00500702  -50
14725  0.00498739  -50
14730  0.00496786  -50
14735  0.00494843  -50
14740  0.0049291  -50
14745  0.00490987  -50
14750  0.00489073  -50
14755  0.0048717  -50
14760  0.00485276  -50
14765  0.00483392  -50
14770  0.00481518  -50
14775  0.00479653  -50
14780  0.00477797  -50
14785  0.00475952  -50
14790  0.00474115  -50
14795  0.00472288  -50
14800  0.00470471  -50
14805  0.00468662  -50
14810  0.00466863  -50
14815  0.00465074  -50
14820  0.00463293  -50
14825  0.00461521  -50
14830  0.00459759  -50
14835  0.00458005  -50
14840  0.00456261  -50
14845  0.00454525  -50
14850  0.00452799  -50
14855  0.00451081  -50
14860  0.00449372  -50
14865  0.00447672  -50
14870  0.0044598  -50
14875  0.00444297  -50
14880  0.00442623  -50
14885  0.00440957  -50
14890  0.004393  -50
14895  0.00437651  -50
14900  0.00436011  -50
14905  0.00434379  -50
14910  0.00432756  -50
14915  0.0043114  -50
14920  0.00429533  -50
14925  0.00427935  -50
14930  0.00426344  -50
14935  0.00424762  -50
14940  0.00423188  -50
14945  0.00421621  -50
14950  0.00420063  -50
14955  0.00418513  -50
14960  0.00416971  -50
