0.005  1.23818e-16  -80
5.005  8.50158e-09  -80
10.005  2.73393e-08  -80
15.005  4.98805e-08  -80
20.005  7.33964e-08  -80
25.005  9.68406e-08  -80
30.005  1.19859e-07  -80
35.005  1.42366e-07  -80
40.005  1.64367e-07  -80
45.005  1.85895e-07  -80
50.005  2.06981e-07  -80
55.005  2.27651e-07  -80
60.005  2.47925e-07  -80
65.005  2.67818e-07  -80
70.005  2.87343e-07  -80
75.005  3.06509e-07  -80
80.005  3.25324e-07  -80
85.005  3.43796e-07  -80
90.005  3.61931e-07  -80
95.005  3.79736e-07  -80
100.005  3.97217e-07  -80
105.005  4.14381e-07  -80
110.005  4.31232e-07  -80
115.005  4.47777e-07  -80
120.005  4.64022e-07  -80
125.005  4.79971e-07  -80
130.005  4.9563e-07  -80
135.005  5.11005e-07  -80
140.005  5.261e-07  -80
145.005  5.40921e-07  -80
150.005  5.55472e-07  -80
155.005  5.69759e-07  -80
160.005  5.83786e-07  -80
165.005  5.97558e-07  -80
170.005  6.1108e-07  -80
175.005  6.24356e-07  -80
180.005  6.37391e-07  -80
185.005  6.50189e-07  -80
190.005  6.62755e-07  -80
195.005  6.75091e-07  -80
200.005  6.87204e-07  -80
205.005  6.99097e-07  -80
210.005  7.10773e-07  -80
215.005  7.22237e-07  -80
220.005  7.33493e-07  -80
225.005  7.44544e-07  -80
230.005  7.55394e-07  -80
235.005  7.66048e-07  -80
240.005  7.76507e-07  -80
245.005  7.86776e-07  -80
250.005  7.96859e-07  -80
255.005  8.06758e-07  -80
260.005  8.16478e-07  -80
265.005  8.26021e-07  -80
270.005  8.3539e-07  -80
275.005  8.44589e-07  -80
280.005  8.53621e-07  -80
285.005  8.62489e-07  -80
290.005  8.71195e-07  -80
295.005  8.79744e-07  -80
300.005  8.88137e-07  -80
305.005  8.96377e-07  -80
310.005  9.04468e-07  -80
315.005  9.12411e-07  -80
320.005  9.2021e-07  -80
325.005  9.27868e-07  -80
330.005  9.35386e-07  -80
335.005  9.42767e-07  -80
340.005  9.50015e-07  -80
345.005  9.57131e-07  -80
350.005  9.64117e-07  -80
355.005  9.70976e-07  -80
360.005  9.77711e-07  -80
365.005  9.84323e-07  -80
370.005  9.90815e-07  -80
375.005  9.97189e-07  -80
380.005  1.00345e-06  -80
385.005  1.00959e-06  -80
390.005  1.01562e-06  -80
395.005  1.02155e-06  -80
400.005  1.02736e-06  -80
405.005  1.03307e-06  -80
410.005  1.03868e-06  -80
415.005  1.04418e-06  -80
420.005  1.04959e-06  -80
425.005  1.05489e-06  -80
430.005  1.0601e-06  -80
435.005  1.06522e-06  -80
440.005  1.07024e-06  -80
445.005  1.07517e-06  -80
450.005  1.08001e-06  -80
455.005  1.08476e-06  -80
460.005  1.08943e-06  -80
465.005  1.09401e-06  -80
470.005  1.09851e-06  -80
475.005  1.10293e-06  -80
480.005  1.10726e-06  -80
485.005  1.11152e-06  -80
490.005  1.1157e-06  -80
495.005  1.1198e-06  -80
500.005  1.12383e-06  -80
505.005  1.12779e-06  -80
510.005  1.13167e-06  -80
515.005  1.13549e-06  -80
520.005  1.13923e-06  -80
525.005  1.14291e-06  -80
530.005  1.14652e-06  -80
535.005  1.15006e-06  -80
540.005  1.15354e-06  -80
545.005  1.15696e-06  -80
550.005  1.16031e-06  -80
555.005  1.16361e-06  -80
560.005  1.16684e-06  -80
565.005  1.17001e-06  -80
570.005  1.17313e-06  -80
575.005  1.17619e-06  -80
580.005  1.1792e-06  -80
585.005  1.18215e-06  -80
590.005  1.18504e-06  -80
595.005  1.18789e-06  -80
600.005  1.19068e-06  -80
605.005  1.19342e-06  -80
610.005  1.19611e-06  -80
615.005  1.19875e-06  -80
620.005  1.20135e-06  -80
625.005  1.2039e-06  -80
630.005  1.2064e-06  -80
635.005  1.20885e-06  -80
640.005  1.21126e-06  -80
645.005  1.21363e-06  -80
650.005  1.21596e-06  -80
655.005  1.21824e-06  -80
660.005  1.22048e-06  -80
665.005  1.22268e-06  -80
670.005  1.22484e-06  -80
675.005  1.22696e-06  -80
680.005  1.22904e-06  -80
685.005  1.23108e-06  -80
690.005  1.23309e-06  -80
695.005  1.23506e-06  -80
700.005  1.237e-06  -80
705.005  1.2389e-06  -80
710.005  1.24076e-06  -80
715.005  1.24259e-06  -80
720.005  1.24439e-06  -80
725.005  1.24615e-06  -80
730.005  1.24789e-06  -80
735.005  1.24959e-06  -80
740.005  1.25126e-06  -80
745.005  1.2529e-06  -80
750.005  1.25451e-06  -80
755.005  1.25609e-06  -80
760.005  1.25764e-06  -80
765.005  1.25917e-06  -80
770.005  1.26066e-06  -80
775.005  1.26213e-06  -80
780.005  1.26358e-06  -80
785.005  1.26499e-06  -80
790.005  1.26638e-06  -80
795.005  1.26775e-06  -80
800.005  1.26909e-06  -80
805.005  1.2704e-06  -80
810.005  1.2717e-06  -80
815.005  1.27297e-06  -80
820.005  1.27421e-06  -80
825.005  1.27543e-06  -80
830.005  1.27664e-06  -80
835.005  1.27781e-06  -80
840.005  1.27897e-06  -80
845.005  1.28011e-06  -80
850.005  1.28122e-06  -80
855.005  1.28232e-06  -80
860.005  1.2834e-06  -80
865.005  1.28445e-06  -80
870.005  1.28549e-06  -80
875.005  1.28651e-06  -80
880.005  1.28751e-06  -80
885.005  1.28849e-06  -80
890.005  1.28945e-06  -80
895.005  1.2904e-06  -80
900.005  1.29133e-06  -80
905.005  1.29224e-06  -80
910.005  1.29313e-06  -80
915.005  1.29401e-06  -80
920.005  1.29488e-06  -80
925.005  1.29572e-06  -80
930.005  1.29656e-06  -80
935.005  1.29737e-06  -80
940.005  1.29817e-06  -80
945.005  1.29896e-06  -80
950.005  1.29974e-06  -80
955.005  1.30049e-06  -80
960.005  1.30124e-06  -80
965.005  1.30197e-06  -80
970.005  1.30269e-06  -80
975.005  1.3034e-06  -80
980.005  1.30409e-06  -80
985.005  1.30477e-06  -80
990.005  1.30544e-06  -80
995.005  1.30609e-06  -80
1000  1.30673e-06  -80
1005  1.30737e-06  -80
1010  1.30799e-06  -80
1015  1.3086e-06  -80
1020  1.30919e-06  -80
1025  1.30978e-06  -80
1030  1.31036e-06  -80
1035  1.31092e-06  -80
1040  1.31148e-06  -80
1045  1.31203e-06  -80
1050  1.31256e-06  -80
1055  1.31309e-06  -80
1060  1.3136e-06  -80
1065.01  1.31411e-06  -80
1070.01  1.31461e-06  -80
1075.01  1.3151e-06  -80
1080.01  1.31558e-06  -80
1085.01  1.31605e-06  -80
1090.01  1.31651e-06  -80
1095.01  1.31697e-06  -80
1100.01  1.31741e-06  -80
1105.01  1.31785e-06  -80
1110.01  1.31828e-06  -80
1115.01  1.3187e-06  -80
1120.01  1.31912e-06  -80
1125.01  1.31952e-06  -80
1130.01  1.31992e-06  -80
1135.01  1.32031e-06  -80
1140.01  1.3207e-06  -80
1145.01  1.32108e-06  -80
1150.01  1.32145e-06  -80
1155.01  1.32181e-06  -80
1160.01  1.32217e-06  -80
1165.01  1.32252e-06  -80
1170.01  1.32287e-06  -80
1175.01  1.32321e-06  -80
1180.01  1.32354e-06  -80
1185.01  1.32386e-06  -80
1190.01  1.32419e-06  -80
1195.01  1.3245e-06  -80
1200.01  1.32481e-06  -80
1205.01  1.32511e-06  -80
1210.01  1.32541e-06  -80
1215.01  1.3257e-06  -80
1220.01  1.32599e-06  -80
1225.01  1.32627e-06  -80
1230.01  1.32655e-06  -80
1235.01  1.32682e-06  -80
1240.01  1.32709e-06  -80
1245.01  1.32735e-06  -80
1250.01  1.32761e-06  -80
1255.01  1.32786e-06  -80
1260.01  1.32811e-06  -80
1265.01  1.32835e-06  -80
1270.01  1.32859e-06  -80
1275.01  1.32882e-06  -80
1280.01  1.32905e-06  -80
1285.01  1.32928e-06  -80
1290.01  1.3295e-06  -80
1295.01  1.32972e-06  -80
1300.01  1.32993e-06  -80
1305.01  1.33015e-06  -80
1310.01  1.33035e-06  -80
1315.01  1.33055e-06  -80
1320.01  1.33075e-06  -80
1325.01  1.33095e-06  -80
1330.01  1.33114e-06  -80
1335.01  1.33133e-06  -80
1340.01  1.33151e-06  -80
1345.01  1.33169e-06  -80
1350.01  1.33187e-06  -80
1355.01  1.33205e-06  -80
1360.01  1.33222e-06  -80
1365.01  1.33239e-06  -80
1370.01  1.33255e-06  -80
1375.01  1.33272e-06  -80
1380.01  1.33288e-06  -80
1385.01  1.33303e-06  -80
1390.01  1.33319e-06  -80
1395.01  1.33334e-06  -80
1400.01  1.33349e-06  -80
1405.01  1.33363e-06  -80
1410.01  1.33378e-06  -80
1415.01  1.33392e-06  -80
1420.01  1.33405e-06  -80
1425.01  1.33419e-06  -80
1430.01  1.33432e-06  -80
1435.01  1.33445e-06  -80
1440.01  1.33458e-06  -80
1445.01  1.33471e-06  -80
1450.01  1.33483e-06  -80
1455.01  1.33495e-06  -80
1460.01  1.33507e-06  -80
1465.01  1.33519e-06  -80
1470.01  1.3353e-06  -80
1475.01  1.33541e-06  -80
1480.01  1.33552e-06  -80
1485.01  1.33563e-06  -80
1490.01  1.33574e-06  -80
1495.01  1.33584e-06  -80
1500.01  1.33595e-06  -80
1505.01  1.33605e-06  -80
1510.01  1.33615e-06  -80
1515.01  1.33624e-06  -80
1520.01  1.33634e-06  -80
1525.01  1.33643e-06  -80
1530.01  1.33653e-06  -80
1535.01  1.33662e-06  -80
1540.01  1.33671e-06  -80
1545.01  1.33679e-06  -80
1550.01  1.33688e-06  -80
1555.01  1.33696e-06  -80
1560.01  1.33704e-06  -80
1565.01  1.33713e-06  -80
1570.01  1.33721e-06  -80
1575.01  1.33728e-06  -80
1580.01  1.33736e-06  -80
1585.01  1.33744e-06  -80
1590.01  1.33751e-06  -80
1595.01  1.33758e-06  -80
1600.01  1.33765e-06  -80
1605.01  1.33772e-06  -80
1610.01  1.33779e-06  -80
1615.01  1.33786e-06  -80
1620.01  1.33793e-06  -80
1625.01  1.33799e-06  -80
1630.01  1.33805e-06  -80
1635.01  1.33812e-06  -80
1640.01  1.33818e-06  -80
1645.01  1.33824e-06  -80
1650.01  1.3383e-06  -80
1655.01  1.33836e-06  -80
1660.01  1.33841e-06  -80
1665.01  1.33847e-06  -80
1670.01  1.33852e-06  -80
1675.01  1.33858e-06  -80
1680.01  1.33863e-06  -80
1685.01  1.33868e-06  -80
1690.01  1.33873e-06  -80
1695.01  1.33879e-06  -80
1700.01  1.33883e-06  -80
1705.01  1.33888e-06  -80
1710.01  1.33893e-06  -80
1715.01  1.33898e-06  -80
1720.01  1.33902e-06  -80
1725.01  1.33907e-06  -80
1730.01  1.33911e-06  -80
1735.01  1.33916e-06  -80
1740.01  1.3392e-06  -80
1745.01  1.33924e-06  -80
1750.01  1.33928e-06  -80
1755.01  1.33932e-06  -80
1760.01  1.33936e-06  -80
1765.01  1.3394e-06  -80
1770.01  1.33944e-06  -80
1775.01  1.33948e-06  -80
1780.01  1.33951e-06  -80
1785.01  1.33955e-06  -80
1790.01  1.33958e-06  -80
1795.01  1.33962e-06  -80
1800.01  1.33965e-06  -80
1805.01  1.33969e-06  -80
1810.01  1.33972e-06  -80
1815.01  1.33975e-06  -80
1820.01  1.33978e-06  -80
1825.01  1.33982e-06  -80
1830.01  1.33985e-06  -80
1835.01  1.33988e-06  -80
1840.01  1.33991e-06  -80
1845.01  1.33993e-06  -80
1850.01  1.33996e-06  -80
1855.01  1.33999e-06  -80
1860.01  1.34002e-06  -80
1865.01  1.34005e-06  -80
1870.01  1.34007e-06  -80
1875.01  1.3401e-06  -80
1880.01  1.34012e-06  -80
1885.01  1.34015e-06  -80
1890.01  1.34017e-06  -80
1895.01  1.3402e-06  -80
1900.01  1.34022e-06  -80
1905.01  1.34024e-06  -80
1910.01  1.34027e-06  -80
1915.01  1.34029e-06  -80
1920.01  1.34031e-06  -80
1925.01  1.34033e-06  -80
1930.01  1.34035e-06  -80
1935.01  1.34037e-06  -80
1940.01  1.3404e-06  -80
1945.01  1.34042e-06  -80
1950.01  1.34044e-06  -80
1955.01  1.34045e-06  -80
1960.01  1.34047e-06  -80
1965.01  1.34049e-06  -80
1970.01  1.34051e-06  -80
1975.01  1.34053e-06  -80
1980.01  1.34055e-06  -80
1985.01  1.34056e-06  -80
1990.01  1.34058e-06  -80
1995.01  1.3406e-06  -80
2000.01  1.34061e-06  -80
2005.01  1.34063e-06  -80
2010.01  1.34065e-06  -80
2015.01  1.34066e-06  -80
2020.01  1.34068e-06  -80
2025.01  1.34069e-06  -80
2030.01  1.34071e-06  -80
2035.01  1.34072e-06  -80
2040.01  1.34073e-06  -80
2045.01  1.34075e-06  -80
2050.01  1.34076e-06  -80
2055.01  1.34078e-06  -80
2060.01  1.34079e-06  -80
2065.01  1.3408e-06  -80
2070.01  1.34081e-06  -80
2075.01  1.34083e-06  -80
2080.01  1.34084e-06  -80
2085.01  1.34085e-06  -80
2090.01  1.34086e-06  -80
2095.01  1.34087e-06  -80
2100.01  1.34089e-06  -80
2105.01  1.3409e-06  -80
2110.01  1.34091e-06  -80
2115.01  1.34092e-06  -80
2120.01  1.34093e-06  -80
2125.01  1.34094e-06  -80
2130.01  1.34095e-06  -80
2135.01  1.34096e-06  -80
2140.01  1.34097e-06  -80
2145.01  1.34098e-06  -80
2150.01  1.34099e-06  -80
2155.01  1.341e-06  -80
2160.01  1.34101e-06  -80
2165.01  1.34102e-06  -80
2170.01  1.34103e-06  -80
2175.01  1.34103e-06  -80
2180.01  1.34104e-06  -80
2185.01  1.34105e-06  -80
2190.01  1.34106e-06  -80
2195.01  1.34107e-06  -80
2200.01  1.34107e-06  -80
2205.01  1.34108e-06  -80
2210.01  1.34109e-06  -80
2215.01  1.3411e-06  -80
2220.01  1.3411e-06  -80
2225.01  1.34111e-06  -80
2230.01  1.34112e-06  -80
2235.01  1.34113e-06  -80
2240.01  1.34113e-06  -80
2245.01  1.34114e-06  -80
2250.01  1.34115e-06  -80
2255.01  1.34115e-06  -80
2260.01  1.34116e-06  -80
2265.01  1.34117e-06  -80
2270.01  1.34117e-06  -80
2275.01  1.34118e-06  -80
2280.01  1.34118e-06  -80
2285.01  1.34119e-06  -80
2290.01  1.34119e-06  -80
2295.01  1.3412e-06  -80
2300.01  1.34121e-06  -80
2305.01  1.34121e-06  -80
2310.01  1.34122e-06  -80
2315.01  1.34122e-06  -80
2320.01  1.34123e-06  -80
2325.01  1.34123e-06  -80
2330.01  1.34124e-06  -80
2335.01  1.34124e-06  -80
2340.01  1.34125e-06  -80
2345.01  1.34125e-06  -80
2350.01  1.34125e-06  -80
2355.01  1.34126e-06  -80
2360.01  1.34126e-06  -80
2365.01  1.34127e-06  -80
2370.01  1.34127e-06  -80
2375.01  1.34128e-06  -80
2380.01  1.34128e-06  -80
2385.01  1.34128e-06  -80
2390.01  1.34129e-06  -80
2395.01  1.34129e-06  -80
2400.01  1.3413e-06  -80
2405.01  1.3413e-06  -80
2410.01  1.3413e-06  -80
2415.01  1.34131e-06  -80
2420.01  1.34131e-06  -80
2425.01  1.34131e-06  -80
2430.01  1.34132e-06  -80
2435.01  1.34132e-06  -80
2440.01  1.34132e-06  -80
2445.01  1.34133e-06  -80
2450.01  1.34133e-06  -80
2455.01  1.34133e-06  -80
2460.01  1.34134e-06  -80
2465.01  1.34134e-06  -80
2470.01  1.34134e-06  -80
2475.01  1.34135e-06  -80
2480.01  1.34135e-06  -80
2485.01  1.34135e-06  -80
2490.01  1.34135e-06  -80
2495.01  1.34136e-06  -80
2500.01  1.34136e-06  -80
2505.01  1.34136e-06  -80
2510.01  1.34136e-06  -80
2515.01  1.34137e-06  -80
2520.01  1.34137e-06  -80
2525.01  1.34137e-06  -80
2530.01  1.34137e-06  -80
2535.01  1.34138e-06  -80
2540.01  1.34138e-06  -80
2545.01  1.34138e-06  -80
2550.01  1.34138e-06  -80
2555.01  1.34138e-06  -80
2560.01  1.34139e-06  -80
2565.01  1.34139e-06  -80
2570.01  1.34139e-06  -80
2575.01  1.34139e-06  -80
2580.01  1.34139e-06  -80
2585.01  1.3414e-06  -80
2590.01  1.3414e-06  -80
2595.01  1.3414e-06  -80
2600.01  1.3414e-06  -80
2605.01  1.3414e-06  -80
2610.01  1.34141e-06  -80
2615.01  1.34141e-06  -80
2620.01  1.34141e-06  -80
2625.01  1.34141e-06  -80
2630.01  1.34141e-06  -80
2635.01  1.34141e-06  -80
2640.01  1.34142e-06  -80
2645.01  1.34142e-06  -80
2650.01  1.34142e-06  -80
2655.01  1.34142e-06  -80
2660.01  1.34142e-06  -80
2665.01  1.34142e-06  -80
2670.01  1.34142e-06  -80
2675.01  1.34143e-06  -80
2680.01  1.34143e-06  -80
2685.01  1.34143e-06  -80
2690.01  1.34143e-06  -80
2695.01  1.34143e-06  -80
2700.01  1.34143e-06  -80
2705.01  1.34143e-06  -80
2710.01  1.34143e-06  -80
2715.01  1.34144e-06  -80
2720.01  1.34144e-06  -80
2725.01  1.34144e-06  -80
2730.01  1.34144e-06  -80
2735.01  1.34144e-06  -80
2740.01  1.34144e-06  -80
2745.01  1.34144e-06  -80
2750.01  1.34144e-06  -80
2755.01  1.34144e-06  -80
2760.01  1.34145e-06  -80
2765.01  1.34145e-06  -80
2770.01  1.34145e-06  -80
2775.01  1.34145e-06  -80
2780.01  1.34145e-06  -80
2785.01  1.34145e-06  -80
2790.01  1.34145e-06  -80
2795.01  1.34145e-06  -80
2800.01  1.34145e-06  -80
2805.01  1.34145e-06  -80
2810.01  1.34146e-06  -80
2815.01  1.34146e-06  -80
2820.01  1.34146e-06  -80
2825.01  1.34146e-06  -80
2830.01  1.34146e-06  -80
2835.01  1.34146e-06  -80
2840.01  1.34146e-06  -80
2845.01  1.34146e-06  -80
2850.01  1.34146e-06  -80
2855.01  1.34146e-06  -80
2860.01  1.34146e-06  -80
2865.01  1.34146e-06  -80
2870.01  1.34146e-06  -80
2875.01  1.34146e-06  -80
2880.01  1.34147e-06  -80
2885.01  1.34147e-06  -80
2890.01  1.34147e-06  -80
2895.01  1.34147e-06  -80
2900.01  1.34147e-06  -80
2905.01  1.34147e-06  -80
2910.01  1.34147e-06  -80
2915.01  1.34147e-06  -80
2920.01  1.34147e-06  -80
2925.01  1.34147e-06  -80
2930.01  1.34147e-06  -80
2935.01  1.34147e-06  -80
2940.01  1.34147e-06  -80
2945.01  1.34147e-06  -80
2950.01  1.34147e-06  -80
2955.01  1.34147e-06  -80
2960.01  1.34147e-06  -80
2965.01  1.34147e-06  -80
2970.01  1.34148e-06  -80
2975.01  1.34148e-06  -80
2980.01  1.34148e-06  -80
2985.01  1.34148e-06  -80
2990.01  1.34148e-06  -80
2995.01  1.34148e-06  -80
3000.01  1.34148e-06  -80
3005.01  1.34148e-06  -80
3010.01  1.34148e-06  -80
3015.01  1.34148e-06  -80
3020.01  1.34148e-06  -80
3025.01  1.34148e-06  -80
3030.01  1.34148e-06  -80
3035.01  1.34148e-06  -80
3040.01  1.34148e-06  -80
3045.01  1.34148e-06  -80
3050.01  1.34148e-06  -80
3055.01  1.34148e-06  -80
3060.01  1.34148e-06  -80
3065.01  1.34148e-06  -80
3070.01  1.34148e-06  -80
3075.01  1.34148e-06  -80
3080.01  1.34148e-06  -80
3085.01  1.34148e-06  -80
3090.01  1.34148e-06  -80
3095.01  1.34148e-06  -80
3100.01  1.34148e-06  -80
3105.01  1.34149e-06  -80
3110.01  1.34149e-06  -80
3115.01  1.34149e-06  -80
3120.01  1.34149e-06  -80
3125.01  1.34149e-06  -80
3130.01  1.34149e-06  -80
3135.01  1.34149e-06  -80
3140.01  1.34149e-06  -80
3145.01  1.34149e-06  -80
3150.01  1.34149e-06  -80
3155.01  1.34149e-06  -80
3160.01  1.34149e-06  -80
3165.01  1.34149e-06  -80
3170.01  1.34149e-06  -80
3175.01  1.34149e-06  -80
3180.01  1.34149e-06  -80
3185.01  1.34149e-06  -80
3190.01  1.34149e-06  -80
3195.01  1.34149e-06  -80
3200.01  1.34149e-06  -80
3205.01  1.34149e-06  -80
3210.01  1.34149e-06  -80
3215.01  1.34149e-06  -80
3220.01  1.34149e-06  -80
3225.01  1.34149e-06  -80
3230.01  1.34149e-06  -80
3235.01  1.34149e-06  -80
3240.01  1.34149e-06  -80
3245.01  1.34149e-06  -80
3250.01  1.34149e-06  -80
3255.01  1.34149e-06  -80
3260.01  1.34149e-06  -80
3265.01  1.34149e-06  -80
3270.01  1.34149e-06  -80
3275.01  1.34149e-06  -80
3280.01  1.34149e-06  -80
3285.01  1.34149e-06  -80
3290.01  1.34149e-06  -80
3295.01  1.34149e-06  -80
3300.01  1.34149e-06  -80
3305.01  1.34149e-06  -80
3310.01  1.34149e-06  -80
3315.01  1.34149e-06  -80
3320.01  1.34149e-06  -80
3325.01  1.34149e-06  -80
3330.01  1.34149e-06  -80
3335.01  1.34149e-06  -80
3340.01  1.34149e-06  -80
3345.01  1.34149e-06  -80
3350.01  1.34149e-06  -80
3355.01  1.34149e-06  -80
3360.01  1.34149e-06  -80
3365.01  1.34149e-06  -80
3370.01  1.34149e-06  -80
3375.01  1.34149e-06  -80
3380.01  1.34149e-06  -80
3385.01  1.3415e-06  -80
3390.01  1.3415e-06  -80
3395.01  1.3415e-06  -80
3400.01  1.3415e-06  -80
3405.01  1.3415e-06  -80
3410.01  1.3415e-06  -80
3415.01  1.3415e-06  -80
3420.01  1.3415e-06  -80
3425.01  1.3415e-06  -80
3430.01  1.3415e-06  -80
3435.01  1.3415e-06  -80
3440.01  1.3415e-06  -80
3445.01  1.3415e-06  -80
3450.01  1.3415e-06  -80
3455.01  1.3415e-06  -80
3460.01  1.3415e-06  -80
3465.01  1.3415e-06  -80
3470.01  1.3415e-06  -80
3475.01  1.3415e-06  -80
3480.01  1.3415e-06  -80
3485.01  1.3415e-06  -80
3490.01  1.3415e-06  -80
3495.01  1.3415e-06  -80
3500.01  1.3415e-06  -80
3505.01  1.3415e-06  -80
3510.01  1.3415e-06  -80
3515.01  1.3415e-06  -80
3520.01  1.3415e-06  -80
3525.01  1.3415e-06  -80
3530.01  1.3415e-06  -80
3535.01  1.3415e-06  -80
3540.01  1.3415e-06  -80
3545.01  1.3415e-06  -80
3550.01  1.3415e-06  -80
3555.01  1.3415e-06  -80
3560.01  1.3415e-06  -80
3565.01  1.3415e-06  -80
3570.01  1.3415e-06  -80
3575.01  1.3415e-06  -80
3580.01  1.3415e-06  -80
3585.01  1.3415e-06  -80
3590.01  1.3415e-06  -80
3595.01  1.3415e-06  -80
3600.01  1.3415e-06  -80
3605.01  1.3415e-06  -80
3610.01  1.3415e-06  -80
3615.01  1.3415e-06  -80
3620.01  1.3415e-06  -80
3625.01  1.3415e-06  -80
3630.01  1.3415e-06  -80
3635.01  1.3415e-06  -80
3640.01  1.3415e-06  -80
3645.01  1.3415e-06  -80
3650.01  1.3415e-06  -80
3655.01  1.3415e-06  -80
3660.01  1.3415e-06  -80
3665.01  1.3415e-06  -80
3670.01  1.3415e-06  -80
3675.01  1.3415e-06  -80
3680.01  1.3415e-06  -80
3685.01  1.3415e-06  -80
3690.01  1.3415e-06  -80
3695.01  1.3415e-06  -80
3700.01  1.3415e-06  -80
3705.01  1.3415e-06  -80
3710.01  1.3415e-06  -80
3715.01  1.3415e-06  -80
3720.01  1.3415e-06  -80
3725.01  1.3415e-06  -80
3730.01  1.3415e-06  -80
3735.01  1.3415e-06  -80
3740.01  1.3415e-06  -80
3745.01  1.3415e-06  -80
3750.01  1.3415e-06  -80
3755.01  1.3415e-06  -80
3760.01  1.3415e-06  -80
3765.01  1.3415e-06  -80
3770.01  1.3415e-06  -80
3775.01  1.3415e-06  -80
3780.01  1.3415e-06  -80
3785.01  1.3415e-06  -80
3790.01  1.3415e-06  -80
3795.01  1.3415e-06  -80
3800.01  1.3415e-06  -80
3805.01  1.3415e-06  -80
3810.01  1.3415e-06  -80
3815.01  1.3415e-06  -80
3820.01  1.3415e-06  -80
3825.01  1.3415e-06  -80
3830.01  1.3415e-06  -80
3835.01  1.3415e-06  -80
3840.01  1.3415e-06  -80
3845.01  1.3415e-06  -80
3850.01  1.3415e-06  -80
3855.01  1.3415e-06  -80
3860.01  1.3415e-06  -80
3865.01  1.3415e-06  -80
3870.01  1.3415e-06  -80
3875.01  1.3415e-06  -80
3880.01  1.3415e-06  -80
3885.01  1.3415e-06  -80
3890.01  1.3415e-06  -80
3895.01  1.3415e-06  -80
3900.01  1.3415e-06  -80
3905.01  1.3415e-06  -80
3910.01  1.3415e-06  -80
3915.01  1.3415e-06  -80
3920.01  1.3415e-06  -80
3925.01  1.3415e-06  -80
3930.01  1.3415e-06  -80
3935.01  1.3415e-06  -80
3940.01  1.3415e-06  -80
3945.01  1.3415e-06  -80
3950.01  1.3415e-06  -80
3955.01  1.3415e-06  -80
3960.01  1.3415e-06  -80
3965.01  1.3415e-06  -80
3970.01  1.3415e-06  -80
3975.01  1.3415e-06  -80
3980.01  1.3415e-06  -80
3985.01  1.3415e-06  -80
3990.01  1.3415e-06  -80
3995.01  1.3415e-06  -80
4000.01  1.3415e-06  -80
4005.01  1.3415e-06  -80
4010.01  1.3415e-06  -80
4015.01  1.3415e-06  -80
4020.01  1.3415e-06  -80
4025.01  1.3415e-06  -80
4030.01  1.3415e-06  -80
4035.01  1.3415e-06  -80
4040.01  1.3415e-06  -80
4045.01  1.3415e-06  -80
4050.01  1.3415e-06  -80
4055.01  1.3415e-06  -80
4060.01  1.3415e-06  -80
4065.01  1.3415e-06  -80
4070.01  1.3415e-06  -80
4075.01  1.3415e-06  -80
4080.01  1.3415e-06  -80
4085.01  1.3415e-06  -80
4090.01  1.3415e-06  -80
4095.01  1.3415e-06  -80
4100.01  1.3415e-06  -80
4105.01  1.3415e-06  -80
4110.01  1.3415e-06  -80
4115.01  1.3415e-06  -80
4120.01  1.3415e-06  -80
4125.01  1.3415e-06  -80
4130.01  1.3415e-06  -80
4135.01  1.3415e-06  -80
4140.01  1.3415e-06  -80
4145.01  1.3415e-06  -80
4150.01  1.3415e-06  -80
4155.01  1.3415e-06  -80
4160.01  1.3415e-06  -80
4165.01  1.3415e-06  -80
4170.01  1.3415e-06  -80
4175.01  1.3415e-06  -80
4180.01  1.3415e-06  -80
4185.01  1.3415e-06  -80
4190.01  1.3415e-06  -80
4195.01  1.3415e-06  -80
4200.01  1.3415e-06  -80
4205.01  1.3415e-06  -80
4210.01  1.3415e-06  -80
4215.01  1.3415e-06  -80
4220.01  1.3415e-06  -80
4225.01  1.3415e-06  -80
4230.01  1.3415e-06  -80
4235.01  1.3415e-06  -80
4240.01  1.3415e-06  -80
4245.01  1.3415e-06  -80
4250.01  1.3415e-06  -80
4255.01  1.3415e-06  -80
4260.01  1.3415e-06  -80
4265.01  1.3415e-06  -80
4270.01  1.3415e-06  -80
4275.01  1.3415e-06  -80
4280.01  1.3415e-06  -80
4285.01  1.3415e-06  -80
4290.01  1.3415e-06  -80
4295.01  1.3415e-06  -80
4300.01  1.3415e-06  -80
4305.01  1.3415e-06  -80
4310.01  1.3415e-06  -80
4315.01  1.3415e-06  -80
4320.01  1.3415e-06  -80
4325.01  1.3415e-06  -80
4330.01  1.3415e-06  -80
4335.01  1.3415e-06  -80
4340.01  1.3415e-06  -80
4345.01  1.3415e-06  -80
4350.01  1.3415e-06  -80
4355.01  1.3415e-06  -80
4360.01  1.3415e-06  -80
4365.01  1.3415e-06  -80
4370.01  1.3415e-06  -80
4375.01  1.3415e-06  -80
4380.01  1.3415e-06  -80
4385.01  1.3415e-06  -80
4390.01  1.3415e-06  -80
4395.01  1.3415e-06  -80
4400.01  1.3415e-06  -80
4405.01  1.3415e-06  -80
4410.01  1.3415e-06  -80
4415.01  1.3415e-06  -80
4420.01  1.3415e-06  -80
4425.01  1.3415e-06  -80
4430.01  1.3415e-06  -80
4435.01  1.3415e-06  -80
4440.01  1.3415e-06  -80
4445.01  1.3415e-06  -80
4450.01  1.3415e-06  -80
4455.01  1.3415e-06  -80
4460.01  1.3415e-06  -80
4465.01  1.3415e-06  -80
4470.01  1.3415e-06  -80
4475.01  1.3415e-06  -80
4480.01  1.3415e-06  -80
4485.01  1.3415e-06  -80
4490.01  1.3415e-06  -80
4495.01  1.3415e-06  -80
4500.01  1.3415e-06  -80
4505.01  1.3415e-06  -80
4510.01  1.3415e-06  -80
4515.01  1.3415e-06  -80
4520.01  1.3415e-06  -80
4525.01  1.3415e-06  -80
4530.01  1.3415e-06  -80
4535.01  1.3415e-06  -80
4540.01  1.3415e-06  -80
4545.01  1.3415e-06  -80
4550.01  1.3415e-06  -80
4555.01  1.3415e-06  -80
4560.01  1.3415e-06  -80
4565.01  1.3415e-06  -80
4570.01  1.3415e-06  -80
4575.01  1.3415e-06  -80
4580.01  1.3415e-06  -80
4585.01  1.3415e-06  -80
4590.01  1.3415e-06  -80
4595.01  1.3415e-06  -80
4600.01  1.3415e-06  -80
4605.01  1.3415e-06  -80
4610.01  1.3415e-06  -80
4615.01  1.3415e-06  -80
4620.01  1.3415e-06  -80
4625.01  1.3415e-06  -80
4630.01  1.3415e-06  -80
4635.01  1.3415e-06  -80
4640.01  1.3415e-06  -80
4645.01  1.3415e-06  -80
4650.01  1.3415e-06  -80
4655.01  1.3415e-06  -80
4660.01  1.3415e-06  -80
4665.01  1.3415e-06  -80
4670.01  1.3415e-06  -80
4675.01  1.3415e-06  -80
4680.01  1.3415e-06  -80
4685.01  1.3415e-06  -80
4690.01  1.3415e-06  -80
4695.01  1.3415e-06  -80
4700.01  1.3415e-06  -80
4705.01  1.3415e-06  -80
4710.01  1.3415e-06  -80
4715.01  1.3415e-06  -80
4720.01  1.3415e-06  -80
4725.01  1.3415e-06  -80
4730.01  1.3415e-06  -80
4735.01  1.3415e-06  -80
4740.01  1.3415e-06  -80
4745.01  1.3415e-06  -80
4750.01  1.3415e-06  -80
4755.01  1.3415e-06  -80
4760.01  1.3415e-06  -80
4765.01  1.3415e-06  -80
4770.01  1.3415e-06  -80
4775.01  1.3415e-06  -80
4780.01  1.3415e-06  -80
4785.01  1.3415e-06  -80
4790.01  1.3415e-06  -80
4795.01  1.3415e-06  -80
4800.01  1.3415e-06  -80
4805.01  1.3415e-06  -80
4810.01  1.3415e-06  -80
4815.01  1.3415e-06  -80
4820.01  1.3415e-06  -80
4825.01  1.3415e-06  -80
4830.01  1.3415e-06  -80
4835.01  1.3415e-06  -80
4840.01  1.3415e-06  -80
4845.01  1.3415e-06  -80
4850.01  1.3415e-06  -80
4855.01  1.3415e-06  -80
4860.01  1.3415e-06  -80
4865.01  1.3415e-06  -80
4870.01  1.3415e-06  -80
4875.01  1.3415e-06  -80
4880.01  1.3415e-06  -80
4885.01  1.3415e-06  -80
4890.01  1.3415e-06  -80
4895.01  1.3415e-06  -80
4900.01  1.3415e-06  -80
4905.01  1.3415e-06  -80
4910.01  1.3415e-06  -80
4915.01  1.3415e-06  -80
4920.01  1.3415e-06  -80
4925.01  1.3415e-06  -80
4930.01  1.3415e-06  -80
4935.01  1.3415e-06  -80
4940.01  1.3415e-06  -80
4945.01  1.3415e-06  -80
4950.01  1.3415e-06  -80
4955.01  1.3415e-06  -80
4960.01  1.3415e-06  -80
4965.01  1.3415e-06  -80
4970.01  1.3415e-06  -80
4975.01  1.3415e-06  -80
4980.01  1.3415e-06  -80
4985.01  1.3415e-06  -80
4990.01  1.3415e-06  -80
4995.01  1.3415e-06  -80
5000.01  1.3415e-06  -80
5005.01  1.3415e-06  -80
5010.01  1.3415e-06  -80
5015.01  1.3415e-06  -80
5020.01  1.3415e-06  -80
5025.01  1.3415e-06  -80
5030.01  1.3415e-06  -80
5035.01  1.3415e-06  -80
5040.01  1.3415e-06  -80
5045.01  1.3415e-06  -80
5050.01  1.3415e-06  -80
5055.01  1.3415e-06  -80
5060.01  1.3415e-06  -80
5065.01  1.3415e-06  -80
5070.01  1.3415e-06  -80
5075.01  1.3415e-06  -80
5080.01  1.3415e-06  -80
5085.01  1.3415e-06  -80
5090.01  1.3415e-06  -80
5095.01  1.3415e-06  -80
5100.01  1.3415e-06  -80
5105.01  1.3415e-06  -80
5110.01  1.3415e-06  -80
5115.01  1.3415e-06  -80
5120.01  1.3415e-06  -80
5125.01  1.3415e-06  -80
5130.01  1.3415e-06  -80
5135.01  1.3415e-06  -80
5140.01  1.3415e-06  -80
5145.01  1.3415e-06  -80
5150.01  1.3415e-06  -80
5155.01  1.3415e-06  -80
5160.01  1.3415e-06  -80
5165.01  1.3415e-06  -80
5170.01  1.3415e-06  -80
5175.01  1.3415e-06  -80
5180.01  1.3415e-06  -80
5185.01  1.3415e-06  -80
5190.01  1.3415e-06  -80
5195.01  1.3415e-06  -80
5200.01  1.3415e-06  -80
5205.01  1.3415e-06  -80
5210.01  1.3415e-06  -80
5215.01  1.3415e-06  -80
5220.01  1.3415e-06  -80
5225.01  1.3415e-06  -80
5230.01  1.3415e-06  -80
5235.01  1.3415e-06  -80
5240.01  1.3415e-06  -80
5245.01  1.3415e-06  -80
5250.01  1.3415e-06  -80
5255.01  1.3415e-06  -80
5260.01  1.3415e-06  -80
5265.01  1.3415e-06  -80
5270.01  1.3415e-06  -80
5275.01  1.3415e-06  -80
5280.01  1.3415e-06  -80
5285.01  1.3415e-06  -80
5290.01  1.3415e-06  -80
5295.01  1.3415e-06  -80
5300.01  1.3415e-06  -80
5305.01  1.3415e-06  -80
5310.01  1.3415e-06  -80
5315.01  1.3415e-06  -80
5320.01  1.3415e-06  -80
5325.01  1.3415e-06  -80
5330.01  1.3415e-06  -80
5335.01  1.3415e-06  -80
5340.01  1.3415e-06  -80
5345.01  1.3415e-06  -80
5350.01  1.3415e-06  -80
5355.01  1.3415e-06  -80
5360.01  1.3415e-06  -80
5365.01  1.3415e-06  -80
5370.01  1.3415e-06  -80
5375.01  1.3415e-06  -80
5380.01  1.3415e-06  -80
5385.01  1.3415e-06  -80
5390.01  1.3415e-06  -80
5395.01  1.3415e-06  -80
5400.01  1.3415e-06  -80
5405.01  1.3415e-06  -80
5410.01  1.3415e-06  -80
5415.01  1.3415e-06  -80
5420.01  1.3415e-06  -80
5425.01  1.3415e-06  -80
5430.01  1.3415e-06  -80
5435.01  1.3415e-06  -80
5440.01  1.3415e-06  -80
5445.01  1.3415e-06  -80
5450.01  1.3415e-06  -80
5455.01  1.3415e-06  -80
5460.01  1.3415e-06  -80
5465.01  1.3415e-06  -80
5470.01  1.3415e-06  -80
5475.01  1.3415e-06  -80
5480.01  1.3415e-06  -80
5485.01  1.3415e-06  -80
5490.01  1.3415e-06  -80
5495.01  1.3415e-06  -80
5500.01  1.3415e-06  -80
5505.01  1.3415e-06  -80
5510.01  1.3415e-06  -80
5515.01  1.3415e-06  -80
5520.01  1.3415e-06  -80
5525.01  1.3415e-06  -80
5530.01  1.3415e-06  -80
5535.01  1.3415e-06  -80
5540.01  1.3415e-06  -80
5545.01  1.3415e-06  -80
5550.01  1.3415e-06  -80
5555.01  1.3415e-06  -80
5560.01  1.3415e-06  -80
5565.01  1.3415e-06  -80
5570.01  1.3415e-06  -80
5575.01  1.3415e-06  -80
5580.01  1.3415e-06  -80
5585.01  1.3415e-06  -80
5590.01  1.3415e-06  -80
5595.01  1.3415e-06  -80
5600.01  1.3415e-06  -80
5605.01  1.3415e-06  -80
5610.01  1.3415e-06  -80
5615.01  1.3415e-06  -80
5620.01  1.3415e-06  -80
5625.01  1.3415e-06  -80
5630.01  1.3415e-06  -80
5635.01  1.3415e-06  -80
5640.01  1.3415e-06  -80
5645.01  1.3415e-06  -80
5650.01  1.3415e-06  -80
5655.01  1.3415e-06  -80
5660.01  1.3415e-06  -80
5665.01  1.3415e-06  -80
5670.01  1.3415e-06  -80
5675.01  1.3415e-06  -80
5680.01  1.3415e-06  -80
5685.01  1.3415e-06  -80
5690.01  1.3415e-06  -80
5695.01  1.3415e-06  -80
5700.01  1.3415e-06  -80
5705.01  1.3415e-06  -80
5710.01  1.3415e-06  -80
5715.01  1.3415e-06  -80
5720.01  1.3415e-06  -80
5725.01  1.3415e-06  -80
5730.01  1.3415e-06  -80
5735.01  1.3415e-06  -80
5740.01  1.3415e-06  -80
5745.01  1.3415e-06  -80
5750.01  1.3415e-06  -80
5755.01  1.3415e-06  -80
5760.01  1.3415e-06  -80
5765.01  1.3415e-06  -80
5770.01  1.3415e-06  -80
5775.01  1.3415e-06  -80
5780.01  1.3415e-06  -80
5785.01  1.3415e-06  -80
5790.01  1.3415e-06  -80
5795.01  1.3415e-06  -80
5800.01  1.3415e-06  -80
5805.01  1.3415e-06  -80
5810.01  1.3415e-06  -80
5815.01  1.3415e-06  -80
5820.01  1.3415e-06  -80
5825.01  1.3415e-06  -80
5830.01  1.3415e-06  -80
5835.01  1.3415e-06  -80
5840.01  1.3415e-06  -80
5845.01  1.3415e-06  -80
5850.01  1.3415e-06  -80
5855.01  1.3415e-06  -80
5860.01  1.3415e-06  -80
5865.01  1.3415e-06  -80
5870.01  1.3415e-06  -80
5875.01  1.3415e-06  -80
5880.01  1.3415e-06  -80
5885.01  1.3415e-06  -80
5890.01  1.3415e-06  -80
5895.01  1.3415e-06  -80
5900.01  1.3415e-06  -80
5905.01  1.3415e-06  -80
5910.01  1.3415e-06  -80
5915.01  1.3415e-06  -80
5920.01  1.3415e-06  -80
5925.01  1.3415e-06  -80
5930.01  1.3415e-06  -80
5935.01  1.3415e-06  -80
5940.01  1.3415e-06  -80
5945.01  1.3415e-06  -80
5950.01  1.3415e-06  -80
5955.01  1.3415e-06  -80
5960.01  1.3415e-06  -80
5965.01  1.3415e-06  -80
5970.01  1.3415e-06  -80
5975.01  1.3415e-06  -80
5980.01  1.3415e-06  -80
5985.01  1.3415e-06  -80
5990.01  1.3415e-06  -80
5995.01  1.3415e-06  -80
6000.01  1.3415e-06  -80
6005.01  1.3415e-06  -80
6010.01  1.3415e-06  -80
6015.01  1.3415e-06  -80
6020.01  1.3415e-06  -80
6025.01  1.3415e-06  -80
6030.01  1.3415e-06  -80
6035.01  1.3415e-06  -80
6040.01  1.3415e-06  -80
6045.01  1.3415e-06  -80
6050.01  1.3415e-06  -80
6055.01  1.3415e-06  -80
6060.01  1.3415e-06  -80
6065.01  1.3415e-06  -80
6070.01  1.3415e-06  -80
6075.01  1.3415e-06  -80
6080.01  1.3415e-06  -80
6085.01  1.3415e-06  -80
6090.01  1.3415e-06  -80
6095.01  1.3415e-06  -80
6100.01  1.3415e-06  -80
6105.01  1.3415e-06  -80
6110.01  1.3415e-06  -80
6115.01  1.3415e-06  -80
6120.01  1.3415e-06  -80
6125.01  1.3415e-06  -80
6130.01  1.3415e-06  -80
6135.01  1.3415e-06  -80
6140.01  1.3415e-06  -80
6145.01  1.3415e-06  -80
6150.01  1.3415e-06  -80
6155.01  1.3415e-06  -80
6160.01  1.3415e-06  -80
6165.01  1.3415e-06  -80
6170.01  1.3415e-06  -80
6175.01  1.3415e-06  -80
6180.01  1.3415e-06  -80
6185.01  1.3415e-06  -80
6190.01  1.3415e-06  -80
6195.01  1.3415e-06  -80
6200.01  1.3415e-06  -80
6205.01  1.3415e-06  -80
6210.01  1.3415e-06  -80
6215.01  1.3415e-06  -80
6220.01  1.3415e-06  -80
6225.01  1.3415e-06  -80
6230.01  1.3415e-06  -80
6235.01  1.3415e-06  -80
6240.01  1.3415e-06  -80
6245.01  1.3415e-06  -80
6250.01  1.3415e-06  -80
6255.01  1.3415e-06  -80
6260.01  1.3415e-06  -80
6265.01  1.3415e-06  -80
6270.01  1.3415e-06  -80
6275.01  1.3415e-06  -80
6280.01  1.3415e-06  -80
6285.01  1.3415e-06  -80
6290.01  1.3415e-06  -80
6295.01  1.3415e-06  -80
6300.01  1.3415e-06  -80
6305.01  1.3415e-06  -80
6310.01  1.3415e-06  -80
6315.01  1.3415e-06  -80
6320.01  1.3415e-06  -80
6325.01  1.3415e-06  -80
6330.01  1.3415e-06  -80
6335.01  1.3415e-06  -80
6340.01  1.3415e-06  -80
6345.01  1.3415e-06  -80
6350.01  1.3415e-06  -80
6355.01  1.3415e-06  -80
6360.01  1.3415e-06  -80
6365.01  1.3415e-06  -80
6370.01  1.3415e-06  -80
6375.01  1.3415e-06  -80
6380.01  1.3415e-06  -80
6385.01  1.3415e-06  -80
6390.01  1.3415e-06  -80
6395.01  1.3415e-06  -80
6400.01  1.3415e-06  -80
6405.01  1.3415e-06  -80
6410.01  1.3415e-06  -80
6415.01  1.3415e-06  -80
6420.01  1.3415e-06  -80
6425.01  1.3415e-06  -80
6430.01  1.3415e-06  -80
6435.01  1.3415e-06  -80
6440.01  1.3415e-06  -80
6445.01  1.3415e-06  -80
6450.01  1.3415e-06  -80
6455.01  1.3415e-06  -80
6460.01  1.3415e-06  -80
6465.01  1.3415e-06  -80
6470.01  1.3415e-06  -80
6475.01  1.3415e-06  -80
6480.01  1.3415e-06  -80
6485.01  1.3415e-06  -80
6490.01  1.3415e-06  -80
6495.01  1.3415e-06  -80
6500.01  1.3415e-06  -80
6505.01  1.3415e-06  -80
6510.01  1.3415e-06  -80
6515.01  1.3415e-06  -80
6520.01  1.3415e-06  -80
6525.01  1.3415e-06  -80
6530.01  1.3415e-06  -80
6535.01  1.3415e-06  -80
6540.01  1.3415e-06  -80
6545.01  1.3415e-06  -80
6550.01  1.3415e-06  -80
6555.01  1.3415e-06  -80
6560.01  1.3415e-06  -80
6565.01  1.3415e-06  -80
6570.01  1.3415e-06  -80
6575.01  1.3415e-06  -80
6580.01  1.3415e-06  -80
6585.01  1.3415e-06  -80
6590.01  1.3415e-06  -80
6595.01  1.3415e-06  -80
6600.01  1.3415e-06  -80
6605.01  1.3415e-06  -80
6610.01  1.3415e-06  -80
6615.01  1.3415e-06  -80
6620.01  1.3415e-06  -80
6625.01  1.3415e-06  -80
6630.01  1.3415e-06  -80
6635.01  1.3415e-06  -80
6640.01  1.3415e-06  -80
6645.01  1.3415e-06  -80
6650.01  1.3415e-06  -80
6655.01  1.3415e-06  -80
6660.01  1.3415e-06  -80
6665.01  1.3415e-06  -80
6670.01  1.3415e-06  -80
6675.01  1.3415e-06  -80
6680.01  1.3415e-06  -80
6685.01  1.3415e-06  -80
6690.01  1.3415e-06  -80
6695.01  1.3415e-06  -80
6700.01  1.3415e-06  -80
6705.01  1.3415e-06  -80
6710.01  1.3415e-06  -80
6715.01  1.3415e-06  -80
6720.01  1.3415e-06  -80
6725.01  1.3415e-06  -80
6730.01  1.3415e-06  -80
6735.01  1.3415e-06  -80
6740.01  1.3415e-06  -80
6745.01  1.3415e-06  -80
6750.01  1.3415e-06  -80
6755.01  1.3415e-06  -80
6760.01  1.3415e-06  -80
6765.01  1.3415e-06  -80
6770.01  1.3415e-06  -80
6775.01  1.3415e-06  -80
6780.01  1.3415e-06  -80
6785.01  1.3415e-06  -80
6790.01  1.3415e-06  -80
6795.01  1.3415e-06  -80
6800.01  1.3415e-06  -80
6805.01  1.3415e-06  -80
6810.01  1.3415e-06  -80
6815.01  1.3415e-06  -80
6820.01  1.3415e-06  -80
6825.01  1.3415e-06  -80
6830.01  1.3415e-06  -80
6835.01  1.3415e-06  -80
6840.01  1.3415e-06  -80
6845.01  1.3415e-06  -80
6850.01  1.3415e-06  -80
6855.01  1.3415e-06  -80
6860.01  1.3415e-06  -80
6865.01  1.3415e-06  -80
6870.01  1.3415e-06  -80
6875.01  1.3415e-06  -80
6880.01  1.3415e-06  -80
6885.01  1.3415e-06  -80
6890.01  1.3415e-06  -80
6895.01  1.3415e-06  -80
6900.01  1.3415e-06  -80
6905.01  1.3415e-06  -80
6910.01  1.3415e-06  -80
6915.01  1.3415e-06  -80
6920.01  1.3415e-06  -80
6925.01  1.3415e-06  -80
6930.01  1.3415e-06  -80
6935.01  1.3415e-06  -80
6940.01  1.3415e-06  -80
6945.01  1.3415e-06  -80
6950.01  1.3415e-06  -80
6955.01  1.3415e-06  -80
6960.01  1.3415e-06  -80
6965.01  1.3415e-06  -80
6970.01  1.3415e-06  -80
6975.01  1.3415e-06  -80
6980.01  1.3415e-06  -80
6985.01  1.3415e-06  -80
6990.01  1.3415e-06  -80
6995.01  1.3415e-06  -80
7000.01  1.3415e-06  -80
7005.01  1.3415e-06  -80
7010.01  1.3415e-06  -80
7015.01  1.3415e-06  -80
7020.01  1.3415e-06  -80
7025.01  1.3415e-06  -80
7030.01  1.3415e-06  -80
7035.01  1.3415e-06  -80
7040.01  1.3415e-06  -80
7045.01  1.3415e-06  -80
7050.01  1.3415e-06  -80
7055.01  1.3415e-06  -80
7060.01  1.3415e-06  -80
7065.01  1.3415e-06  -80
7070.01  1.3415e-06  -80
7075.01  1.3415e-06  -80
7080.01  1.3415e-06  -80
7085.01  1.3415e-06  -80
7090.01  1.3415e-06  -80
7095.01  1.3415e-06  -80
7100.01  1.3415e-06  -80
7105.01  1.3415e-06  -80
7110.01  1.3415e-06  -80
7115.01  1.3415e-06  -80
7120.01  1.3415e-06  -80
7125.01  1.3415e-06  -80
7130.01  1.3415e-06  -80
7135.01  1.3415e-06  -80
7140.01  1.3415e-06  -80
7145.01  1.3415e-06  -80
7150.01  1.3415e-06  -80
7155.01  1.3415e-06  -80
7160.01  1.3415e-06  -80
7165.01  1.3415e-06  -80
7170.01  1.3415e-06  -80
7175.01  1.3415e-06  -80
7180.01  1.3415e-06  -80
7185.01  1.3415e-06  -80
7190.01  1.3415e-06  -80
7195.01  1.3415e-06  -80
7200.01  1.3415e-06  -80
7205.01  1.3415e-06  -80
7210.01  1.3415e-06  -80
7215.01  1.3415e-06  -80
7220.01  1.3415e-06  -80
7225.01  1.3415e-06  -80
7230.01  1.3415e-06  -80
7235.01  1.3415e-06  -80
7240.01  1.3415e-06  -80
7245.01  1.3415e-06  -80
7250.01  1.3415e-06  -80
7255.01  1.3415e-06  -80
7260.01  1.3415e-06  -80
7265.01  1.3415e-06  -80
7270.01  1.3415e-06  -80
7275.01  1.3415e-06  -80
7280.01  1.3415e-06  -80
7285.01  1.3415e-06  -80
7290.01  1.3415e-06  -80
7295.01  1.3415e-06  -80
7300.01  1.3415e-06  -80
7305.01  1.3415e-06  -80
7310.01  1.3415e-06  -80
7315.01  1.3415e-06  -80
7320.01  1.3415e-06  -80
7325.01  1.3415e-06  -80
7330.01  1.3415e-06  -80
7335.01  1.3415e-06  -80
7340.01  1.3415e-06  -80
7345.01  1.3415e-06  -80
7350.01  1.3415e-06  -80
7355.01  1.3415e-06  -80
7360.01  1.3415e-06  -80
7365.01  1.3415e-06  -80
7370.01  1.3415e-06  -80
7375.01  1.3415e-06  -80
7380.01  1.3415e-06  -80
7385.01  1.3415e-06  -80
7390.01  1.3415e-06  -80
7395.01  1.3415e-06  -80
7400.01  1.3415e-06  -80
7405.01  1.3415e-06  -80
7410.01  1.3415e-06  -80
7415.01  1.3415e-06  -80
7420.01  1.3415e-06  -80
7425.01  1.3415e-06  -80
7430.01  1.3415e-06  -80
7435.01  1.3415e-06  -80
7440.01  1.3415e-06  -80
7445.01  1.3415e-06  -80
7450.01  1.3415e-06  -80
7455.01  1.3415e-06  -80
7460.01  1.3415e-06  -80
7465.01  1.3415e-06  -80
7470.01  1.3415e-06  -80
7475.01  1.3415e-06  -80
7480.01  1.3415e-06  -80
7485.01  1.3415e-06  -80
7490.01  1.3415e-06  -80
7495.01  1.3415e-06  -80
7500.01  1.3415e-06  -80
7505.01  1.3415e-06  -80
7510.01  1.3415e-06  -80
7515.01  1.3415e-06  -80
7520.01  1.3415e-06  -80
7525.01  1.3415e-06  -80
7530.01  1.3415e-06  -80
7535.01  1.3415e-06  -80
7540.01  1.3415e-06  -80
7545.01  1.3415e-06  -80
7550.01  1.3415e-06  -80
7555.01  1.3415e-06  -80
7560.01  1.3415e-06  -80
7565.01  1.3415e-06  -80
7570.01  1.3415e-06  -80
7575.01  1.3415e-06  -80
7580.01  1.3415e-06  -80
7585.01  1.3415e-06  -80
7590.01  1.3415e-06  -80
7595.01  1.3415e-06  -80
7600.01  1.3415e-06  -80
7605.01  1.3415e-06  -80
7610.01  1.3415e-06  -80
7615.01  1.3415e-06  -80
7620.01  1.3415e-06  -80
7625.01  1.3415e-06  -80
7630.01  1.3415e-06  -80
7635.01  1.3415e-06  -80
7640.01  1.3415e-06  -80
7645.01  1.3415e-06  -80
7650.01  1.3415e-06  -80
7655.01  1.3415e-06  -80
7660.01  1.3415e-06  -80
7665.01  1.3415e-06  -80
7670.01  1.3415e-06  -80
7675.01  1.3415e-06  -80
7680.01  1.3415e-06  -80
7685.01  1.3415e-06  -80
7690.01  1.3415e-06  -80
7695.01  1.3415e-06  -80
7700.01  1.3415e-06  -80
7705.01  1.3415e-06  -80
7710.01  1.3415e-06  -80
7715.01  1.3415e-06  -80
7720.01  1.3415e-06  -80
7725.01  1.3415e-06  -80
7730.01  1.3415e-06  -80
7735.01  1.3415e-06  -80
7740.01  1.3415e-06  -80
7745.01  1.3415e-06  -80
7750.01  1.3415e-06  -80
7755.01  1.3415e-06  -80
7760.01  1.3415e-06  -80
7765.01  1.3415e-06  -80
7770.01  1.3415e-06  -80
7775.01  1.3415e-06  -80
7780.01  1.3415e-06  -80
7785.01  1.3415e-06  -80
7790.01  1.3415e-06  -80
7795.01  1.3415e-06  -80
7800.01  1.3415e-06  -80
7805.01  1.3415e-06  -80
7810.01  1.3415e-06  -80
7815.01  1.3415e-06  -80
7820.01  1.3415e-06  -80
7825.01  1.3415e-06  -80
7830.01  1.3415e-06  -80
7835.01  1.3415e-06  -80
7840.01  1.3415e-06  -80
7845.01  1.3415e-06  -80
7850.01  1.3415e-06  -80
7855.01  1.3415e-06  -80
7860.01  1.3415e-06  -80
7865.01  1.3415e-06  -80
7870.01  1.3415e-06  -80
7875.01  1.3415e-06  -80
7880.01  1.3415e-06  -80
7885.01  1.3415e-06  -80
7890.01  1.3415e-06  -80
7895.01  1.3415e-06  -80
7900.01  1.3415e-06  -80
7905.01  1.3415e-06  -80
7910.01  1.3415e-06  -80
7915.01  1.3415e-06  -80
7920.01  1.3415e-06  -80
7925.01  1.3415e-06  -80
7930.01  1.3415e-06  -80
7935.01  1.3415e-06  -80
7940.01  1.3415e-06  -80
7945.01  1.3415e-06  -80
7950.01  1.3415e-06  -80
7955.01  1.3415e-06  -80
7960.01  1.3415e-06  -80
7965.01  1.3415e-06  -80
7970.01  1.3415e-06  -80
7975.01  1.3415e-06  -80
7980.01  1.3415e-06  -80
7985.01  1.3415e-06  -80
7990.01  1.3415e-06  -80
7995.01  1.3415e-06  -80
8000.01  1.3415e-06  -80
8005.01  1.3415e-06  -80
8010.01  1.3415e-06  -80
8015.01  1.3415e-06  -80
8020.01  1.3415e-06  -80
8025.01  1.3415e-06  -80
8030.01  1.3415e-06  -80
8035.01  1.3415e-06  -80
8040.01  1.3415e-06  -80
8045.01  1.3415e-06  -80
8050.01  1.3415e-06  -80
8055.01  1.3415e-06  -80
8060.01  1.3415e-06  -80
8065.01  1.3415e-06  -80
8070.01  1.3415e-06  -80
8075.01  1.3415e-06  -80
8080.01  1.3415e-06  -80
8085.01  1.3415e-06  -80
8090.01  1.3415e-06  -80
8095.01  1.3415e-06  -80
8100.01  1.3415e-06  -80
8105.01  1.3415e-06  -80
8110.01  1.3415e-06  -80
8115.01  1.3415e-06  -80
8120.01  1.3415e-06  -80
8125.01  1.3415e-06  -80
8130.01  1.3415e-06  -80
8135.01  1.3415e-06  -80
8140.01  1.3415e-06  -80
8145.01  1.3415e-06  -80
8150.01  1.3415e-06  -80
8155.01  1.3415e-06  -80
8160.01  1.3415e-06  -80
8165.01  1.3415e-06  -80
8170.01  1.3415e-06  -80
8175.01  1.3415e-06  -80
8180.01  1.3415e-06  -80
8185.01  1.3415e-06  -80
8190.01  1.3415e-06  -80
8195.01  1.3415e-06  -80
8200.01  1.3415e-06  -80
8205.01  1.3415e-06  -80
8210.01  1.3415e-06  -80
8215.01  1.3415e-06  -80
8220.01  1.3415e-06  -80
8225.01  1.3415e-06  -80
8230.01  1.3415e-06  -80
8235.01  1.3415e-06  -80
8240.01  1.3415e-06  -80
8245.01  1.3415e-06  -80
8250.01  1.3415e-06  -80
8255.01  1.3415e-06  -80
8260.01  1.3415e-06  -80
8265.01  1.3415e-06  -80
8270.01  1.3415e-06  -80
8275.01  1.3415e-06  -80
8280.01  1.3415e-06  -80
8285.01  1.3415e-06  -80
8290.01  1.3415e-06  -80
8295.01  1.3415e-06  -80
8300.01  1.3415e-06  -80
8305.01  1.3415e-06  -80
8310.01  1.3415e-06  -80
8315.01  1.3415e-06  -80
8320.01  1.3415e-06  -80
8325.01  1.3415e-06  -80
8330.01  1.3415e-06  -80
8335.01  1.3415e-06  -80
8340.01  1.3415e-06  -80
8345.01  1.3415e-06  -80
8350.01  1.3415e-06  -80
8355.01  1.3415e-06  -80
8360.01  1.3415e-06  -80
8365.01  1.3415e-06  -80
8370.01  1.3415e-06  -80
8375.01  1.3415e-06  -80
8380.01  1.3415e-06  -80
8385.01  1.3415e-06  -80
8390.01  1.3415e-06  -80
8395.01  1.3415e-06  -80
8400.01  1.3415e-06  -80
8405.01  1.3415e-06  -80
8410.01  1.3415e-06  -80
8415.01  1.3415e-06  -80
8420.01  1.3415e-06  -80
8425.01  1.3415e-06  -80
8430.01  1.3415e-06  -80
8435.01  1.3415e-06  -80
8440.01  1.3415e-06  -80
8445.01  1.3415e-06  -80
8450.01  1.3415e-06  -80
8455.01  1.3415e-06  -80
8460.01  1.3415e-06  -80
8465.01  1.3415e-06  -80
8470.01  1.3415e-06  -80
8475.01  1.3415e-06  -80
8480.01  1.3415e-06  -80
8485.01  1.3415e-06  -80
8490.01  1.3415e-06  -80
8495.01  1.3415e-06  -80
8500.01  1.3415e-06  -80
8505.01  1.3415e-06  -80
8510.01  1.3415e-06  -80
8515.01  1.3415e-06  -80
8520.01  1.3415e-06  -80
8525.01  1.3415e-06  -80
8530.01  1.3415e-06  -80
8535.01  1.3415e-06  -80
8540.01  1.3415e-06  -80
8545.01  1.3415e-06  -80
8550.01  1.3415e-06  -80
8555.01  1.3415e-06  -80
8560.01  1.3415e-06  -80
8565.01  1.3415e-06  -80
8570.01  1.3415e-06  -80
8575.01  1.3415e-06  -80
8580.01  1.3415e-06  -80
8585.01  1.3415e-06  -80
8590.01  1.3415e-06  -80
8595.01  1.3415e-06  -80
8600.01  1.3415e-06  -80
8605.01  1.3415e-06  -80
8610.01  1.3415e-06  -80
8615.01  1.3415e-06  -80
8620.01  1.3415e-06  -80
8625.01  1.3415e-06  -80
8630.01  1.3415e-06  -80
8635.01  1.3415e-06  -80
8640.01  1.3415e-06  -80
8645.01  1.3415e-06  -80
8650.01  1.3415e-06  -80
8655.01  1.3415e-06  -80
8660.01  1.3415e-06  -80
8665.01  1.3415e-06  -80
8670.01  1.3415e-06  -80
8675.01  1.3415e-06  -80
8680.01  1.3415e-06  -80
8685.01  1.3415e-06  -80
8690.01  1.3415e-06  -80
8695.01  1.3415e-06  -80
8700.01  1.3415e-06  -80
8705.01  1.3415e-06  -80
8710.01  1.3415e-06  -80
8715.01  1.3415e-06  -80
8720.01  1.3415e-06  -80
8725.01  1.3415e-06  -80
8730.01  1.3415e-06  -80
8735.01  1.3415e-06  -80
8740.01  1.3415e-06  -80
8745.01  1.3415e-06  -80
8750.01  1.3415e-06  -80
8755.01  1.3415e-06  -80
8760.01  1.3415e-06  -80
8765.01  1.3415e-06  -80
8770.01  1.3415e-06  -80
8775.01  1.3415e-06  -80
8780.01  1.3415e-06  -80
8785.01  1.3415e-06  -80
8790.01  1.3415e-06  -80
8795.01  1.3415e-06  -80
8800.01  1.3415e-06  -80
8805.01  1.3415e-06  -80
8810.01  1.3415e-06  -80
8815.01  1.3415e-06  -80
8820.01  1.3415e-06  -80
8825.01  1.3415e-06  -80
8830.01  1.3415e-06  -80
8835.01  1.3415e-06  -80
8840.01  1.3415e-06  -80
8845.01  1.3415e-06  -80
8850.01  1.3415e-06  -80
8855.01  1.3415e-06  -80
8860.01  1.3415e-06  -80
8865.01  1.3415e-06  -80
8870.01  1.3415e-06  -80
8875.01  1.3415e-06  -80
8880.01  1.3415e-06  -80
8885.01  1.3415e-06  -80
8890.01  1.3415e-06  -80
8895.01  1.3415e-06  -80
8900.01  1.3415e-06  -80
8905.01  1.3415e-06  -80
8910.01  1.3415e-06  -80
8915.01  1.3415e-06  -80
8920.01  1.3415e-06  -80
8925.01  1.3415e-06  -80
8930.01  1.3415e-06  -80
8935.01  1.3415e-06  -80
8940.01  1.3415e-06  -80
8945.01  1.3415e-06  -80
8950.01  1.3415e-06  -80
8955.01  1.3415e-06  -80
8960.01  1.3415e-06  -80
8965.01  1.3415e-06  -80
8970.01  1.3415e-06  -80
8975.01  1.3415e-06  -80
8980.01  1.3415e-06  -80
8985.01  1.3415e-06  -80
8990.01  1.3415e-06  -80
8995.01  1.3415e-06  -80
9000.01  1.3415e-06  -80
9005.01  1.3415e-06  -80
9010.01  1.3415e-06  -80
9015.01  1.3415e-06  -80
9020.01  1.3415e-06  -80
9025.01  1.3415e-06  -80
9030.01  1.3415e-06  -80
9035.01  1.3415e-06  -80
9040.01  1.3415e-06  -80
9045.01  1.3415e-06  -80
9050.01  1.3415e-06  -80
9055.01  1.3415e-06  -80
9060.01  1.3415e-06  -80
9065.01  1.3415e-06  -80
9070.01  1.3415e-06  -80
9075.01  1.3415e-06  -80
9080.01  1.3415e-06  -80
9085.01  1.3415e-06  -80
9090.01  1.3415e-06  -80
9095.01  1.3415e-06  -80
9100.01  1.3415e-06  -80
9105.01  1.3415e-06  -80
9110.01  1.3415e-06  -80
9115.01  1.3415e-06  -80
9120.01  1.3415e-06  -80
9125.01  1.3415e-06  -80
9130.01  1.3415e-06  -80
9135.01  1.3415e-06  -80
9140.01  1.3415e-06  -80
9145.01  1.3415e-06  -80
9150.01  1.3415e-06  -80
9155.01  1.3415e-06  -80
9160.01  1.3415e-06  -80
9165  1.3415e-06  -80
9170  1.3415e-06  -80
9175  1.3415e-06  -80
9180  1.3415e-06  -80
9185  1.3415e-06  -80
9190  1.3415e-06  -80
9195  1.3415e-06  -80
9200  1.3415e-06  -80
9205  1.3415e-06  -80
9210  1.3415e-06  -80
9215  1.3415e-06  -80
9220  1.3415e-06  -80
9225  1.3415e-06  -80
9230  1.3415e-06  -80
9235  1.3415e-06  -80
9240  1.3415e-06  -80
9245  1.3415e-06  -80
9250  1.3415e-06  -80
9255  1.3415e-06  -80
9260  1.3415e-06  -80
9265  1.3415e-06  -80
9270  1.3415e-06  -80
9275  1.3415e-06  -80
9280  1.3415e-06  -80
9285  1.3415e-06  -80
9290  1.3415e-06  -80
9295  1.3415e-06  -80
9300  1.3415e-06  -80
9305  1.3415e-06  -80
9310  1.3415e-06  -80
9315  1.3415e-06  -80
9320  1.3415e-06  -80
9325  1.3415e-06  -80
9330  1.3415e-06  -80
9335  1.3415e-06  -80
9340  1.3415e-06  -80
9345  1.3415e-06  -80
9350  1.3415e-06  -80
9355  1.3415e-06  -80
9360  1.3415e-06  -80
9365  1.3415e-06  -80
9370  1.3415e-06  -80
9375  1.3415e-06  -80
9380  1.3415e-06  -80
9385  1.3415e-06  -80
9390  1.3415e-06  -80
9395  1.3415e-06  -80
9400  1.3415e-06  -80
9405  1.3415e-06  -80
9410  1.3415e-06  -80
9415  1.3415e-06  -80
9420  1.3415e-06  -80
9425  1.3415e-06  -80
9430  1.3415e-06  -80
9435  1.3415e-06  -80
9440  1.3415e-06  -80
9445  1.3415e-06  -80
9450  1.3415e-06  -80
9455  1.3415e-06  -80
9460  1.3415e-06  -80
9465  1.3415e-06  -80
9470  1.3415e-06  -80
9475  1.3415e-06  -80
9480  1.3415e-06  -80
9485  1.3415e-06  -80
9490  1.3415e-06  -80
9495  1.3415e-06  -80
9500  1.3415e-06  -80
9505  1.3415e-06  -80
9510  1.3415e-06  -80
9515  1.3415e-06  -80
9520  1.3415e-06  -80
9525  1.3415e-06  -80
9530  1.3415e-06  -80
9535  1.3415e-06  -80
9540  1.3415e-06  -80
9545  1.3415e-06  -80
9550  1.3415e-06  -80
9555  1.3415e-06  -80
9560  1.3415e-06  -80
9565  1.3415e-06  -80
9570  1.3415e-06  -80
9575  1.3415e-06  -80
9580  1.3415e-06  -80
9585  1.3415e-06  -80
9590  1.3415e-06  -80
9595  1.3415e-06  -80
9600  1.3415e-06  -80
9605  1.3415e-06  -80
9610  1.3415e-06  -80
9615  1.3415e-06  -80
9620  1.3415e-06  -80
9625  1.3415e-06  -80
9630  1.3415e-06  -80
9635  1.3415e-06  -80
9640  1.3415e-06  -80
9645  1.3415e-06  -80
9650  1.3415e-06  -80
9655  1.3415e-06  -80
9660  1.3415e-06  -80
9665  1.3415e-06  -80
9670  1.3415e-06  -80
9675  1.3415e-06  -80
9680  1.3415e-06  -80
9685  1.3415e-06  -80
9690  1.3415e-06  -80
9695  1.3415e-06  -80
9700  1.3415e-06  -80
9705  1.3415e-06  -80
9710  1.3415e-06  -80
9715  1.3415e-06  -80
9720  1.3415e-06  -80
9725  1.3415e-06  -80
9730  1.3415e-06  -80
9735  1.3415e-06  -80
9740  1.3415e-06  -80
9745  1.3415e-06  -80
9750  1.3415e-06  -80
9755  1.3415e-06  -80
9760  1.3415e-06  -80
9765  1.3415e-06  -80
9770  1.3415e-06  -80
9775  1.3415e-06  -80
9780  1.3415e-06  -80
9785  1.3415e-06  -80
9790  1.3415e-06  -80
9795  1.3415e-06  -80
9800  1.3415e-06  -80
9805  1.3415e-06  -80
9810  1.3415e-06  -80
9815  1.3415e-06  -80
9820  1.3415e-06  -80
9825  1.3415e-06  -80
9830  1.3415e-06  -80
9835  1.3415e-06  -80
9840  1.3415e-06  -80
9845  1.3415e-06  -80
9850  1.3415e-06  -80
9855  1.3415e-06  -80
9860  1.3415e-06  -80
9865  1.3415e-06  -80
9870  1.3415e-06  -80
9875  1.3415e-06  -80
9880  1.3415e-06  -80
9885  1.3415e-06  -80
9890  1.3415e-06  -80
9895  1.3415e-06  -80
9900  1.3415e-06  -80
9905  1.3415e-06  -80
9910  1.3415e-06  -80
9915  1.3415e-06  -80
9920  1.3415e-06  -80
9925  1.3415e-06  -80
9930  1.3415e-06  -80
9935  1.3415e-06  -80
9940  1.3415e-06  -80
9945  1.3415e-06  -80
9950  1.3415e-06  -80
9955  1.3415e-06  -80
9960  1.3415e-06  -80
9965  1.3415e-06  -80
9970  1.3415e-06  -80
9975  1.3415e-06  -80
9980  1.3415e-06  -80
9985  1.3415e-06  -80
9990  1.3415e-06  -80
9995  1.3415e-06  -80
10000  4.22963e-05  40
10005  0.00114496  40
10010  0.00549686  40
10015  0.0117937  40
10020  0.0184917  40
10025  0.0247341  40
10030  0.0301754  40
10035  0.0347395  40
10040  0.0384686  40
10045  0.0414487  40
10050  0.0437755  40
10055  0.0455405  40
10060  0.0468263  40
10065  0.0477057  40
10070  0.0482421  40
10075  0.0484901  40
10080  0.048497  40
10085  0.0483033  40
10090  0.0479439  40
10095  0.0474487  40
10100  0.0468432  40
10105  0.0461493  40
10110  0.0453857  40
10115  0.0445683  40
10120  0.0437107  40
10125  0.0428242  40
10130  0.0419186  40
10135  0.041002  40
10140  0.0400813  40
10145  0.0391622  40
10150  0.0382494  40
10155  0.0373469  40
10160  0.0364578  40
10165  0.0355847  40
10170  0.0347297  40
10175  0.0338943  40
10180  0.0330799  40
10185  0.0322873  40
10190  0.0315172  40
10195  0.03077  40
10200  0.0300459  40
10205  0.0293449  40
10210  0.028667  40
10215  0.028012  40
10220  0.0273796  40
10225  0.0267694  40
10230  0.026181  40
10235  0.0256139  40
10240  0.0250677  40
10245  0.0245418  40
10250  0.0240357  40
10255  0.0235487  40
10260  0.0230803  40
10265  0.02263  40
10270  0.022197  40
10275  0.021781  40
10280  0.0213812  40
10285  0.0209971  40
10290  0.0206282  40
10295  0.020274  40
10300  0.0199338  40
10305  0.0196071  40
10310  0.0192936  40
10315  0.0189926  40
10320  0.0187037  40
10325  0.0184264  40
10330  0.0181603  40
10335  0.0179049  40
10340  0.0176599  40
10345  0.0174248  40
10350  0.0171992  40
10355  0.0169828  40
10360  0.0167752  40
10365  0.016576  40
10370  0.0163849  40
10375  0.0162016  40
10380  0.0160257  40
10385  0.0158571  40
10390  0.0156953  40
10395  0.0155401  40
10400  0.0153912  40
10405  0.0152485  40
10410  0.0151115  40
10415  0.0149802  40
10420  0.0148542  40
10425  0.0147334  40
10430  0.0146175  40
10435  0.0145064  40
10440  0.0143998  40
10445  0.0142975  40
10450  0.0141995  40
10455  0.0141054  40
10460  0.0140152  40
10465  0.0139287  40
10470  0.0138458  40
10475  0.0137662  40
10480  0.0136899  40
10485  0.0136167  40
10490  0.0135466  40
10495  0.0134793  40
10500  0.0134147  40
10505  0.0133528  40
10510  0.0132934  40
10515  0.0132365  40
10520  0.0131819  40
10525  0.0131295  40
10530  0.0130793  40
10535  0.0130311  40
10540  0.012985  40
10545  0.0129407  40
10550  0.0128982  40
10555  0.0128574  40
10560  0.0128184  40
10565  0.0127809  40
10570  0.012745  40
10575  0.0127105  40
10580  0.0126774  40
10585  0.0126457  40
10590  0.0126153  40
10595  0.0125862  40
10600  0.0125582  40
10605  0.0125314  40
10610  0.0125057  40
10615  0.0124811  40
10620  0.0124574  40
10625  0.0124347  40
10630  0.012413  40
10635  0.0123921  40
10640  0.0123721  40
10645  0.0123529  40
10650  0.0123345  40
10655  0.0123169  40
10660  0.0123  40
10665  0.0122837  40
10670  0.0122682  40
10675  0.0122532  40
10680  0.0122389  40
10685  0.0122252  40
10690  0.012212  40
10695  0.0121994  40
10700  0.0121873  40
10705  0.0121757  40
10710  0.0121646  40
10715  0.0121539  40
10720  0.0121436  40
10725  0.0121338  40
10730  0.0121244  40
10735  0.0121154  40
10740  0.0121067  40
10745  0.0120984  40
10750  0.0120904  40
10755  0.0120828  40
10760  0.0120755  40
10765  0.0120684  40
10770  0.0120617  40
10775  0.0120552  40
10780  0.012049  40
10785  0.0120431  40
10790  0.0120374  40
10795  0.0120319  40
10800  0.0120267  40
10805  0.0120217  40
10810  0.0120168  40
10815  0.0120122  40
10820  0.0120078  40
10825  0.0120035  40
10830  0.0119994  40
10835  0.0119955  40
10840  0.0119918  40
10845  0.0119882  40
10850  0.0119847  40
10855  0.0119814  40
10860  0.0119783  40
10865  0.0119752  40
10870  0.0119723  40
10875  0.0119695  40
10880  0.0119668  40
10885  0.0119642  40
10890  0.0119618  40
10895  0.0119594  40
10900  0.0119571  40
10905  0.011955  40
10910  0.0119529  40
10915  0.0119509  40
10920  0.0119489  40
10925  0.0119471  40
10930  0.0119453  40
10935  0.0119436  40
10940  0.011942  40
10945  0.0119405  40
10950  0.011939  40
10955  0.0119375  40
10960  0.0119362  40
10965  0.0119348  40
10970  0.0119336  40
10975  0.0119324  40
10980  0.0119312  40
10985  0.0119301  40
10990  0.011929  40
10995  0.011928  40
11000  -0.00444719  -120
11000  0.00425826  -50
11005  0.0651998  -50
11010  0.104235  -50
11015  0.129145  -50
11020  0.144942  -50
11025  0.154858  -50
11030  0.160978  -50
11035  0.164646  -50
11040  0.166733  -50
11045  0.167798  -50
11050  0.168205  -50
11055  0.168187  -50
11060  0.167897  -50
11065  0.167431  -50
11070  0.166854  -50
11075  0.166205  -50
11080  0.165512  -50
11085  0.164792  -50
11090  0.164054  -50
11095  0.163308  -50
11100  0.162556  -50
11105  0.161803  -50
11110  0.16105  -50
11115  0.160298  -50
11120  0.159548  -50
11125  0.158801  -50
11130  0.158056  -50
11135  0.157315  -50
11140  0.156577  -50
11145  0.155843  -50
11150  0.155111  -50
11155  0.154383  -50
11160  0.153659  -50
11165  0.152938  -50
11170  0.15222  -50
11175  0.151506  -50
11180  0.150795  -50
11185  0.150087  -50
11190  0.149383  -50
11195  0.148682  -50
11200  0.147984  -50
11205  0.14729  -50
11210  0.146598  -50
11215  0.145911  -50
11220  0.145226  -50
11225  0.144544  -50
11230  0.143866  -50
11235  0.143191  -50
11240  0.142519  -50
11245  0.141851  -50
11250  0.141185  -50
11255  0.140523  -50
11260  0.139864  -50
11265  0.139207  -50
11270  0.138554  -50
11275  0.137904  -50
11280  0.137258  -50
11285  0.136614  -50
11290  0.135973  -50
11295  0.135335  -50
11300  0.1347  -50
11305  0.134069  -50
11310  0.13344  -50
11315  0.132814  -50
11320  0.132191  -50
11325  0.131571  -50
11330  0.130954  -50
11335  0.13034  -50
11340  0.129729  -50
11345  0.12912  -50
11350  0.128515  -50
11355  0.127912  -50
11360  0.127312  -50
11365  0.126715  -50
11370  0.126121  -50
11375  0.12553  -50
11380  0.124941  -50
11385  0.124356  -50
11390  0.123773  -50
11395  0.123192  -50
11400  0.122615  -50
11405  0.12204  -50
11410  0.121468  -50
11415  0.120899  -50
11420  0.120332  -50
11425  0.119768  -50
11430  0.119206  -50
11435  0.118648  -50
11440  0.118092  -50
11445  0.117538  -50
11450  0.116987  -50
11455  0.116439  -50
11460  0.115893  -50
11465  0.11535  -50
11470  0.11481  -50
11475  0.114272  -50
11480  0.113736  -50
11485  0.113203  -50
11490  0.112673  -50
11495  0.112145  -50
11500  0.111619  -50
11505  0.111096  -50
11510  0.110576  -50
11515  0.110058  -50
11520  0.109542  -50
11525  0.109029  -50
11530  0.108518  -50
11535  0.10801  -50
11540  0.107504  -50
11545  0.107  -50
11550  0.106499  -50
11555  0.106  -50
11560  0.105504  -50
11565  0.10501  -50
11570  0.104518  -50
11575  0.104029  -50
11580  0.103541  -50
11585  0.103057  -50
11590  0.102574  -50
11595  0.102094  -50
11600  0.101616  -50
11605  0.10114  -50
11610  0.100666  -50
11615  0.100195  -50
11620  0.0997258  -50
11625  0.0992589  -50
11630  0.0987943  -50
11635  0.0983318  -50
11640  0.0978715  -50
11645  0.0974133  -50
11650  0.0969573  -50
11655  0.0965035  -50
11660  0.0960518  -50
11665  0.0956023  -50
11670  0.0951548  -50
11675  0.0947095  -50
11680  0.0942662  -50
11685  0.0938251  -50
11690  0.093386  -50
11695  0.0929491  -50
11700  0.0925141  -50
11705  0.0920812  -50
11710  0.0916504  -50
11715  0.0912216  -50
11720  0.0907948  -50
11725  0.09037  -50
11730  0.0899473  -50
11735  0.0895265  -50
11740  0.0891077  -50
11745  0.0886909  -50
11750  0.088276  -50
11755  0.0878631  -50
11760  0.0874522  -50
11765  0.0870432  -50
11770  0.0866361  -50
11775  0.0862309  -50
11780  0.0858277  -50
11785  0.0854263  -50
11790  0.0850268  -50
11795  0.0846293  -50
11800  0.0842336  -50
11805  0.0838397  -50
11810  0.0834477  -50
11815  0.0830576  -50
11820  0.0826693  -50
11825  0.0822829  -50
11830  0.0818982  -50
11835  0.0815154  -50
11840  0.0811344  -50
11845  0.0807551  -50
11850  0.0803777  -50
11855  0.0800021  -50
11860  0.0796282  -50
11865  0.079256  -50
11870  0.0788857  -50
11875  0.0785171  -50
11880  0.0781502  -50
11885  0.077785  -50
11890  0.0774216  -50
11895  0.0770599  -50
11900  0.0766999  -50
11905  0.0763415  -50
11910  0.0759849  -50
11915  0.07563  -50
11920  0.0752767  -50
11925  0.0749251  -50
11930  0.0745751  -50
11935  0.0742269  -50
11940  0.0738802  -50
11945  0.0735352  -50
11950  0.0731918  -50
11955  0.07285  -50
11960  0.0725098  -50
11965  0.0721713  -50
11970  0.0718343  -50
11975  0.071499  -50
11980  0.0711652  -50
11985  0.0708329  -50
11990  0.0705023  -50
11995  0.0701732  -50
12000  0.0698457  -50
12005  0.0695197  -50
12010  0.0691952  -50
12015  0.0688723  -50
12020  0.0685509  -50
12025  0.068231  -50
12030  0.0679126  -50
12035  0.0675957  -50
12040  0.0672803  -50
12045  0.0669664  -50
12050  0.066654  -50
12055  0.066343  -50
12060  0.0660336  -50
12065  0.0657255  -50
12070  0.065419  -50
12075  0.0651138  -50
12080  0.0648102  -50
12085  0.0645079  -50
12090  0.0642071  -50
12095  0.0639077  -50
12100  0.0636097  -50
12105  0.0633131  -50
12110  0.0630179  -50
12115  0.0627241  -50
12120  0.0624316  -50
12125  0.0621406  -50
12130  0.0618509  -50
12135  0.0615626  -50
12140  0.0612757  -50
12145  0.0609901  -50
12150  0.0607059  -50
12155  0.060423  -50
12160  0.0601414  -50
12165  0.0598612  -50
12170  0.0595822  -50
12175  0.0593046  -50
12180  0.0590283  -50
12185  0.0587533  -50
12190  0.0584796  -50
12195  0.0582072  -50
12200  0.0579361  -50
12205  0.0576663  -50
12210  0.0573977  -50
12215  0.0571304  -50
12220  0.0568644  -50
12225  0.0565996  -50
12230  0.056336  -50
12235  0.0560737  -50
12240  0.0558127  -50
12245  0.0555528  -50
12250  0.0552942  -50
12255  0.0550368  -50
12260  0.0547807  -50
12265  0.0545257  -50
12270  0.0542719  -50
12275  0.0540194  -50
12280  0.053768  -50
12285  0.0535178  -50
12290  0.0532688  -50
12295  0.053021  -50
12300  0.0527743  -50
12305  0.0525288  -50
12310  0.0522844  -50
12315  0.0520413  -50
12320  0.0517992  -50
12325  0.0515583  -50
12330  0.0513185  -50
12335  0.0510799  -50
12340  0.0508424  -50
12345  0.050606  -50
12350  0.0503707  -50
12355  0.0501365  -50
12360  0.0499035  -50
12365  0.0496715  -50
12370  0.0494406  -50
12375  0.0492108  -50
12380  0.0489821  -50
12385  0.0487545  -50
12390  0.0485279  -50
12395  0.0483025  -50
12400  0.048078  -50
12405  0.0478547  -50
12410  0.0476324  -50
12415  0.0474111  -50
12420  0.0471909  -50
12425  0.0469717  -50
12430  0.0467536  -50
12435  0.0465365  -50
12440  0.0463204  -50
12445  0.0461053  -50
12450  0.0458912  -50
12455  0.0456782  -50
12460  0.0454661  -50
12465  0.0452551  -50
12470  0.045045  -50
12475  0.044836  -50
12480  0.0446279  -50
12485  0.0444208  -50
12490  0.0442147  -50
12495  0.0440095  -50
12500  0.0438054  -50
12505  0.0436022  -50
12510  0.0433999  -50
12515  0.0431986  -50
12520  0.0429982  -50
12525  0.0427988  -50
12530  0.0426004  -50
12535  0.0424028  -50
12540  0.0422062  -50
12545  0.0420105  -50
12550  0.0418158  -50
12555  0.041622  -50
12560  0.041429  -50
12565  0.041237  -50
12570  0.0410459  -50
12575  0.0408557  -50
12580  0.0406664  -50
12585  0.040478  -50
12590  0.0402905  -50
12595  0.0401038  -50
12600  0.0399181  -50
12605  0.0397332  -50
12610  0.0395492  -50
12615  0.039366  -50
12620  0.0391837  -50
12625  0.0390023  -50
12630  0.0388217  -50
12635  0.038642  -50
12640  0.0384632  -50
12645  0.0382851  -50
12650  0.0381079  -50
12655  0.0379316  -50
12660  0.0377561  -50
12665  0.0375814  -50
12670  0.0374075  -50
12675  0.0372345  -50
12680  0.0370622  -50
12685  0.0368908  -50
12690  0.0367202  -50
12695  0.0365504  -50
12700  0.0363814  -50
12705  0.0362132  -50
12710  0.0360457  -50
12715  0.0358791  -50
12720  0.0357133  -50
12725  0.0355482  -50
12730  0.0353839  -50
12735  0.0352204  -50
12740  0.0350577  -50
12745  0.0348957  -50
12750  0.0347345  -50
12755  0.0345741  -50
12760  0.0344144  -50
12765  0.0342554  -50
12770  0.0340973  -50
12775  0.0339398  -50
12780  0.0337831  -50
12785  0.0336272  -50
12790  0.0334719  -50
12795  0.0333174  -50
12800  0.0331637  -50
12805  0.0330106  -50
12810  0.0328583  -50
12815  0.0327067  -50
12820  0.0325558  -50
12825  0.0324057  -50
12830  0.0322562  -50
12835  0.0321074  -50
12840  0.0319594  -50
12845  0.031812  -50
12850  0.0316653  -50
12855  0.0315194  -50
12860  0.0313741  -50
12865  0.0312295  -50
12870  0.0310856  -50
12875  0.0309423  -50
12880  0.0307998  -50
12885  0.0306579  -50
12890  0.0305166  -50
12895  0.0303761  -50
12900  0.0302362  -50
12905  0.030097  -50
12910  0.0299584  -50
12915  0.0298204  -50
12920  0.0296832  -50
12925  0.0295465  -50
12930  0.0294106  -50
12935  0.0292752  -50
12940  0.0291405  -50
12945  0.0290064  -50
12950  0.028873  -50
12955  0.0287402  -50
12960  0.028608  -50
12965  0.0284765  -50
12970  0.0283455  -50
12975  0.0282152  -50
12980  0.0280855  -50
12985  0.0279564  -50
12990  0.0278279  -50
12995  0.0277  -50
13000  0.0275727  -50
13005  0.0274461  -50
13010  0.02732  -50
13015  0.0271945  -50
13020  0.0270696  -50
13025  0.0269453  -50
13030  0.0268216  -50
13035  0.0266985  -50
13040  0.0265759  -50
13045  0.0264539  -50
13050  0.0263325  -50
13055  0.0262117  -50
13060  0.0260914  -50
13065  0.0259717  -50
13070  0.0258526  -50
13075  0.025734  -50
13080  0.025616  -50
13085  0.0254986  -50
13090  0.0253817  -50
13095  0.0252653  -50
13100  0.0251495  -50
13105  0.0250343  -50
13110  0.0249196  -50
13115  0.0248054  -50
13120  0.0246918  -50
13125  0.0245787  -50
13130  0.0244661  -50
13135  0.0243541  -50
13140  0.0242426  -50
13145  0.0241316  -50
13150  0.0240212  -50
13155  0.0239112  -50
13160  0.0238018  -50
13165  0.0236929  -50
13170  0.0235845  -50
13175  0.0234767  -50
13180  0.0233693  -50
13185  0.0232624  -50
13190  0.0231561  -50
13195  0.0230502  -50
13200  0.0229449  -50
13205  0.02284  -50
13210  0.0227357  -50
13215  0.0226318  -50
13220  0.0225284  -50
13225  0.0224255  -50
13230  0.0223231  -50
13235  0.0222212  -50
13240  0.0221197  -50
13245  0.0220188  -50
13250  0.0219183  -50
13255  0.0218183  -50
13260  0.0217187  -50
13265  0.0216197  -50
13270  0.021521  -50
13275  0.0214229  -50
13280  0.0213252  -50
13285  0.021228  -50
13290  0.0211312  -50
13295  0.0210349  -50
13300  0.0209391  -50
13305  0.0208437  -50
13310  0.0207487  -50
13315  0.0206542  -50
13320  0.0205602  -50
13325  0.0204666  -50
13330  0.0203734  -50
13335  0.0202807  -50
13340  0.0201884  -50
13345  0.0200965  -50
13350  0.0200051  -50
13355  0.0199141  -50
13360  0.0198235  -50
13365  0.0197334  -50
13370  0.0196437  -50
13375  0.0195544  -50
13380  0.0194655  -50
13385  0.019377  -50
13390  0.019289  -50
13395  0.0192014  -50
13400  0.0191142  -50
13405  0.0190274  -50
13410  0.018941  -50
13415  0.018855  -50
13420  0.0187695  -50
13425  0.0186843  -50
13430  0.0185995  -50
13435  0.0185151  -50
13440  0.0184312  -50
13445  0.0183476  -50
13450  0.0182644  -50
13455  0.0181816  -50
13460  0.0180992  -50
13465  0.0180172  -50
13470  0.0179356  -50
13475  0.0178544  -50
13480  0.0177735  -50
13485  0.017693  -50
13490  0.0176129  -50
13495  0.0175332  -50
13500  0.0174539  -50
13505  0.0173749  -50
13510  0.0172963  -50
13515  0.0172181  -50
13520  0.0171403  -50
13525  0.0170628  -50
13530  0.0169856  -50
13535  0.0169089  -50
13540  0.0168325  -50
13545  0.0167564  -50
13550  0.0166808  -50
13555  0.0166054  -50
13560  0.0165305  -50
13565  0.0164559  -50
13570  0.0163816  -50
13575  0.0163077  -50
13580  0.0162341  -50
13585  0.0161609  -50
13590  0.0160881  -50
13595  0.0160155  -50
13600  0.0159433  -50
13605  0.0158715  -50
13610  0.0158  -50
13615  0.0157288  -50
13620  0.015658  -50
13625  0.0155875  -50
13630  0.0155173  -50
13635  0.0154475  -50
13640  0.015378  -50
13645  0.0153088  -50
13650  0.01524  -50
13655  0.0151714  -50
13660  0.0151032  -50
13665  0.0150353  -50
13670  0.0149678  -50
13675  0.0149005  -50
13680  0.0148336  -50
13685  0.014767  -50
13690  0.0147007  -50
13695  0.0146347  -50
13700  0.014569  -50
13705  0.0145037  -50
13710  0.0144386  -50
13715  0.0143739  -50
13720  0.0143094  -50
13725  0.0142453  -50
13730  0.0141814  -50
13735  0.0141179  -50
13740  0.0140547  -50
13745  0.0139917  -50
13750  0.0139291  -50
13755  0.0138667  -50
13760  0.0138047  -50
13765  0.0137429  -50
13770  0.0136815  -50
13775  0.0136203  -50
13780  0.0135594  -50
13785  0.0134988  -50
13790  0.0134385  -50
13795  0.0133784  -50
13800  0.0133187  -50
13805  0.0132592  -50
13810  0.0132  -50
13815  0.0131411  -50
13820  0.0130825  -50
13825  0.0130241  -50
13830  0.0129661  -50
13835  0.0129082  -50
13840  0.0128507  -50
13845  0.0127935  -50
13850  0.0127365  -50
13855  0.0126797  -50
13860  0.0126233  -50
13865  0.0125671  -50
13870  0.0125112  -50
13875  0.0124555  -50
13880  0.0124001  -50
13885  0.012345  -50
13890  0.0122901  -50
13895  0.0122355  -50
13900  0.0121811  -50
13905  0.012127  -50
13910  0.0120732  -50
13915  0.0120196  -50
13920  0.0119662  -50
13925  0.0119131  -50
13930  0.0118603  -50
13935  0.0118077  -50
13940  0.0117553  -50
13945  0.0117033  -50
13950  0.0116514  -50
13955  0.0115998  -50
13960  0.0115484  -50
13965  0.0114973  -50
13970  0.0114464  -50
13975  0.0113958  -50
13980  0.0113454  -50
13985  0.0112952  -50
13990  0.0112453  -50
13995  0.0111956  -50
14000  0.0111461  -50
14005  0.0110969  -50
14010  0.0110479  -50
14015  0.0109992  -50
14020  0.0109506  -50
14025  0.0109023  -50
14030  0.0108542  -50
14035  0.0108064  -50
14040  0.0107588  -50
14045  0.0107114  -50
14050  0.0106642  -50
14055  0.0106173  -50
14060  0.0105705  -50
14065  0.010524  -50
14070  0.0104777  -50
14075  0.0104316  -50
14080  0.0103858  -50
14085  0.0103401  -50
14090  0.0102947  -50
14095  0.0102495  -50
14100  0.0102045  -50
14105  0.0101597  -50
14110  0.0101152  -50
14115  0.0100708  -50
14120  0.0100266  -50
14125  0.00998269  -50
14130  0.00993895  -50
14135  0.00989542  -50
14140  0.00985209  -50
14145  0.00980897  -50
14150  0.00976605  -50
14155  0.00972333  -50
14160  0.00968081  -50
14165  0.0096385  -50
14170  0.00959638  -50
14175  0.00955446  -50
14180  0.00951274  -50
14185  0.00947122  -50
14190  0.00942989  -50
14195  0.00938876  -50
14200  0.00934782  -50
14205  0.00930707  -50
14210  0.00926652  -50
14215  0.00922616  -50
14220  0.00918599  -50
14225  0.009146  -50
14230  0.00910621  -50
14235  0.0090666  -50
14240  0.00902718  -50
14245  0.00898795  -50
14250  0.0089489  -50
14255  0.00891004  -50
14260  0.00887135  -50
14265  0.00883285  -50
14270  0.00879454  -50
14275  0.0087564  -50
14280  0.00871844  -50
14285  0.00868066  -50
14290  0.00864306  -50
14295  0.00860564  -50
14300  0.00856839  -50
14305  0.00853132  -50
14310  0.00849443  -50
14315  0.00845771  -50
14320  0.00842116  -50
14325  0.00838478  -50
14330  0.00834858  -50
14335  0.00831254  -50
14340  0.00827668  -50
14345  0.00824098  -50
14350  0.00820545  -50
14355  0.0081701  -50
14360  0.0081349  -50
14365  0.00809988  -50
14370  0.00806501  -50
14375  0.00803032  -50
14380  0.00799578  -50
14385  0.00796141  -50
14390  0.0079272  -50
14395  0.00789316  -50
14400  0.00785927  -50
14405  0.00782554  -50
14410  0.00779197  -50
14415  0.00775856  -50
14420  0.00772531  -50
14425  0.00769222  -50
14430  0.00765928  -50
14435  0.00762649  -50
14440  0.00759386  -50
14445  0.00756139  -50
14450  0.00752906  -50
14455  0.00749689  -50
14460  0.00746488  -50
14465  0.00743301  -50
14470  0.00740129  -50
14475  0.00736972  -50
14480  0.0073383  -50
14485  0.00730703  -50
14490  0.00727591  -50
14495  0.00724493  -50
14500  0.0072141  -50
14505  0.00718342  -50
14510  0.00715288  -50
14515  0.00712248  -50
14520  0.00709223  -50
14525  0.00706212  -50
14530  0.00703215  -50
14535  0.00700232  -50
14540  0.00697263  -50
14545  0.00694309  -50
14550  0.00691368  -50
14555  0.00688441  -50
14560  0.00685528  -50
14565  0.00682629  -50
14570  0.00679743  -50
14575  0.00676871  -50
14580  0.00674013  -50
14585  0.00671168  -50
14590  0.00668336  -50
14595  0.00665518  -50
14600  0.00662713  -50
14605  0.00659921  -50
14610  0.00657142  -50
14615  0.00654377  -50
14620  0.00651624  -50
14625  0.00648885  -50
14630  0.00646158  -50
14635  0.00643445  -50
14640  0.00640744  -50
14645  0.00638056  -50
14650  0.0063538  -50
14655  0.00632717  -50
14660  0.00630067  -50
14665  0.00627429  -50
14670  0.00624804  -50
14675  0.00622191  -50
14680  0.0061959  -50
14685  0.00617002  -50
14690  0.00614425  -50
14695  0.00611861  -50
14700  0.00609309  -50
14705  0.00606769  -50
14710  0.00604241  -50
14715  0.00601725  -50
14720  0.00599221  -50
14725  0.00596729  -50
14730  0.00594248  -50
14735  0.00591779  -50
14740  0.00589322  -50
14745  0.00586876  -50
14750  0.00584442  -50
14755  0.00582019  -50
14760  0.00579608  -50
14765  0.00577208  -50
14770  0.00574819  -50
14775  0.00572442  -50
14780  0.00570076  -50
14785  0.00567721  -50
14790  0.00565377  -50
14795  0.00563044  -50
14800  0.00560723  -50
14805  0.00558412  -50
14810  0.00556112  -50
14815  0.00553823  -50
14820  0.00551544  -50
14825  0.00549277  -50
14830  0.0054702  -50
14835  0.00544774  -50
14840  0.00542538  -50
14845  0.00540313  -50
14850  0.00538098  -50
14855  0.00535894  -50
14860  0.005337  -50
14865  0.00531517  -50
14870  0.00529344  -50
14875  0.00527181  -50
14880  0.00525028  -50
14885  0.00522885  -50
14890  0.00520753  -50
14895  0.0051863  -50
14900  0.00516518  -50
14905  0.00514416  -50
14910  0.00512323  -50
14915  0.0051024  -50
14920  0.00508168  -50
14925  0.00506105  -50
14930  0.00504051  -50
14935  0.00502008  -50
14940  0.00499974  -50
14945  0.00497949  -50
14950  0.00495934  -50
14955  0.00493929  -50
14960  0.00491933  -50
