0.005  1.23818e-16  -80
5.005  8.50158e-09  -80
10.005  2.73393e-08  -80
15.005  4.98805e-08  -80
20.005  7.33964e-08  -80
25.005  9.68406e-08  -80
30.005  1.19859e-07  -80
35.005  1.42366e-07  -80
40.005  1.64367e-07  -80
45.005  1.85895e-07  -80
50.005  2.06981e-07  -80
55.005  2.27651e-07  -80
60.005  2.47925e-07  -80
65.005  2.67818e-07  -80
70.005  2.87343e-07  -80
75.005  3.06509e-07  -80
80.005  3.25324e-07  -80
85.005  3.43796e-07  -80
90.005  3.61931e-07  -80
95.005  3.79736e-07  -80
100.005  3.97217e-07  -80
105.005  4.14381e-07  -80
110.005  4.31232e-07  -80
115.005  4.47777e-07  -80
120.005  4.64022e-07  -80
125.005  4.79971e-07  -80
130.005  4.9563e-07  -80
135.005  5.11005e-07  -80
140.005  5.261e-07  -80
145.005  5.40921e-07  -80
150.005  5.55472e-07  -80
155.005  5.69759e-07  -80
160.005  5.83786e-07  -80
165.005  5.97558e-07  -80
170.005  6.1108e-07  -80
175.005  6.24356e-07  -80
180.005  6.37391e-07  -80
185.005  6.50189e-07  -80
190.005  6.62755e-07  -80
195.005  6.75091e-07  -80
200.005  6.87204e-07  -80
205.005  6.99097e-07  -80
210.005  7.10773e-07  -80
215.005  7.22237e-07  -80
220.005  7.33493e-07  -80
225.005  7.44544e-07  -80
230.005  7.55394e-07  -80
235.005  7.66048e-07  -80
240.005  7.76507e-07  -80
245.005  7.86776e-07  -80
250.005  7.96859e-07  -80
255.005  8.06758e-07  -80
260.005  8.16478e-07  -80
265.005  8.26021e-07  -80
270.005  8.3539e-07  -80
275.005  8.44589e-07  -80
280.005  8.53621e-07  -80
285.005  8.62489e-07  -80
290.005  8.71195e-07  -80
295.005  8.79744e-07  -80
300.005  8.88137e-07  -80
305.005  8.96377e-07  -80
310.005  9.04468e-07  -80
315.005  9.12411e-07  -80
320.005  9.2021e-07  -80
325.005  9.27868e-07  -80
330.005  9.35386e-07  -80
335.005  9.42767e-07  -80
340.005  9.50015e-07  -80
345.005  9.57131e-07  -80
350.005  9.64117e-07  -80
355.005  9.70976e-07  -80
360.005  9.77711e-07  -80
365.005  9.84323e-07  -80
370.005  9.90815e-07  -80
375.005  9.97189e-07  -80
380.005  1.00345e-06  -80
385.005  1.00959e-06  -80
390.005  1.01562e-06  -80
395.005  1.02155e-06  -80
400.005  1.02736e-06  -80
405.005  1.03307e-06  -80
410.005  1.03868e-06  -80
415.005  1.04418e-06  -80
420.005  1.04959e-06  -80
425.005  1.05489e-06  -80
430.005  1.0601e-06  -80
435.005  1.06522e-06  -80
440.005  1.07024e-06  -80
445.005  1.07517e-06  -80
450.005  1.08001e-06  -80
455.005  1.08476e-06  -80
460.005  1.08943e-06  -80
465.005  1.09401e-06  -80
470.005  1.09851e-06  -80
475.005  1.10293e-06  -80
480.005  1.10726e-06  -80
485.005  1.11152e-06  -80
490.005  1.1157e-06  -80
495.005  1.1198e-06  -80
500.005  1.12383e-06  -80
505.005  1.12779e-06  -80
510.005  1.13167e-06  -80
515.005  1.13549e-06  -80
520.005  1.13923e-06  -80
525.005  1.14291e-06  -80
530.005  1.14652e-06  -80
535.005  1.15006e-06  -80
540.005  1.15354e-06  -80
545.005  1.15696e-06  -80
550.005  1.16031e-06  -80
555.005  1.16361e-06  -80
560.005  1.16684e-06  -80
565.005  1.17001e-06  -80
570.005  1.17313e-06  -80
575.005  1.17619e-06  -80
580.005  1.1792e-06  -80
585.005  1.18215e-06  -80
590.005  1.18504e-06  -80
595.005  1.18789e-06  -80
600.005  1.19068e-06  -80
605.005  1.19342e-06  -80
610.005  1.19611e-06  -80
615.005  1.19875e-06  -80
620.005  1.20135e-06  -80
625.005  1.2039e-06  -80
630.005  1.2064e-06  -80
635.005  1.20885e-06  -80
640.005  1.21126e-06  -80
645.005  1.21363e-06  -80
650.005  1.21596e-06  -80
655.005  1.21824e-06  -80
660.005  1.22048e-06  -80
665.005  1.22268e-06  -80
670.005  1.22484e-06  -80
675.005  1.22696e-06  -80
680.005  1.22904e-06  -80
685.005  1.23108e-06  -80
690.005  1.23309e-06  -80
695.005  1.23506e-06  -80
700.005  1.237e-06  -80
705.005  1.2389e-06  -80
710.005  1.24076e-06  -80
715.005  1.24259e-06  -80
720.005  1.24439e-06  -80
725.005  1.24615e-06  -80
730.005  1.24789e-06  -80
735.005  1.24959e-06  -80
740.005  1.25126e-06  -80
745.005  1.2529e-06  -80
750.005  1.25451e-06  -80
755.005  1.25609e-06  -80
760.005  1.25764e-06  -80
765.005  1.25917e-06  -80
770.005  1.26066e-06  -80
775.005  1.26213e-06  -80
780.005  1.26358e-06  -80
785.005  1.26499e-06  -80
790.005  1.26638e-06  -80
795.005  1.26775e-06  -80
800.005  1.26909e-06  -80
805.005  1.2704e-06  -80
810.005  1.2717e-06  -80
815.005  1.27297e-06  -80
820.005  1.27421e-06  -80
825.005  1.27543e-06  -80
830.005  1.27664e-06  -80
835.005  1.27781e-06  -80
840.005  1.27897e-06  -80
845.005  1.28011e-06  -80
850.005  1.28122e-06  -80
855.005  1.28232e-06  -80
860.005  1.2834e-06  -80
865.005  1.28445e-06  -80
870.005  1.28549e-06  -80
875.005  1.28651e-06  -80
880.005  1.28751e-06  -80
885.005  1.28849e-06  -80
890.005  1.28945e-06  -80
895.005  1.2904e-06  -80
900.005  1.29133e-06  -80
905.005  1.29224e-06  -80
910.005  1.29313e-06  -80
915.005  1.29401e-06  -80
920.005  1.29488e-06  -80
925.005  1.29572e-06  -80
930.005  1.29656e-06  -80
935.005  1.29737e-06  -80
940.005  1.29817e-06  -80
945.005  1.29896e-06  -80
950.005  1.29974e-06  -80
955.005  1.30049e-06  -80
960.005  1.30124e-06  -80
965.005  1.30197e-06  -80
970.005  1.30269e-06  -80
975.005  1.3034e-06  -80
980.005  1.30409e-06  -80
985.005  1.30477e-06  -80
990.005  1.30544e-06  -80
995.005  1.30609e-06  -80
1000  1.30673e-06  -80
1005  1.30737e-06  -80
1010  1.30799e-06  -80
1015  1.3086e-06  -80
1020  1.30919e-06  -80
1025  1.30978e-06  -80
1030  1.31036e-06  -80
1035  1.31092e-06  -80
1040  1.31148e-06  -80
1045  1.31203e-06  -80
1050  1.31256e-06  -80
1055  1.31309e-06  -80
1060  1.3136e-06  -80
1065.01  1.31411e-06  -80
1070.01  1.31461e-06  -80
1075.01  1.3151e-06  -80
1080.01  1.31558e-06  -80
1085.01  1.31605e-06  -80
1090.01  1.31651e-06  -80
1095.01  1.31697e-06  -80
1100.01  1.31741e-06  -80
1105.01  1.31785e-06  -80
1110.01  1.31828e-06  -80
1115.01  1.3187e-06  -80
1120.01  1.31912e-06  -80
1125.01  1.31952e-06  -80
1130.01  1.31992e-06  -80
1135.01  1.32031e-06  -80
1140.01  1.3207e-06  -80
1145.01  1.32108e-06  -80
1150.01  1.32145e-06  -80
1155.01  1.32181e-06  -80
1160.01  1.32217e-06  -80
1165.01  1.32252e-06  -80
1170.01  1.32287e-06  -80
1175.01  1.32321e-06  -80
1180.01  1.32354e-06  -80
1185.01  1.32386e-06  -80
1190.01  1.32419e-06  -80
1195.01  1.3245e-06  -80
1200.01  1.32481e-06  -80
1205.01  1.32511e-06  -80
1210.01  1.32541e-06  -80
1215.01  1.3257e-06  -80
1220.01  1.32599e-06  -80
1225.01  1.32627e-06  -80
1230.01  1.32655e-06  -80
1235.01  1.32682e-06  -80
1240.01  1.32709e-06  -80
1245.01  1.32735e-06  -80
1250.01  1.32761e-06  -80
1255.01  1.32786e-06  -80
1260.01  1.32811e-06  -80
1265.01  1.32835e-06  -80
1270.01  1.32859e-06  -80
1275.01  1.32882e-06  -80
1280.01  1.32905e-06  -80
1285.01  1.32928e-06  -80
1290.01  1.3295e-06  -80
1295.01  1.32972e-06  -80
1300.01  1.32993e-06  -80
1305.01  1.33015e-06  -80
1310.01  1.33035e-06  -80
1315.01  1.33055e-06  -80
1320.01  1.33075e-06  -80
1325.01  1.33095e-06  -80
1330.01  1.33114e-06  -80
1335.01  1.33133e-06  -80
1340.01  1.33151e-06  -80
1345.01  1.33169e-06  -80
1350.01  1.33187e-06  -80
1355.01  1.33205e-06  -80
1360.01  1.33222e-06  -80
1365.01  1.33239e-06  -80
1370.01  1.33255e-06  -80
1375.01  1.33272e-06  -80
1380.01  1.33288e-06  -80
1385.01  1.33303e-06  -80
1390.01  1.33319e-06  -80
1395.01  1.33334e-06  -80
1400.01  1.33349e-06  -80
1405.01  1.33363e-06  -80
1410.01  1.33378e-06  -80
1415.01  1.33392e-06  -80
1420.01  1.33405e-06  -80
1425.01  1.33419e-06  -80
1430.01  1.33432e-06  -80
1435.01  1.33445e-06  -80
1440.01  1.33458e-06  -80
1445.01  1.33471e-06  -80
1450.01  1.33483e-06  -80
1455.01  1.33495e-06  -80
1460.01  1.33507e-06  -80
1465.01  1.33519e-06  -80
1470.01  1.3353e-06  -80
1475.01  1.33541e-06  -80
1480.01  1.33552e-06  -80
1485.01  1.33563e-06  -80
1490.01  1.33574e-06  -80
1495.01  1.33584e-06  -80
1500.01  1.33595e-06  -80
1505.01  1.33605e-06  -80
1510.01  1.33615e-06  -80
1515.01  1.33624e-06  -80
1520.01  1.33634e-06  -80
1525.01  1.33643e-06  -80
1530.01  1.33653e-06  -80
1535.01  1.33662e-06  -80
1540.01  1.33671e-06  -80
1545.01  1.33679e-06  -80
1550.01  1.33688e-06  -80
1555.01  1.33696e-06  -80
1560.01  1.33704e-06  -80
1565.01  1.33713e-06  -80
1570.01  1.33721e-06  -80
1575.01  1.33728e-06  -80
1580.01  1.33736e-06  -80
1585.01  1.33744e-06  -80
1590.01  1.33751e-06  -80
1595.01  1.33758e-06  -80
1600.01  1.33765e-06  -80
1605.01  1.33772e-06  -80
1610.01  1.33779e-06  -80
1615.01  1.33786e-06  -80
1620.01  1.33793e-06  -80
1625.01  1.33799e-06  -80
1630.01  1.33805e-06  -80
1635.01  1.33812e-06  -80
1640.01  1.33818e-06  -80
1645.01  1.33824e-06  -80
1650.01  1.3383e-06  -80
1655.01  1.33836e-06  -80
1660.01  1.33841e-06  -80
1665.01  1.33847e-06  -80
1670.01  1.33852e-06  -80
1675.01  1.33858e-06  -80
1680.01  1.33863e-06  -80
1685.01  1.33868e-06  -80
1690.01  1.33873e-06  -80
1695.01  1.33879e-06  -80
1700.01  1.33883e-06  -80
1705.01  1.33888e-06  -80
1710.01  1.33893e-06  -80
1715.01  1.33898e-06  -80
1720.01  1.33902e-06  -80
1725.01  1.33907e-06  -80
1730.01  1.33911e-06  -80
1735.01  1.33916e-06  -80
1740.01  1.3392e-06  -80
1745.01  1.33924e-06  -80
1750.01  1.33928e-06  -80
1755.01  1.33932e-06  -80
1760.01  1.33936e-06  -80
1765.01  1.3394e-06  -80
1770.01  1.33944e-06  -80
1775.01  1.33948e-06  -80
1780.01  1.33951e-06  -80
1785.01  1.33955e-06  -80
1790.01  1.33958e-06  -80
1795.01  1.33962e-06  -80
1800.01  1.33965e-06  -80
1805.01  1.33969e-06  -80
1810.01  1.33972e-06  -80
1815.01  1.33975e-06  -80
1820.01  1.33978e-06  -80
1825.01  1.33982e-06  -80
1830.01  1.33985e-06  -80
1835.01  1.33988e-06  -80
1840.01  1.33991e-06  -80
1845.01  1.33993e-06  -80
1850.01  1.33996e-06  -80
1855.01  1.33999e-06  -80
1860.01  1.34002e-06  -80
1865.01  1.34005e-06  -80
1870.01  1.34007e-06  -80
1875.01  1.3401e-06  -80
1880.01  1.34012e-06  -80
1885.01  1.34015e-06  -80
1890.01  1.34017e-06  -80
1895.01  1.3402e-06  -80
1900.01  1.34022e-06  -80
1905.01  1.34024e-06  -80
1910.01  1.34027e-06  -80
1915.01  1.34029e-06  -80
1920.01  1.34031e-06  -80
1925.01  1.34033e-06  -80
1930.01  1.34035e-06  -80
1935.01  1.34037e-06  -80
1940.01  1.3404e-06  -80
1945.01  1.34042e-06  -80
1950.01  1.34044e-06  -80
1955.01  1.34045e-06  -80
1960.01  1.34047e-06  -80
1965.01  1.34049e-06  -80
1970.01  1.34051e-06  -80
1975.01  1.34053e-06  -80
1980.01  1.34055e-06  -80
1985.01  1.34056e-06  -80
1990.01  1.34058e-06  -80
1995.01  1.3406e-06  -80
2000.01  1.34061e-06  -80
2005.01  1.34063e-06  -80
2010.01  1.34065e-06  -80
2015.01  1.34066e-06  -80
2020.01  1.34068e-06  -80
2025.01  1.34069e-06  -80
2030.01  1.34071e-06  -80
2035.01  1.34072e-06  -80
2040.01  1.34073e-06  -80
2045.01  1.34075e-06  -80
2050.01  1.34076e-06  -80
2055.01  1.34078e-06  -80
2060.01  1.34079e-06  -80
2065.01  1.3408e-06  -80
2070.01  1.34081e-06  -80
2075.01  1.34083e-06  -80
2080.01  1.34084e-06  -80
2085.01  1.34085e-06  -80
2090.01  1.34086e-06  -80
2095.01  1.34087e-06  -80
2100.01  1.34089e-06  -80
2105.01  1.3409e-06  -80
2110.01  1.34091e-06  -80
2115.01  1.34092e-06  -80
2120.01  1.34093e-06  -80
2125.01  1.34094e-06  -80
2130.01  1.34095e-06  -80
2135.01  1.34096e-06  -80
2140.01  1.34097e-06  -80
2145.01  1.34098e-06  -80
2150.01  1.34099e-06  -80
2155.01  1.341e-06  -80
2160.01  1.34101e-06  -80
2165.01  1.34102e-06  -80
2170.01  1.34103e-06  -80
2175.01  1.34103e-06  -80
2180.01  1.34104e-06  -80
2185.01  1.34105e-06  -80
2190.01  1.34106e-06  -80
2195.01  1.34107e-06  -80
2200.01  1.34107e-06  -80
2205.01  1.34108e-06  -80
2210.01  1.34109e-06  -80
2215.01  1.3411e-06  -80
2220.01  1.3411e-06  -80
2225.01  1.34111e-06  -80
2230.01  1.34112e-06  -80
2235.01  1.34113e-06  -80
2240.01  1.34113e-06  -80
2245.01  1.34114e-06  -80
2250.01  1.34115e-06  -80
2255.01  1.34115e-06  -80
2260.01  1.34116e-06  -80
2265.01  1.34117e-06  -80
2270.01  1.34117e-06  -80
2275.01  1.34118e-06  -80
2280.01  1.34118e-06  -80
2285.01  1.34119e-06  -80
2290.01  1.34119e-06  -80
2295.01  1.3412e-06  -80
2300.01  1.34121e-06  -80
2305.01  1.34121e-06  -80
2310.01  1.34122e-06  -80
2315.01  1.34122e-06  -80
2320.01  1.34123e-06  -80
2325.01  1.34123e-06  -80
2330.01  1.34124e-06  -80
2335.01  1.34124e-06  -80
2340.01  1.34125e-06  -80
2345.01  1.34125e-06  -80
2350.01  1.34125e-06  -80
2355.01  1.34126e-06  -80
2360.01  1.34126e-06  -80
2365.01  1.34127e-06  -80
2370.01  1.34127e-06  -80
2375.01  1.34128e-06  -80
2380.01  1.34128e-06  -80
2385.01  1.34128e-06  -80
2390.01  1.34129e-06  -80
2395.01  1.34129e-06  -80
2400.01  1.3413e-06  -80
2405.01  1.3413e-06  -80
2410.01  1.3413e-06  -80
2415.01  1.34131e-06  -80
2420.01  1.34131e-06  -80
2425.01  1.34131e-06  -80
2430.01  1.34132e-06  -80
2435.01  1.34132e-06  -80
2440.01  1.34132e-06  -80
2445.01  1.34133e-06  -80
2450.01  1.34133e-06  -80
2455.01  1.34133e-06  -80
2460.01  1.34134e-06  -80
2465.01  1.34134e-06  -80
2470.01  1.34134e-06  -80
2475.01  1.34135e-06  -80
2480.01  1.34135e-06  -80
2485.01  1.34135e-06  -80
2490.01  1.34135e-06  -80
2495.01  1.34136e-06  -80
2500.01  1.34136e-06  -80
2505.01  1.34136e-06  -80
2510.01  1.34136e-06  -80
2515.01  1.34137e-06  -80
2520.01  1.34137e-06  -80
2525.01  1.34137e-06  -80
2530.01  1.34137e-06  -80
2535.01  1.34138e-06  -80
2540.01  1.34138e-06  -80
2545.01  1.34138e-06  -80
2550.01  1.34138e-06  -80
2555.01  1.34138e-06  -80
2560.01  1.34139e-06  -80
2565.01  1.34139e-06  -80
2570.01  1.34139e-06  -80
2575.01  1.34139e-06  -80
2580.01  1.34139e-06  -80
2585.01  1.3414e-06  -80
2590.01  1.3414e-06  -80
2595.01  1.3414e-06  -80
2600.01  1.3414e-06  -80
2605.01  1.3414e-06  -80
2610.01  1.34141e-06  -80
2615.01  1.34141e-06  -80
2620.01  1.34141e-06  -80
2625.01  1.34141e-06  -80
2630.01  1.34141e-06  -80
2635.01  1.34141e-06  -80
2640.01  1.34142e-06  -80
2645.01  1.34142e-06  -80
2650.01  1.34142e-06  -80
2655.01  1.34142e-06  -80
2660.01  1.34142e-06  -80
2665.01  1.34142e-06  -80
2670.01  1.34142e-06  -80
2675.01  1.34143e-06  -80
2680.01  1.34143e-06  -80
2685.01  1.34143e-06  -80
2690.01  1.34143e-06  -80
2695.01  1.34143e-06  -80
2700.01  1.34143e-06  -80
2705.01  1.34143e-06  -80
2710.01  1.34143e-06  -80
2715.01  1.34144e-06  -80
2720.01  1.34144e-06  -80
2725.01  1.34144e-06  -80
2730.01  1.34144e-06  -80
2735.01  1.34144e-06  -80
2740.01  1.34144e-06  -80
2745.01  1.34144e-06  -80
2750.01  1.34144e-06  -80
2755.01  1.34144e-06  -80
2760.01  1.34145e-06  -80
2765.01  1.34145e-06  -80
2770.01  1.34145e-06  -80
2775.01  1.34145e-06  -80
2780.01  1.34145e-06  -80
2785.01  1.34145e-06  -80
2790.01  1.34145e-06  -80
2795.01  1.34145e-06  -80
2800.01  1.34145e-06  -80
2805.01  1.34145e-06  -80
2810.01  1.34146e-06  -80
2815.01  1.34146e-06  -80
2820.01  1.34146e-06  -80
2825.01  1.34146e-06  -80
2830.01  1.34146e-06  -80
2835.01  1.34146e-06  -80
2840.01  1.34146e-06  -80
2845.01  1.34146e-06  -80
2850.01  1.34146e-06  -80
2855.01  1.34146e-06  -80
2860.01  1.34146e-06  -80
2865.01  1.34146e-06  -80
2870.01  1.34146e-06  -80
2875.01  1.34146e-06  -80
2880.01  1.34147e-06  -80
2885.01  1.34147e-06  -80
2890.01  1.34147e-06  -80
2895.01  1.34147e-06  -80
2900.01  1.34147e-06  -80
2905.01  1.34147e-06  -80
2910.01  1.34147e-06  -80
2915.01  1.34147e-06  -80
2920.01  1.34147e-06  -80
2925.01  1.34147e-06  -80
2930.01  1.34147e-06  -80
2935.01  1.34147e-06  -80
2940.01  1.34147e-06  -80
2945.01  1.34147e-06  -80
2950.01  1.34147e-06  -80
2955.01  1.34147e-06  -80
2960.01  1.34147e-06  -80
2965.01  1.34147e-06  -80
2970.01  1.34148e-06  -80
2975.01  1.34148e-06  -80
2980.01  1.34148e-06  -80
2985.01  1.34148e-06  -80
2990.01  1.34148e-06  -80
2995.01  1.34148e-06  -80
3000.01  1.34148e-06  -80
3005.01  1.34148e-06  -80
3010.01  1.34148e-06  -80
3015.01  1.34148e-06  -80
3020.01  1.34148e-06  -80
3025.01  1.34148e-06  -80
3030.01  1.34148e-06  -80
3035.01  1.34148e-06  -80
3040.01  1.34148e-06  -80
3045.01  1.34148e-06  -80
3050.01  1.34148e-06  -80
3055.01  1.34148e-06  -80
3060.01  1.34148e-06  -80
3065.01  1.34148e-06  -80
3070.01  1.34148e-06  -80
3075.01  1.34148e-06  -80
3080.01  1.34148e-06  -80
3085.01  1.34148e-06  -80
3090.01  1.34148e-06  -80
3095.01  1.34148e-06  -80
3100.01  1.34148e-06  -80
3105.01  1.34149e-06  -80
3110.01  1.34149e-06  -80
3115.01  1.34149e-06  -80
3120.01  1.34149e-06  -80
3125.01  1.34149e-06  -80
3130.01  1.34149e-06  -80
3135.01  1.34149e-06  -80
3140.01  1.34149e-06  -80
3145.01  1.34149e-06  -80
3150.01  1.34149e-06  -80
3155.01  1.34149e-06  -80
3160.01  1.34149e-06  -80
3165.01  1.34149e-06  -80
3170.01  1.34149e-06  -80
3175.01  1.34149e-06  -80
3180.01  1.34149e-06  -80
3185.01  1.34149e-06  -80
3190.01  1.34149e-06  -80
3195.01  1.34149e-06  -80
3200.01  1.34149e-06  -80
3205.01  1.34149e-06  -80
3210.01  1.34149e-06  -80
3215.01  1.34149e-06  -80
3220.01  1.34149e-06  -80
3225.01  1.34149e-06  -80
3230.01  1.34149e-06  -80
3235.01  1.34149e-06  -80
3240.01  1.34149e-06  -80
3245.01  1.34149e-06  -80
3250.01  1.34149e-06  -80
3255.01  1.34149e-06  -80
3260.01  1.34149e-06  -80
3265.01  1.34149e-06  -80
3270.01  1.34149e-06  -80
3275.01  1.34149e-06  -80
3280.01  1.34149e-06  -80
3285.01  1.34149e-06  -80
3290.01  1.34149e-06  -80
3295.01  1.34149e-06  -80
3300.01  1.34149e-06  -80
3305.01  1.34149e-06  -80
3310.01  1.34149e-06  -80
3315.01  1.34149e-06  -80
3320.01  1.34149e-06  -80
3325.01  1.34149e-06  -80
3330.01  1.34149e-06  -80
3335.01  1.34149e-06  -80
3340.01  1.34149e-06  -80
3345.01  1.34149e-06  -80
3350.01  1.34149e-06  -80
3355.01  1.34149e-06  -80
3360.01  1.34149e-06  -80
3365.01  1.34149e-06  -80
3370.01  1.34149e-06  -80
3375.01  1.34149e-06  -80
3380.01  1.34149e-06  -80
3385.01  1.3415e-06  -80
3390.01  1.3415e-06  -80
3395.01  1.3415e-06  -80
3400.01  1.3415e-06  -80
3405.01  1.3415e-06  -80
3410.01  1.3415e-06  -80
3415.01  1.3415e-06  -80
3420.01  1.3415e-06  -80
3425.01  1.3415e-06  -80
3430.01  1.3415e-06  -80
3435.01  1.3415e-06  -80
3440.01  1.3415e-06  -80
3445.01  1.3415e-06  -80
3450.01  1.3415e-06  -80
3455.01  1.3415e-06  -80
3460.01  1.3415e-06  -80
3465.01  1.3415e-06  -80
3470.01  1.3415e-06  -80
3475.01  1.3415e-06  -80
3480.01  1.3415e-06  -80
3485.01  1.3415e-06  -80
3490.01  1.3415e-06  -80
3495.01  1.3415e-06  -80
3500.01  1.3415e-06  -80
3505.01  1.3415e-06  -80
3510.01  1.3415e-06  -80
3515.01  1.3415e-06  -80
3520.01  1.3415e-06  -80
3525.01  1.3415e-06  -80
3530.01  1.3415e-06  -80
3535.01  1.3415e-06  -80
3540.01  1.3415e-06  -80
3545.01  1.3415e-06  -80
3550.01  1.3415e-06  -80
3555.01  1.3415e-06  -80
3560.01  1.3415e-06  -80
3565.01  1.3415e-06  -80
3570.01  1.3415e-06  -80
3575.01  1.3415e-06  -80
3580.01  1.3415e-06  -80
3585.01  1.3415e-06  -80
3590.01  1.3415e-06  -80
3595.01  1.3415e-06  -80
3600.01  1.3415e-06  -80
3605.01  1.3415e-06  -80
3610.01  1.3415e-06  -80
3615.01  1.3415e-06  -80
3620.01  1.3415e-06  -80
3625.01  1.3415e-06  -80
3630.01  1.3415e-06  -80
3635.01  1.3415e-06  -80
3640.01  1.3415e-06  -80
3645.01  1.3415e-06  -80
3650.01  1.3415e-06  -80
3655.01  1.3415e-06  -80
3660.01  1.3415e-06  -80
3665.01  1.3415e-06  -80
3670.01  1.3415e-06  -80
3675.01  1.3415e-06  -80
3680.01  1.3415e-06  -80
3685.01  1.3415e-06  -80
3690.01  1.3415e-06  -80
3695.01  1.3415e-06  -80
3700.01  1.3415e-06  -80
3705.01  1.3415e-06  -80
3710.01  1.3415e-06  -80
3715.01  1.3415e-06  -80
3720.01  1.3415e-06  -80
3725.01  1.3415e-06  -80
3730.01  1.3415e-06  -80
3735.01  1.3415e-06  -80
3740.01  1.3415e-06  -80
3745.01  1.3415e-06  -80
3750.01  1.3415e-06  -80
3755.01  1.3415e-06  -80
3760.01  1.3415e-06  -80
3765.01  1.3415e-06  -80
3770.01  1.3415e-06  -80
3775.01  1.3415e-06  -80
3780.01  1.3415e-06  -80
3785.01  1.3415e-06  -80
3790.01  1.3415e-06  -80
3795.01  1.3415e-06  -80
3800.01  1.3415e-06  -80
3805.01  1.3415e-06  -80
3810.01  1.3415e-06  -80
3815.01  1.3415e-06  -80
3820.01  1.3415e-06  -80
3825.01  1.3415e-06  -80
3830.01  1.3415e-06  -80
3835.01  1.3415e-06  -80
3840.01  1.3415e-06  -80
3845.01  1.3415e-06  -80
3850.01  1.3415e-06  -80
3855.01  1.3415e-06  -80
3860.01  1.3415e-06  -80
3865.01  1.3415e-06  -80
3870.01  1.3415e-06  -80
3875.01  1.3415e-06  -80
3880.01  1.3415e-06  -80
3885.01  1.3415e-06  -80
3890.01  1.3415e-06  -80
3895.01  1.3415e-06  -80
3900.01  1.3415e-06  -80
3905.01  1.3415e-06  -80
3910.01  1.3415e-06  -80
3915.01  1.3415e-06  -80
3920.01  1.3415e-06  -80
3925.01  1.3415e-06  -80
3930.01  1.3415e-06  -80
3935.01  1.3415e-06  -80
3940.01  1.3415e-06  -80
3945.01  1.3415e-06  -80
3950.01  1.3415e-06  -80
3955.01  1.3415e-06  -80
3960.01  1.3415e-06  -80
3965.01  1.3415e-06  -80
3970.01  1.3415e-06  -80
3975.01  1.3415e-06  -80
3980.01  1.3415e-06  -80
3985.01  1.3415e-06  -80
3990.01  1.3415e-06  -80
3995.01  1.3415e-06  -80
4000.01  1.3415e-06  -80
4005.01  1.3415e-06  -80
4010.01  1.3415e-06  -80
4015.01  1.3415e-06  -80
4020.01  1.3415e-06  -80
4025.01  1.3415e-06  -80
4030.01  1.3415e-06  -80
4035.01  1.3415e-06  -80
4040.01  1.3415e-06  -80
4045.01  1.3415e-06  -80
4050.01  1.3415e-06  -80
4055.01  1.3415e-06  -80
4060.01  1.3415e-06  -80
4065.01  1.3415e-06  -80
4070.01  1.3415e-06  -80
4075.01  1.3415e-06  -80
4080.01  1.3415e-06  -80
4085.01  1.3415e-06  -80
4090.01  1.3415e-06  -80
4095.01  1.3415e-06  -80
4100.01  1.3415e-06  -80
4105.01  1.3415e-06  -80
4110.01  1.3415e-06  -80
4115.01  1.3415e-06  -80
4120.01  1.3415e-06  -80
4125.01  1.3415e-06  -80
4130.01  1.3415e-06  -80
4135.01  1.3415e-06  -80
4140.01  1.3415e-06  -80
4145.01  1.3415e-06  -80
4150.01  1.3415e-06  -80
4155.01  1.3415e-06  -80
4160.01  1.3415e-06  -80
4165.01  1.3415e-06  -80
4170.01  1.3415e-06  -80
4175.01  1.3415e-06  -80
4180.01  1.3415e-06  -80
4185.01  1.3415e-06  -80
4190.01  1.3415e-06  -80
4195.01  1.3415e-06  -80
4200.01  1.3415e-06  -80
4205.01  1.3415e-06  -80
4210.01  1.3415e-06  -80
4215.01  1.3415e-06  -80
4220.01  1.3415e-06  -80
4225.01  1.3415e-06  -80
4230.01  1.3415e-06  -80
4235.01  1.3415e-06  -80
4240.01  1.3415e-06  -80
4245.01  1.3415e-06  -80
4250.01  1.3415e-06  -80
4255.01  1.3415e-06  -80
4260.01  1.3415e-06  -80
4265.01  1.3415e-06  -80
4270.01  1.3415e-06  -80
4275.01  1.3415e-06  -80
4280.01  1.3415e-06  -80
4285.01  1.3415e-06  -80
4290.01  1.3415e-06  -80
4295.01  1.3415e-06  -80
4300.01  1.3415e-06  -80
4305.01  1.3415e-06  -80
4310.01  1.3415e-06  -80
4315.01  1.3415e-06  -80
4320.01  1.3415e-06  -80
4325.01  1.3415e-06  -80
4330.01  1.3415e-06  -80
4335.01  1.3415e-06  -80
4340.01  1.3415e-06  -80
4345.01  1.3415e-06  -80
4350.01  1.3415e-06  -80
4355.01  1.3415e-06  -80
4360.01  1.3415e-06  -80
4365.01  1.3415e-06  -80
4370.01  1.3415e-06  -80
4375.01  1.3415e-06  -80
4380.01  1.3415e-06  -80
4385.01  1.3415e-06  -80
4390.01  1.3415e-06  -80
4395.01  1.3415e-06  -80
4400.01  1.3415e-06  -80
4405.01  1.3415e-06  -80
4410.01  1.3415e-06  -80
4415.01  1.3415e-06  -80
4420.01  1.3415e-06  -80
4425.01  1.3415e-06  -80
4430.01  1.3415e-06  -80
4435.01  1.3415e-06  -80
4440.01  1.3415e-06  -80
4445.01  1.3415e-06  -80
4450.01  1.3415e-06  -80
4455.01  1.3415e-06  -80
4460.01  1.3415e-06  -80
4465.01  1.3415e-06  -80
4470.01  1.3415e-06  -80
4475.01  1.3415e-06  -80
4480.01  1.3415e-06  -80
4485.01  1.3415e-06  -80
4490.01  1.3415e-06  -80
4495.01  1.3415e-06  -80
4500.01  1.3415e-06  -80
4505.01  1.3415e-06  -80
4510.01  1.3415e-06  -80
4515.01  1.3415e-06  -80
4520.01  1.3415e-06  -80
4525.01  1.3415e-06  -80
4530.01  1.3415e-06  -80
4535.01  1.3415e-06  -80
4540.01  1.3415e-06  -80
4545.01  1.3415e-06  -80
4550.01  1.3415e-06  -80
4555.01  1.3415e-06  -80
4560.01  1.3415e-06  -80
4565.01  1.3415e-06  -80
4570.01  1.3415e-06  -80
4575.01  1.3415e-06  -80
4580.01  1.3415e-06  -80
4585.01  1.3415e-06  -80
4590.01  1.3415e-06  -80
4595.01  1.3415e-06  -80
4600.01  1.3415e-06  -80
4605.01  1.3415e-06  -80
4610.01  1.3415e-06  -80
4615.01  1.3415e-06  -80
4620.01  1.3415e-06  -80
4625.01  1.3415e-06  -80
4630.01  1.3415e-06  -80
4635.01  1.3415e-06  -80
4640.01  1.3415e-06  -80
4645.01  1.3415e-06  -80
4650.01  1.3415e-06  -80
4655.01  1.3415e-06  -80
4660.01  1.3415e-06  -80
4665.01  1.3415e-06  -80
4670.01  1.3415e-06  -80
4675.01  1.3415e-06  -80
4680.01  1.3415e-06  -80
4685.01  1.3415e-06  -80
4690.01  1.3415e-06  -80
4695.01  1.3415e-06  -80
4700.01  1.3415e-06  -80
4705.01  1.3415e-06  -80
4710.01  1.3415e-06  -80
4715.01  1.3415e-06  -80
4720.01  1.3415e-06  -80
4725.01  1.3415e-06  -80
4730.01  1.3415e-06  -80
4735.01  1.3415e-06  -80
4740.01  1.3415e-06  -80
4745.01  1.3415e-06  -80
4750.01  1.3415e-06  -80
4755.01  1.3415e-06  -80
4760.01  1.3415e-06  -80
4765.01  1.3415e-06  -80
4770.01  1.3415e-06  -80
4775.01  1.3415e-06  -80
4780.01  1.3415e-06  -80
4785.01  1.3415e-06  -80
4790.01  1.3415e-06  -80
4795.01  1.3415e-06  -80
4800.01  1.3415e-06  -80
4805.01  1.3415e-06  -80
4810.01  1.3415e-06  -80
4815.01  1.3415e-06  -80
4820.01  1.3415e-06  -80
4825.01  1.3415e-06  -80
4830.01  1.3415e-06  -80
4835.01  1.3415e-06  -80
4840.01  1.3415e-06  -80
4845.01  1.3415e-06  -80
4850.01  1.3415e-06  -80
4855.01  1.3415e-06  -80
4860.01  1.3415e-06  -80
4865.01  1.3415e-06  -80
4870.01  1.3415e-06  -80
4875.01  1.3415e-06  -80
4880.01  1.3415e-06  -80
4885.01  1.3415e-06  -80
4890.01  1.3415e-06  -80
4895.01  1.3415e-06  -80
4900.01  1.3415e-06  -80
4905.01  1.3415e-06  -80
4910.01  1.3415e-06  -80
4915.01  1.3415e-06  -80
4920.01  1.3415e-06  -80
4925.01  1.3415e-06  -80
4930.01  1.3415e-06  -80
4935.01  1.3415e-06  -80
4940.01  1.3415e-06  -80
4945.01  1.3415e-06  -80
4950.01  1.3415e-06  -80
4955.01  1.3415e-06  -80
4960.01  1.3415e-06  -80
4965.01  1.3415e-06  -80
4970.01  1.3415e-06  -80
4975.01  1.3415e-06  -80
4980.01  1.3415e-06  -80
4985.01  1.3415e-06  -80
4990.01  1.3415e-06  -80
4995.01  1.3415e-06  -80
5000.01  1.3415e-06  -80
5005.01  1.3415e-06  -80
5010.01  1.3415e-06  -80
5015.01  1.3415e-06  -80
5020.01  1.3415e-06  -80
5025.01  1.3415e-06  -80
5030.01  1.3415e-06  -80
5035.01  1.3415e-06  -80
5040.01  1.3415e-06  -80
5045.01  1.3415e-06  -80
5050.01  1.3415e-06  -80
5055.01  1.3415e-06  -80
5060.01  1.3415e-06  -80
5065.01  1.3415e-06  -80
5070.01  1.3415e-06  -80
5075.01  1.3415e-06  -80
5080.01  1.3415e-06  -80
5085.01  1.3415e-06  -80
5090.01  1.3415e-06  -80
5095.01  1.3415e-06  -80
5100.01  1.3415e-06  -80
5105.01  1.3415e-06  -80
5110.01  1.3415e-06  -80
5115.01  1.3415e-06  -80
5120.01  1.3415e-06  -80
5125.01  1.3415e-06  -80
5130.01  1.3415e-06  -80
5135.01  1.3415e-06  -80
5140.01  1.3415e-06  -80
5145.01  1.3415e-06  -80
5150.01  1.3415e-06  -80
5155.01  1.3415e-06  -80
5160.01  1.3415e-06  -80
5165.01  1.3415e-06  -80
5170.01  1.3415e-06  -80
5175.01  1.3415e-06  -80
5180.01  1.3415e-06  -80
5185.01  1.3415e-06  -80
5190.01  1.3415e-06  -80
5195.01  1.3415e-06  -80
5200.01  1.3415e-06  -80
5205.01  1.3415e-06  -80
5210.01  1.3415e-06  -80
5215.01  1.3415e-06  -80
5220.01  1.3415e-06  -80
5225.01  1.3415e-06  -80
5230.01  1.3415e-06  -80
5235.01  1.3415e-06  -80
5240.01  1.3415e-06  -80
5245.01  1.3415e-06  -80
5250.01  1.3415e-06  -80
5255.01  1.3415e-06  -80
5260.01  1.3415e-06  -80
5265.01  1.3415e-06  -80
5270.01  1.3415e-06  -80
5275.01  1.3415e-06  -80
5280.01  1.3415e-06  -80
5285.01  1.3415e-06  -80
5290.01  1.3415e-06  -80
5295.01  1.3415e-06  -80
5300.01  1.3415e-06  -80
5305.01  1.3415e-06  -80
5310.01  1.3415e-06  -80
5315.01  1.3415e-06  -80
5320.01  1.3415e-06  -80
5325.01  1.3415e-06  -80
5330.01  1.3415e-06  -80
5335.01  1.3415e-06  -80
5340.01  1.3415e-06  -80
5345.01  1.3415e-06  -80
5350.01  1.3415e-06  -80
5355.01  1.3415e-06  -80
5360.01  1.3415e-06  -80
5365.01  1.3415e-06  -80
5370.01  1.3415e-06  -80
5375.01  1.3415e-06  -80
5380.01  1.3415e-06  -80
5385.01  1.3415e-06  -80
5390.01  1.3415e-06  -80
5395.01  1.3415e-06  -80
5400.01  1.3415e-06  -80
5405.01  1.3415e-06  -80
5410.01  1.3415e-06  -80
5415.01  1.3415e-06  -80
5420.01  1.3415e-06  -80
5425.01  1.3415e-06  -80
5430.01  1.3415e-06  -80
5435.01  1.3415e-06  -80
5440.01  1.3415e-06  -80
5445.01  1.3415e-06  -80
5450.01  1.3415e-06  -80
5455.01  1.3415e-06  -80
5460.01  1.3415e-06  -80
5465.01  1.3415e-06  -80
5470.01  1.3415e-06  -80
5475.01  1.3415e-06  -80
5480.01  1.3415e-06  -80
5485.01  1.3415e-06  -80
5490.01  1.3415e-06  -80
5495.01  1.3415e-06  -80
5500.01  1.3415e-06  -80
5505.01  1.3415e-06  -80
5510.01  1.3415e-06  -80
5515.01  1.3415e-06  -80
5520.01  1.3415e-06  -80
5525.01  1.3415e-06  -80
5530.01  1.3415e-06  -80
5535.01  1.3415e-06  -80
5540.01  1.3415e-06  -80
5545.01  1.3415e-06  -80
5550.01  1.3415e-06  -80
5555.01  1.3415e-06  -80
5560.01  1.3415e-06  -80
5565.01  1.3415e-06  -80
5570.01  1.3415e-06  -80
5575.01  1.3415e-06  -80
5580.01  1.3415e-06  -80
5585.01  1.3415e-06  -80
5590.01  1.3415e-06  -80
5595.01  1.3415e-06  -80
5600.01  1.3415e-06  -80
5605.01  1.3415e-06  -80
5610.01  1.3415e-06  -80
5615.01  1.3415e-06  -80
5620.01  1.3415e-06  -80
5625.01  1.3415e-06  -80
5630.01  1.3415e-06  -80
5635.01  1.3415e-06  -80
5640.01  1.3415e-06  -80
5645.01  1.3415e-06  -80
5650.01  1.3415e-06  -80
5655.01  1.3415e-06  -80
5660.01  1.3415e-06  -80
5665.01  1.3415e-06  -80
5670.01  1.3415e-06  -80
5675.01  1.3415e-06  -80
5680.01  1.3415e-06  -80
5685.01  1.3415e-06  -80
5690.01  1.3415e-06  -80
5695.01  1.3415e-06  -80
5700.01  1.3415e-06  -80
5705.01  1.3415e-06  -80
5710.01  1.3415e-06  -80
5715.01  1.3415e-06  -80
5720.01  1.3415e-06  -80
5725.01  1.3415e-06  -80
5730.01  1.3415e-06  -80
5735.01  1.3415e-06  -80
5740.01  1.3415e-06  -80
5745.01  1.3415e-06  -80
5750.01  1.3415e-06  -80
5755.01  1.3415e-06  -80
5760.01  1.3415e-06  -80
5765.01  1.3415e-06  -80
5770.01  1.3415e-06  -80
5775.01  1.3415e-06  -80
5780.01  1.3415e-06  -80
5785.01  1.3415e-06  -80
5790.01  1.3415e-06  -80
5795.01  1.3415e-06  -80
5800.01  1.3415e-06  -80
5805.01  1.3415e-06  -80
5810.01  1.3415e-06  -80
5815.01  1.3415e-06  -80
5820.01  1.3415e-06  -80
5825.01  1.3415e-06  -80
5830.01  1.3415e-06  -80
5835.01  1.3415e-06  -80
5840.01  1.3415e-06  -80
5845.01  1.3415e-06  -80
5850.01  1.3415e-06  -80
5855.01  1.3415e-06  -80
5860.01  1.3415e-06  -80
5865.01  1.3415e-06  -80
5870.01  1.3415e-06  -80
5875.01  1.3415e-06  -80
5880.01  1.3415e-06  -80
5885.01  1.3415e-06  -80
5890.01  1.3415e-06  -80
5895.01  1.3415e-06  -80
5900.01  1.3415e-06  -80
5905.01  1.3415e-06  -80
5910.01  1.3415e-06  -80
5915.01  1.3415e-06  -80
5920.01  1.3415e-06  -80
5925.01  1.3415e-06  -80
5930.01  1.3415e-06  -80
5935.01  1.3415e-06  -80
5940.01  1.3415e-06  -80
5945.01  1.3415e-06  -80
5950.01  1.3415e-06  -80
5955.01  1.3415e-06  -80
5960.01  1.3415e-06  -80
5965.01  1.3415e-06  -80
5970.01  1.3415e-06  -80
5975.01  1.3415e-06  -80
5980.01  1.3415e-06  -80
5985.01  1.3415e-06  -80
5990.01  1.3415e-06  -80
5995.01  1.3415e-06  -80
6000.01  1.3415e-06  -80
6005.01  1.3415e-06  -80
6010.01  1.3415e-06  -80
6015.01  1.3415e-06  -80
6020.01  1.3415e-06  -80
6025.01  1.3415e-06  -80
6030.01  1.3415e-06  -80
6035.01  1.3415e-06  -80
6040.01  1.3415e-06  -80
6045.01  1.3415e-06  -80
6050.01  1.3415e-06  -80
6055.01  1.3415e-06  -80
6060.01  1.3415e-06  -80
6065.01  1.3415e-06  -80
6070.01  1.3415e-06  -80
6075.01  1.3415e-06  -80
6080.01  1.3415e-06  -80
6085.01  1.3415e-06  -80
6090.01  1.3415e-06  -80
6095.01  1.3415e-06  -80
6100.01  1.3415e-06  -80
6105.01  1.3415e-06  -80
6110.01  1.3415e-06  -80
6115.01  1.3415e-06  -80
6120.01  1.3415e-06  -80
6125.01  1.3415e-06  -80
6130.01  1.3415e-06  -80
6135.01  1.3415e-06  -80
6140.01  1.3415e-06  -80
6145.01  1.3415e-06  -80
6150.01  1.3415e-06  -80
6155.01  1.3415e-06  -80
6160.01  1.3415e-06  -80
6165.01  1.3415e-06  -80
6170.01  1.3415e-06  -80
6175.01  1.3415e-06  -80
6180.01  1.3415e-06  -80
6185.01  1.3415e-06  -80
6190.01  1.3415e-06  -80
6195.01  1.3415e-06  -80
6200.01  1.3415e-06  -80
6205.01  1.3415e-06  -80
6210.01  1.3415e-06  -80
6215.01  1.3415e-06  -80
6220.01  1.3415e-06  -80
6225.01  1.3415e-06  -80
6230.01  1.3415e-06  -80
6235.01  1.3415e-06  -80
6240.01  1.3415e-06  -80
6245.01  1.3415e-06  -80
6250.01  1.3415e-06  -80
6255.01  1.3415e-06  -80
6260.01  1.3415e-06  -80
6265.01  1.3415e-06  -80
6270.01  1.3415e-06  -80
6275.01  1.3415e-06  -80
6280.01  1.3415e-06  -80
6285.01  1.3415e-06  -80
6290.01  1.3415e-06  -80
6295.01  1.3415e-06  -80
6300.01  1.3415e-06  -80
6305.01  1.3415e-06  -80
6310.01  1.3415e-06  -80
6315.01  1.3415e-06  -80
6320.01  1.3415e-06  -80
6325.01  1.3415e-06  -80
6330.01  1.3415e-06  -80
6335.01  1.3415e-06  -80
6340.01  1.3415e-06  -80
6345.01  1.3415e-06  -80
6350.01  1.3415e-06  -80
6355.01  1.3415e-06  -80
6360.01  1.3415e-06  -80
6365.01  1.3415e-06  -80
6370.01  1.3415e-06  -80
6375.01  1.3415e-06  -80
6380.01  1.3415e-06  -80
6385.01  1.3415e-06  -80
6390.01  1.3415e-06  -80
6395.01  1.3415e-06  -80
6400.01  1.3415e-06  -80
6405.01  1.3415e-06  -80
6410.01  1.3415e-06  -80
6415.01  1.3415e-06  -80
6420.01  1.3415e-06  -80
6425.01  1.3415e-06  -80
6430.01  1.3415e-06  -80
6435.01  1.3415e-06  -80
6440.01  1.3415e-06  -80
6445.01  1.3415e-06  -80
6450.01  1.3415e-06  -80
6455.01  1.3415e-06  -80
6460.01  1.3415e-06  -80
6465.01  1.3415e-06  -80
6470.01  1.3415e-06  -80
6475.01  1.3415e-06  -80
6480.01  1.3415e-06  -80
6485.01  1.3415e-06  -80
6490.01  1.3415e-06  -80
6495.01  1.3415e-06  -80
6500.01  1.3415e-06  -80
6505.01  1.3415e-06  -80
6510.01  1.3415e-06  -80
6515.01  1.3415e-06  -80
6520.01  1.3415e-06  -80
6525.01  1.3415e-06  -80
6530.01  1.3415e-06  -80
6535.01  1.3415e-06  -80
6540.01  1.3415e-06  -80
6545.01  1.3415e-06  -80
6550.01  1.3415e-06  -80
6555.01  1.3415e-06  -80
6560.01  1.3415e-06  -80
6565.01  1.3415e-06  -80
6570.01  1.3415e-06  -80
6575.01  1.3415e-06  -80
6580.01  1.3415e-06  -80
6585.01  1.3415e-06  -80
6590.01  1.3415e-06  -80
6595.01  1.3415e-06  -80
6600.01  1.3415e-06  -80
6605.01  1.3415e-06  -80
6610.01  1.3415e-06  -80
6615.01  1.3415e-06  -80
6620.01  1.3415e-06  -80
6625.01  1.3415e-06  -80
6630.01  1.3415e-06  -80
6635.01  1.3415e-06  -80
6640.01  1.3415e-06  -80
6645.01  1.3415e-06  -80
6650.01  1.3415e-06  -80
6655.01  1.3415e-06  -80
6660.01  1.3415e-06  -80
6665.01  1.3415e-06  -80
6670.01  1.3415e-06  -80
6675.01  1.3415e-06  -80
6680.01  1.3415e-06  -80
6685.01  1.3415e-06  -80
6690.01  1.3415e-06  -80
6695.01  1.3415e-06  -80
6700.01  1.3415e-06  -80
6705.01  1.3415e-06  -80
6710.01  1.3415e-06  -80
6715.01  1.3415e-06  -80
6720.01  1.3415e-06  -80
6725.01  1.3415e-06  -80
6730.01  1.3415e-06  -80
6735.01  1.3415e-06  -80
6740.01  1.3415e-06  -80
6745.01  1.3415e-06  -80
6750.01  1.3415e-06  -80
6755.01  1.3415e-06  -80
6760.01  1.3415e-06  -80
6765.01  1.3415e-06  -80
6770.01  1.3415e-06  -80
6775.01  1.3415e-06  -80
6780.01  1.3415e-06  -80
6785.01  1.3415e-06  -80
6790.01  1.3415e-06  -80
6795.01  1.3415e-06  -80
6800.01  1.3415e-06  -80
6805.01  1.3415e-06  -80
6810.01  1.3415e-06  -80
6815.01  1.3415e-06  -80
6820.01  1.3415e-06  -80
6825.01  1.3415e-06  -80
6830.01  1.3415e-06  -80
6835.01  1.3415e-06  -80
6840.01  1.3415e-06  -80
6845.01  1.3415e-06  -80
6850.01  1.3415e-06  -80
6855.01  1.3415e-06  -80
6860.01  1.3415e-06  -80
6865.01  1.3415e-06  -80
6870.01  1.3415e-06  -80
6875.01  1.3415e-06  -80
6880.01  1.3415e-06  -80
6885.01  1.3415e-06  -80
6890.01  1.3415e-06  -80
6895.01  1.3415e-06  -80
6900.01  1.3415e-06  -80
6905.01  1.3415e-06  -80
6910.01  1.3415e-06  -80
6915.01  1.3415e-06  -80
6920.01  1.3415e-06  -80
6925.01  1.3415e-06  -80
6930.01  1.3415e-06  -80
6935.01  1.3415e-06  -80
6940.01  1.3415e-06  -80
6945.01  1.3415e-06  -80
6950.01  1.3415e-06  -80
6955.01  1.3415e-06  -80
6960.01  1.3415e-06  -80
6965.01  1.3415e-06  -80
6970.01  1.3415e-06  -80
6975.01  1.3415e-06  -80
6980.01  1.3415e-06  -80
6985.01  1.3415e-06  -80
6990.01  1.3415e-06  -80
6995.01  1.3415e-06  -80
7000.01  1.3415e-06  -80
7005.01  1.3415e-06  -80
7010.01  1.3415e-06  -80
7015.01  1.3415e-06  -80
7020.01  1.3415e-06  -80
7025.01  1.3415e-06  -80
7030.01  1.3415e-06  -80
7035.01  1.3415e-06  -80
7040.01  1.3415e-06  -80
7045.01  1.3415e-06  -80
7050.01  1.3415e-06  -80
7055.01  1.3415e-06  -80
7060.01  1.3415e-06  -80
7065.01  1.3415e-06  -80
7070.01  1.3415e-06  -80
7075.01  1.3415e-06  -80
7080.01  1.3415e-06  -80
7085.01  1.3415e-06  -80
7090.01  1.3415e-06  -80
7095.01  1.3415e-06  -80
7100.01  1.3415e-06  -80
7105.01  1.3415e-06  -80
7110.01  1.3415e-06  -80
7115.01  1.3415e-06  -80
7120.01  1.3415e-06  -80
7125.01  1.3415e-06  -80
7130.01  1.3415e-06  -80
7135.01  1.3415e-06  -80
7140.01  1.3415e-06  -80
7145.01  1.3415e-06  -80
7150.01  1.3415e-06  -80
7155.01  1.3415e-06  -80
7160.01  1.3415e-06  -80
7165.01  1.3415e-06  -80
7170.01  1.3415e-06  -80
7175.01  1.3415e-06  -80
7180.01  1.3415e-06  -80
7185.01  1.3415e-06  -80
7190.01  1.3415e-06  -80
7195.01  1.3415e-06  -80
7200.01  1.3415e-06  -80
7205.01  1.3415e-06  -80
7210.01  1.3415e-06  -80
7215.01  1.3415e-06  -80
7220.01  1.3415e-06  -80
7225.01  1.3415e-06  -80
7230.01  1.3415e-06  -80
7235.01  1.3415e-06  -80
7240.01  1.3415e-06  -80
7245.01  1.3415e-06  -80
7250.01  1.3415e-06  -80
7255.01  1.3415e-06  -80
7260.01  1.3415e-06  -80
7265.01  1.3415e-06  -80
7270.01  1.3415e-06  -80
7275.01  1.3415e-06  -80
7280.01  1.3415e-06  -80
7285.01  1.3415e-06  -80
7290.01  1.3415e-06  -80
7295.01  1.3415e-06  -80
7300.01  1.3415e-06  -80
7305.01  1.3415e-06  -80
7310.01  1.3415e-06  -80
7315.01  1.3415e-06  -80
7320.01  1.3415e-06  -80
7325.01  1.3415e-06  -80
7330.01  1.3415e-06  -80
7335.01  1.3415e-06  -80
7340.01  1.3415e-06  -80
7345.01  1.3415e-06  -80
7350.01  1.3415e-06  -80
7355.01  1.3415e-06  -80
7360.01  1.3415e-06  -80
7365.01  1.3415e-06  -80
7370.01  1.3415e-06  -80
7375.01  1.3415e-06  -80
7380.01  1.3415e-06  -80
7385.01  1.3415e-06  -80
7390.01  1.3415e-06  -80
7395.01  1.3415e-06  -80
7400.01  1.3415e-06  -80
7405.01  1.3415e-06  -80
7410.01  1.3415e-06  -80
7415.01  1.3415e-06  -80
7420.01  1.3415e-06  -80
7425.01  1.3415e-06  -80
7430.01  1.3415e-06  -80
7435.01  1.3415e-06  -80
7440.01  1.3415e-06  -80
7445.01  1.3415e-06  -80
7450.01  1.3415e-06  -80
7455.01  1.3415e-06  -80
7460.01  1.3415e-06  -80
7465.01  1.3415e-06  -80
7470.01  1.3415e-06  -80
7475.01  1.3415e-06  -80
7480.01  1.3415e-06  -80
7485.01  1.3415e-06  -80
7490.01  1.3415e-06  -80
7495.01  1.3415e-06  -80
7500.01  1.3415e-06  -80
7505.01  1.3415e-06  -80
7510.01  1.3415e-06  -80
7515.01  1.3415e-06  -80
7520.01  1.3415e-06  -80
7525.01  1.3415e-06  -80
7530.01  1.3415e-06  -80
7535.01  1.3415e-06  -80
7540.01  1.3415e-06  -80
7545.01  1.3415e-06  -80
7550.01  1.3415e-06  -80
7555.01  1.3415e-06  -80
7560.01  1.3415e-06  -80
7565.01  1.3415e-06  -80
7570.01  1.3415e-06  -80
7575.01  1.3415e-06  -80
7580.01  1.3415e-06  -80
7585.01  1.3415e-06  -80
7590.01  1.3415e-06  -80
7595.01  1.3415e-06  -80
7600.01  1.3415e-06  -80
7605.01  1.3415e-06  -80
7610.01  1.3415e-06  -80
7615.01  1.3415e-06  -80
7620.01  1.3415e-06  -80
7625.01  1.3415e-06  -80
7630.01  1.3415e-06  -80
7635.01  1.3415e-06  -80
7640.01  1.3415e-06  -80
7645.01  1.3415e-06  -80
7650.01  1.3415e-06  -80
7655.01  1.3415e-06  -80
7660.01  1.3415e-06  -80
7665.01  1.3415e-06  -80
7670.01  1.3415e-06  -80
7675.01  1.3415e-06  -80
7680.01  1.3415e-06  -80
7685.01  1.3415e-06  -80
7690.01  1.3415e-06  -80
7695.01  1.3415e-06  -80
7700.01  1.3415e-06  -80
7705.01  1.3415e-06  -80
7710.01  1.3415e-06  -80
7715.01  1.3415e-06  -80
7720.01  1.3415e-06  -80
7725.01  1.3415e-06  -80
7730.01  1.3415e-06  -80
7735.01  1.3415e-06  -80
7740.01  1.3415e-06  -80
7745.01  1.3415e-06  -80
7750.01  1.3415e-06  -80
7755.01  1.3415e-06  -80
7760.01  1.3415e-06  -80
7765.01  1.3415e-06  -80
7770.01  1.3415e-06  -80
7775.01  1.3415e-06  -80
7780.01  1.3415e-06  -80
7785.01  1.3415e-06  -80
7790.01  1.3415e-06  -80
7795.01  1.3415e-06  -80
7800.01  1.3415e-06  -80
7805.01  1.3415e-06  -80
7810.01  1.3415e-06  -80
7815.01  1.3415e-06  -80
7820.01  1.3415e-06  -80
7825.01  1.3415e-06  -80
7830.01  1.3415e-06  -80
7835.01  1.3415e-06  -80
7840.01  1.3415e-06  -80
7845.01  1.3415e-06  -80
7850.01  1.3415e-06  -80
7855.01  1.3415e-06  -80
7860.01  1.3415e-06  -80
7865.01  1.3415e-06  -80
7870.01  1.3415e-06  -80
7875.01  1.3415e-06  -80
7880.01  1.3415e-06  -80
7885.01  1.3415e-06  -80
7890.01  1.3415e-06  -80
7895.01  1.3415e-06  -80
7900.01  1.3415e-06  -80
7905.01  1.3415e-06  -80
7910.01  1.3415e-06  -80
7915.01  1.3415e-06  -80
7920.01  1.3415e-06  -80
7925.01  1.3415e-06  -80
7930.01  1.3415e-06  -80
7935.01  1.3415e-06  -80
7940.01  1.3415e-06  -80
7945.01  1.3415e-06  -80
7950.01  1.3415e-06  -80
7955.01  1.3415e-06  -80
7960.01  1.3415e-06  -80
7965.01  1.3415e-06  -80
7970.01  1.3415e-06  -80
7975.01  1.3415e-06  -80
7980.01  1.3415e-06  -80
7985.01  1.3415e-06  -80
7990.01  1.3415e-06  -80
7995.01  1.3415e-06  -80
8000.01  1.3415e-06  -80
8005.01  1.3415e-06  -80
8010.01  1.3415e-06  -80
8015.01  1.3415e-06  -80
8020.01  1.3415e-06  -80
8025.01  1.3415e-06  -80
8030.01  1.3415e-06  -80
8035.01  1.3415e-06  -80
8040.01  1.3415e-06  -80
8045.01  1.3415e-06  -80
8050.01  1.3415e-06  -80
8055.01  1.3415e-06  -80
8060.01  1.3415e-06  -80
8065.01  1.3415e-06  -80
8070.01  1.3415e-06  -80
8075.01  1.3415e-06  -80
8080.01  1.3415e-06  -80
8085.01  1.3415e-06  -80
8090.01  1.3415e-06  -80
8095.01  1.3415e-06  -80
8100.01  1.3415e-06  -80
8105.01  1.3415e-06  -80
8110.01  1.3415e-06  -80
8115.01  1.3415e-06  -80
8120.01  1.3415e-06  -80
8125.01  1.3415e-06  -80
8130.01  1.3415e-06  -80
8135.01  1.3415e-06  -80
8140.01  1.3415e-06  -80
8145.01  1.3415e-06  -80
8150.01  1.3415e-06  -80
8155.01  1.3415e-06  -80
8160.01  1.3415e-06  -80
8165.01  1.3415e-06  -80
8170.01  1.3415e-06  -80
8175.01  1.3415e-06  -80
8180.01  1.3415e-06  -80
8185.01  1.3415e-06  -80
8190.01  1.3415e-06  -80
8195.01  1.3415e-06  -80
8200.01  1.3415e-06  -80
8205.01  1.3415e-06  -80
8210.01  1.3415e-06  -80
8215.01  1.3415e-06  -80
8220.01  1.3415e-06  -80
8225.01  1.3415e-06  -80
8230.01  1.3415e-06  -80
8235.01  1.3415e-06  -80
8240.01  1.3415e-06  -80
8245.01  1.3415e-06  -80
8250.01  1.3415e-06  -80
8255.01  1.3415e-06  -80
8260.01  1.3415e-06  -80
8265.01  1.3415e-06  -80
8270.01  1.3415e-06  -80
8275.01  1.3415e-06  -80
8280.01  1.3415e-06  -80
8285.01  1.3415e-06  -80
8290.01  1.3415e-06  -80
8295.01  1.3415e-06  -80
8300.01  1.3415e-06  -80
8305.01  1.3415e-06  -80
8310.01  1.3415e-06  -80
8315.01  1.3415e-06  -80
8320.01  1.3415e-06  -80
8325.01  1.3415e-06  -80
8330.01  1.3415e-06  -80
8335.01  1.3415e-06  -80
8340.01  1.3415e-06  -80
8345.01  1.3415e-06  -80
8350.01  1.3415e-06  -80
8355.01  1.3415e-06  -80
8360.01  1.3415e-06  -80
8365.01  1.3415e-06  -80
8370.01  1.3415e-06  -80
8375.01  1.3415e-06  -80
8380.01  1.3415e-06  -80
8385.01  1.3415e-06  -80
8390.01  1.3415e-06  -80
8395.01  1.3415e-06  -80
8400.01  1.3415e-06  -80
8405.01  1.3415e-06  -80
8410.01  1.3415e-06  -80
8415.01  1.3415e-06  -80
8420.01  1.3415e-06  -80
8425.01  1.3415e-06  -80
8430.01  1.3415e-06  -80
8435.01  1.3415e-06  -80
8440.01  1.3415e-06  -80
8445.01  1.3415e-06  -80
8450.01  1.3415e-06  -80
8455.01  1.3415e-06  -80
8460.01  1.3415e-06  -80
8465.01  1.3415e-06  -80
8470.01  1.3415e-06  -80
8475.01  1.3415e-06  -80
8480.01  1.3415e-06  -80
8485.01  1.3415e-06  -80
8490.01  1.3415e-06  -80
8495.01  1.3415e-06  -80
8500.01  1.3415e-06  -80
8505.01  1.3415e-06  -80
8510.01  1.3415e-06  -80
8515.01  1.3415e-06  -80
8520.01  1.3415e-06  -80
8525.01  1.3415e-06  -80
8530.01  1.3415e-06  -80
8535.01  1.3415e-06  -80
8540.01  1.3415e-06  -80
8545.01  1.3415e-06  -80
8550.01  1.3415e-06  -80
8555.01  1.3415e-06  -80
8560.01  1.3415e-06  -80
8565.01  1.3415e-06  -80
8570.01  1.3415e-06  -80
8575.01  1.3415e-06  -80
8580.01  1.3415e-06  -80
8585.01  1.3415e-06  -80
8590.01  1.3415e-06  -80
8595.01  1.3415e-06  -80
8600.01  1.3415e-06  -80
8605.01  1.3415e-06  -80
8610.01  1.3415e-06  -80
8615.01  1.3415e-06  -80
8620.01  1.3415e-06  -80
8625.01  1.3415e-06  -80
8630.01  1.3415e-06  -80
8635.01  1.3415e-06  -80
8640.01  1.3415e-06  -80
8645.01  1.3415e-06  -80
8650.01  1.3415e-06  -80
8655.01  1.3415e-06  -80
8660.01  1.3415e-06  -80
8665.01  1.3415e-06  -80
8670.01  1.3415e-06  -80
8675.01  1.3415e-06  -80
8680.01  1.3415e-06  -80
8685.01  1.3415e-06  -80
8690.01  1.3415e-06  -80
8695.01  1.3415e-06  -80
8700.01  1.3415e-06  -80
8705.01  1.3415e-06  -80
8710.01  1.3415e-06  -80
8715.01  1.3415e-06  -80
8720.01  1.3415e-06  -80
8725.01  1.3415e-06  -80
8730.01  1.3415e-06  -80
8735.01  1.3415e-06  -80
8740.01  1.3415e-06  -80
8745.01  1.3415e-06  -80
8750.01  1.3415e-06  -80
8755.01  1.3415e-06  -80
8760.01  1.3415e-06  -80
8765.01  1.3415e-06  -80
8770.01  1.3415e-06  -80
8775.01  1.3415e-06  -80
8780.01  1.3415e-06  -80
8785.01  1.3415e-06  -80
8790.01  1.3415e-06  -80
8795.01  1.3415e-06  -80
8800.01  1.3415e-06  -80
8805.01  1.3415e-06  -80
8810.01  1.3415e-06  -80
8815.01  1.3415e-06  -80
8820.01  1.3415e-06  -80
8825.01  1.3415e-06  -80
8830.01  1.3415e-06  -80
8835.01  1.3415e-06  -80
8840.01  1.3415e-06  -80
8845.01  1.3415e-06  -80
8850.01  1.3415e-06  -80
8855.01  1.3415e-06  -80
8860.01  1.3415e-06  -80
8865.01  1.3415e-06  -80
8870.01  1.3415e-06  -80
8875.01  1.3415e-06  -80
8880.01  1.3415e-06  -80
8885.01  1.3415e-06  -80
8890.01  1.3415e-06  -80
8895.01  1.3415e-06  -80
8900.01  1.3415e-06  -80
8905.01  1.3415e-06  -80
8910.01  1.3415e-06  -80
8915.01  1.3415e-06  -80
8920.01  1.3415e-06  -80
8925.01  1.3415e-06  -80
8930.01  1.3415e-06  -80
8935.01  1.3415e-06  -80
8940.01  1.3415e-06  -80
8945.01  1.3415e-06  -80
8950.01  1.3415e-06  -80
8955.01  1.3415e-06  -80
8960.01  1.3415e-06  -80
8965.01  1.3415e-06  -80
8970.01  1.3415e-06  -80
8975.01  1.3415e-06  -80
8980.01  1.3415e-06  -80
8985.01  1.3415e-06  -80
8990.01  1.3415e-06  -80
8995.01  1.3415e-06  -80
9000.01  1.3415e-06  -80
9005.01  1.3415e-06  -80
9010.01  1.3415e-06  -80
9015.01  1.3415e-06  -80
9020.01  1.3415e-06  -80
9025.01  1.3415e-06  -80
9030.01  1.3415e-06  -80
9035.01  1.3415e-06  -80
9040.01  1.3415e-06  -80
9045.01  1.3415e-06  -80
9050.01  1.3415e-06  -80
9055.01  1.3415e-06  -80
9060.01  1.3415e-06  -80
9065.01  1.3415e-06  -80
9070.01  1.3415e-06  -80
9075.01  1.3415e-06  -80
9080.01  1.3415e-06  -80
9085.01  1.3415e-06  -80
9090.01  1.3415e-06  -80
9095.01  1.3415e-06  -80
9100.01  1.3415e-06  -80
9105.01  1.3415e-06  -80
9110.01  1.3415e-06  -80
9115.01  1.3415e-06  -80
9120.01  1.3415e-06  -80
9125.01  1.3415e-06  -80
9130.01  1.3415e-06  -80
9135.01  1.3415e-06  -80
9140.01  1.3415e-06  -80
9145.01  1.3415e-06  -80
9150.01  1.3415e-06  -80
9155.01  1.3415e-06  -80
9160.01  1.3415e-06  -80
9165  1.3415e-06  -80
9170  1.3415e-06  -80
9175  1.3415e-06  -80
9180  1.3415e-06  -80
9185  1.3415e-06  -80
9190  1.3415e-06  -80
9195  1.3415e-06  -80
9200  1.3415e-06  -80
9205  1.3415e-06  -80
9210  1.3415e-06  -80
9215  1.3415e-06  -80
9220  1.3415e-06  -80
9225  1.3415e-06  -80
9230  1.3415e-06  -80
9235  1.3415e-06  -80
9240  1.3415e-06  -80
9245  1.3415e-06  -80
9250  1.3415e-06  -80
9255  1.3415e-06  -80
9260  1.3415e-06  -80
9265  1.3415e-06  -80
9270  1.3415e-06  -80
9275  1.3415e-06  -80
9280  1.3415e-06  -80
9285  1.3415e-06  -80
9290  1.3415e-06  -80
9295  1.3415e-06  -80
9300  1.3415e-06  -80
9305  1.3415e-06  -80
9310  1.3415e-06  -80
9315  1.3415e-06  -80
9320  1.3415e-06  -80
9325  1.3415e-06  -80
9330  1.3415e-06  -80
9335  1.3415e-06  -80
9340  1.3415e-06  -80
9345  1.3415e-06  -80
9350  1.3415e-06  -80
9355  1.3415e-06  -80
9360  1.3415e-06  -80
9365  1.3415e-06  -80
9370  1.3415e-06  -80
9375  1.3415e-06  -80
9380  1.3415e-06  -80
9385  1.3415e-06  -80
9390  1.3415e-06  -80
9395  1.3415e-06  -80
9400  1.3415e-06  -80
9405  1.3415e-06  -80
9410  1.3415e-06  -80
9415  1.3415e-06  -80
9420  1.3415e-06  -80
9425  1.3415e-06  -80
9430  1.3415e-06  -80
9435  1.3415e-06  -80
9440  1.3415e-06  -80
9445  1.3415e-06  -80
9450  1.3415e-06  -80
9455  1.3415e-06  -80
9460  1.3415e-06  -80
9465  1.3415e-06  -80
9470  1.3415e-06  -80
9475  1.3415e-06  -80
9480  1.3415e-06  -80
9485  1.3415e-06  -80
9490  1.3415e-06  -80
9495  1.3415e-06  -80
9500  1.3415e-06  -80
9505  1.3415e-06  -80
9510  1.3415e-06  -80
9515  1.3415e-06  -80
9520  1.3415e-06  -80
9525  1.3415e-06  -80
9530  1.3415e-06  -80
9535  1.3415e-06  -80
9540  1.3415e-06  -80
9545  1.3415e-06  -80
9550  1.3415e-06  -80
9555  1.3415e-06  -80
9560  1.3415e-06  -80
9565  1.3415e-06  -80
9570  1.3415e-06  -80
9575  1.3415e-06  -80
9580  1.3415e-06  -80
9585  1.3415e-06  -80
9590  1.3415e-06  -80
9595  1.3415e-06  -80
9600  1.3415e-06  -80
9605  1.3415e-06  -80
9610  1.3415e-06  -80
9615  1.3415e-06  -80
9620  1.3415e-06  -80
9625  1.3415e-06  -80
9630  1.3415e-06  -80
9635  1.3415e-06  -80
9640  1.3415e-06  -80
9645  1.3415e-06  -80
9650  1.3415e-06  -80
9655  1.3415e-06  -80
9660  1.3415e-06  -80
9665  1.3415e-06  -80
9670  1.3415e-06  -80
9675  1.3415e-06  -80
9680  1.3415e-06  -80
9685  1.3415e-06  -80
9690  1.3415e-06  -80
9695  1.3415e-06  -80
9700  1.3415e-06  -80
9705  1.3415e-06  -80
9710  1.3415e-06  -80
9715  1.3415e-06  -80
9720  1.3415e-06  -80
9725  1.3415e-06  -80
9730  1.3415e-06  -80
9735  1.3415e-06  -80
9740  1.3415e-06  -80
9745  1.3415e-06  -80
9750  1.3415e-06  -80
9755  1.3415e-06  -80
9760  1.3415e-06  -80
9765  1.3415e-06  -80
9770  1.3415e-06  -80
9775  1.3415e-06  -80
9780  1.3415e-06  -80
9785  1.3415e-06  -80
9790  1.3415e-06  -80
9795  1.3415e-06  -80
9800  1.3415e-06  -80
9805  1.3415e-06  -80
9810  1.3415e-06  -80
9815  1.3415e-06  -80
9820  1.3415e-06  -80
9825  1.3415e-06  -80
9830  1.3415e-06  -80
9835  1.3415e-06  -80
9840  1.3415e-06  -80
9845  1.3415e-06  -80
9850  1.3415e-06  -80
9855  1.3415e-06  -80
9860  1.3415e-06  -80
9865  1.3415e-06  -80
9870  1.3415e-06  -80
9875  1.3415e-06  -80
9880  1.3415e-06  -80
9885  1.3415e-06  -80
9890  1.3415e-06  -80
9895  1.3415e-06  -80
9900  1.3415e-06  -80
9905  1.3415e-06  -80
9910  1.3415e-06  -80
9915  1.3415e-06  -80
9920  1.3415e-06  -80
9925  1.3415e-06  -80
9930  1.3415e-06  -80
9935  1.3415e-06  -80
9940  1.3415e-06  -80
9945  1.3415e-06  -80
9950  1.3415e-06  -80
9955  1.3415e-06  -80
9960  1.3415e-06  -80
9965  1.3415e-06  -80
9970  1.3415e-06  -80
9975  1.3415e-06  -80
9980  1.3415e-06  -80
9985  1.3415e-06  -80
9990  1.3415e-06  -80
9995  1.3415e-06  -80
10000  4.22963e-05  40
10005  0.00114496  40
10010  0.00549686  40
10015  0.0117937  40
10020  0.0184917  40
10025  0.0247341  40
10030  0.0301754  40
10035  0.0347395  40
10040  0.0384686  40
10045  0.0414487  40
10050  0.0437755  40
10055  0.0455405  40
10060  0.0468263  40
10065  0.0477057  40
10070  0.0482421  40
10075  0.0484901  40
10080  0.048497  40
10085  0.0483033  40
10090  0.0479439  40
10095  0.0474487  40
10100  0.0468432  40
10105  0.0461493  40
10110  0.0453857  40
10115  0.0445683  40
10120  0.0437107  40
10125  0.0428242  40
10130  0.0419186  40
10135  0.041002  40
10140  0.0400813  40
10145  0.0391622  40
10150  0.0382494  40
10155  0.0373469  40
10160  0.0364578  40
10165  0.0355847  40
10170  0.0347297  40
10175  0.0338943  40
10180  0.0330799  40
10185  0.0322873  40
10190  0.0315172  40
10195  0.03077  40
10200  0.0300459  40
10205  0.0293449  40
10210  0.028667  40
10215  0.028012  40
10220  0.0273796  40
10225  0.0267694  40
10230  0.026181  40
10235  0.0256139  40
10240  0.0250677  40
10245  0.0245418  40
10250  0.0240357  40
10255  0.0235487  40
10260  0.0230803  40
10265  0.02263  40
10270  0.022197  40
10275  0.021781  40
10280  0.0213812  40
10285  0.0209971  40
10290  0.0206282  40
10295  0.020274  40
10300  0.0199338  40
10305  0.0196071  40
10310  0.0192936  40
10315  0.0189926  40
10320  0.0187037  40
10325  0.0184264  40
10330  0.0181603  40
10335  0.0179049  40
10340  0.0176599  40
10345  0.0174248  40
10350  0.0171992  40
10355  0.0169828  40
10360  0.0167752  40
10365  0.016576  40
10370  0.0163849  40
10375  0.0162016  40
10380  0.0160257  40
10385  0.0158571  40
10390  0.0156953  40
10395  0.0155401  40
10400  0.0153912  40
10405  0.0152485  40
10410  0.0151115  40
10415  0.0149802  40
10420  0.0148542  40
10425  0.0147334  40
10430  0.0146175  40
10435  0.0145064  40
10440  0.0143998  40
10445  0.0142975  40
10450  0.0141995  40
10455  0.0141054  40
10460  0.0140152  40
10465  0.0139287  40
10470  0.0138458  40
10475  0.0137662  40
10480  0.0136899  40
10485  0.0136167  40
10490  0.0135466  40
10495  0.0134793  40
10500  0.0134147  40
10505  0.0133528  40
10510  0.0132934  40
10515  0.0132365  40
10520  0.0131819  40
10525  0.0131295  40
10530  0.0130793  40
10535  0.0130311  40
10540  0.012985  40
10545  0.0129407  40
10550  0.0128982  40
10555  0.0128574  40
10560  0.0128184  40
10565  0.0127809  40
10570  0.012745  40
10575  0.0127105  40
10580  0.0126774  40
10585  0.0126457  40
10590  0.0126153  40
10595  0.0125862  40
10600  0.0125582  40
10605  0.0125314  40
10610  0.0125057  40
10615  0.0124811  40
10620  0.0124574  40
10625  0.0124347  40
10630  0.012413  40
10635  0.0123921  40
10640  0.0123721  40
10645  0.0123529  40
10650  0.0123345  40
10655  0.0123169  40
10660  0.0123  40
10665  0.0122837  40
10670  0.0122682  40
10675  0.0122532  40
10680  0.0122389  40
10685  0.0122252  40
10690  0.012212  40
10695  0.0121994  40
10700  0.0121873  40
10705  0.0121757  40
10710  0.0121646  40
10715  0.0121539  40
10720  0.0121436  40
10725  0.0121338  40
10730  0.0121244  40
10735  0.0121154  40
10740  0.0121067  40
10745  0.0120984  40
10750  0.0120904  40
10755  0.0120828  40
10760  0.0120755  40
10765  0.0120684  40
10770  0.0120617  40
10775  0.0120552  40
10780  0.012049  40
10785  0.0120431  40
10790  0.0120374  40
10795  0.0120319  40
10800  0.0120267  40
10805  0.0120217  40
10810  0.0120168  40
10815  0.0120122  40
10820  0.0120078  40
10825  0.0120035  40
10830  0.0119994  40
10835  0.0119955  40
10840  0.0119918  40
10845  0.0119882  40
10850  0.0119847  40
10855  0.0119814  40
10860  0.0119783  40
10865  0.0119752  40
10870  0.0119723  40
10875  0.0119695  40
10880  0.0119668  40
10885  0.0119642  40
10890  0.0119618  40
10895  0.0119594  40
10900  0.0119571  40
10905  0.011955  40
10910  0.0119529  40
10915  0.0119509  40
10920  0.0119489  40
10925  0.0119471  40
10930  0.0119453  40
10935  0.0119436  40
10940  0.011942  40
10945  0.0119405  40
10950  0.011939  40
10955  0.0119375  40
10960  0.0119362  40
10965  0.0119348  40
10970  0.0119336  40
10975  0.0119324  40
10980  0.0119312  40
10985  0.0119301  40
10990  0.011929  40
10995  0.011928  40
11000  -0.00444719  -120
11000  0.00302626  -60
11005  0.0636495  -60
11010  0.10106  -60
11015  0.123975  -60
11020  0.137832  -60
11025  0.14603  -60
11030  0.150692  -60
11035  0.153145  -60
11040  0.154219  -60
11045  0.154434  -60
11050  0.154115  -60
11055  0.153465  -60
11060  0.152612  -60
11065  0.151634  -60
11070  0.150582  -60
11075  0.149487  -60
11080  0.148369  -60
11085  0.147239  -60
11090  0.146106  -60
11095  0.144973  -60
11100  0.143845  -60
11105  0.142722  -60
11110  0.141606  -60
11115  0.140498  -60
11120  0.139397  -60
11125  0.138305  -60
11130  0.137221  -60
11135  0.136146  -60
11140  0.135078  -60
11145  0.134019  -60
11150  0.132969  -60
11155  0.131926  -60
11160  0.130892  -60
11165  0.129865  -60
11170  0.128847  -60
11175  0.127837  -60
11180  0.126835  -60
11185  0.12584  -60
11190  0.124854  -60
11195  0.123875  -60
11200  0.122904  -60
11205  0.12194  -60
11210  0.120984  -60
11215  0.120036  -60
11220  0.119095  -60
11225  0.118161  -60
11230  0.117235  -60
11235  0.116315  -60
11240  0.115404  -60
11245  0.114499  -60
11250  0.113601  -60
11255  0.112711  -60
11260  0.111827  -60
11265  0.11095  -60
11270  0.110081  -60
11275  0.109218  -60
11280  0.108362  -60
11285  0.107512  -60
11290  0.106669  -60
11295  0.105833  -60
11300  0.105004  -60
11305  0.104181  -60
11310  0.103364  -60
11315  0.102554  -60
11320  0.10175  -60
11325  0.100952  -60
11330  0.100161  -60
11335  0.099376  -60
11340  0.0985971  -60
11345  0.0978242  -60
11350  0.0970575  -60
11355  0.0962968  -60
11360  0.095542  -60
11365  0.0947932  -60
11370  0.0940502  -60
11375  0.0933131  -60
11380  0.0925818  -60
11385  0.0918562  -60
11390  0.0911363  -60
11395  0.090422  -60
11400  0.0897134  -60
11405  0.0890103  -60
11410  0.0883127  -60
11415  0.0876206  -60
11420  0.086934  -60
11425  0.0862527  -60
11430  0.0855768  -60
11435  0.0849062  -60
11440  0.0842408  -60
11445  0.0835807  -60
11450  0.0829257  -60
11455  0.0822759  -60
11460  0.0816312  -60
11465  0.0809915  -60
11470  0.0803569  -60
11475  0.0797272  -60
11480  0.0791025  -60
11485  0.0784827  -60
11490  0.0778678  -60
11495  0.0772576  -60
11500  0.0766523  -60
11505  0.0760517  -60
11510  0.0754559  -60
11515  0.0748647  -60
11520  0.0742781  -60
11525  0.0736962  -60
11530  0.0731188  -60
11535  0.0725459  -60
11540  0.0719776  -60
11545  0.0714137  -60
11550  0.0708542  -60
11555  0.0702991  -60
11560  0.0697484  -60
11565  0.069202  -60
11570  0.0686599  -60
11575  0.0681221  -60
11580  0.0675884  -60
11585  0.067059  -60
11590  0.0665337  -60
11595  0.0660125  -60
11600  0.0654954  -60
11605  0.0649824  -60
11610  0.0644734  -60
11615  0.0639684  -60
11620  0.0634674  -60
11625  0.0629703  -60
11630  0.0624771  -60
11635  0.0619878  -60
11640  0.0615023  -60
11645  0.0610206  -60
11650  0.0605427  -60
11655  0.0600685  -60
11660  0.0595981  -60
11665  0.0591314  -60
11670  0.0586683  -60
11675  0.0582088  -60
11680  0.057753  -60
11685  0.0573008  -60
11690  0.056852  -60
11695  0.0564069  -60
11700  0.0559652  -60
11705  0.0555269  -60
11710  0.0550922  -60
11715  0.0546608  -60
11720  0.0542328  -60
11725  0.0538082  -60
11730  0.0533869  -60
11735  0.0529689  -60
11740  0.0525542  -60
11745  0.0521427  -60
11750  0.0517345  -60
11755  0.0513295  -60
11760  0.0509276  -60
11765  0.0505289  -60
11770  0.0501334  -60
11775  0.0497409  -60
11780  0.0493515  -60
11785  0.0489652  -60
11790  0.0485819  -60
11795  0.0482016  -60
11800  0.0478243  -60
11805  0.04745  -60
11810  0.0470786  -60
11815  0.0467101  -60
11820  0.0463445  -60
11825  0.0459818  -60
11830  0.0456219  -60
11835  0.0452649  -60
11840  0.0449106  -60
11845  0.0445592  -60
11850  0.0442105  -60
11855  0.0438645  -60
11860  0.0435212  -60
11865  0.0431807  -60
11870  0.0428428  -60
11875  0.0425075  -60
11880  0.0421749  -60
11885  0.0418449  -60
11890  0.0415175  -60
11895  0.0411927  -60
11900  0.0408704  -60
11905  0.0405506  -60
11910  0.0402334  -60
11915  0.0399186  -60
11920  0.0396063  -60
11925  0.0392965  -60
11930  0.0389891  -60
11935  0.0386841  -60
11940  0.0383815  -60
11945  0.0380813  -60
11950  0.0377834  -60
11955  0.0374879  -60
11960  0.0371946  -60
11965  0.0369037  -60
11970  0.0366151  -60
11975  0.0363287  -60
11980  0.0360446  -60
11985  0.0357627  -60
11990  0.0354831  -60
11995  0.0352056  -60
12000  0.0349303  -60
12005  0.0346571  -60
12010  0.0343861  -60
12015  0.0341173  -60
12020  0.0338505  -60
12025  0.0335858  -60
12030  0.0333232  -60
12035  0.0330627  -60
12040  0.0328042  -60
12045  0.0325478  -60
12050  0.0322933  -60
12055  0.0320409  -60
12060  0.0317904  -60
12065  0.0315419  -60
12070  0.0312954  -60
12075  0.0310508  -60
12080  0.0308081  -60
12085  0.0305673  -60
12090  0.0303284  -60
12095  0.0300913  -60
12100  0.0298562  -60
12105  0.0296229  -60
12110  0.0293914  -60
12115  0.0291617  -60
12120  0.0289338  -60
12125  0.0287078  -60
12130  0.0284834  -60
12135  0.0282609  -60
12140  0.0280401  -60
12145  0.027821  -60
12150  0.0276037  -60
12155  0.027388  -60
12160  0.0271741  -60
12165  0.0269618  -60
12170  0.0267512  -60
12175  0.0265423  -60
12180  0.026335  -60
12185  0.0261293  -60
12190  0.0259252  -60
12195  0.0257227  -60
12200  0.0255219  -60
12205  0.0253226  -60
12210  0.0251248  -60
12215  0.0249286  -60
12220  0.024734  -60
12225  0.0245409  -60
12230  0.0243493  -60
12235  0.0241592  -60
12240  0.0239706  -60
12245  0.0237834  -60
12250  0.0235978  -60
12255  0.0234136  -60
12260  0.0232308  -60
12265  0.0230495  -60
12270  0.0228696  -60
12275  0.0226911  -60
12280  0.022514  -60
12285  0.0223383  -60
12290  0.022164  -60
12295  0.021991  -60
12300  0.0218194  -60
12305  0.0216492  -60
12310  0.0214803  -60
12315  0.0213127  -60
12320  0.0211464  -60
12325  0.0209815  -60
12330  0.0208178  -60
12335  0.0206554  -60
12340  0.0204943  -60
12345  0.0203345  -60
12350  0.0201759  -60
12355  0.0200185  -60
12360  0.0198624  -60
12365  0.0197075  -60
12370  0.0195539  -60
12375  0.0194014  -60
12380  0.0192501  -60
12385  0.0191  -60
12390  0.0189511  -60
12395  0.0188034  -60
12400  0.0186568  -60
12405  0.0185114  -60
12410  0.0183671  -60
12415  0.018224  -60
12420  0.0180819  -60
12425  0.017941  -60
12430  0.0178012  -60
12435  0.0176625  -60
12440  0.0175249  -60
12445  0.0173883  -60
12450  0.0172529  -60
12455  0.0171185  -60
12460  0.0169851  -60
12465  0.0168528  -60
12470  0.0167215  -60
12475  0.0165913  -60
12480  0.0164621  -60
12485  0.0163339  -60
12490  0.0162067  -60
12495  0.0160805  -60
12500  0.0159553  -60
12505  0.0158311  -60
12510  0.0157078  -60
12515  0.0155855  -60
12520  0.0154642  -60
12525  0.0153438  -60
12530  0.0152244  -60
12535  0.0151059  -60
12540  0.0149884  -60
12545  0.0148717  -60
12550  0.014756  -60
12555  0.0146412  -60
12560  0.0145273  -60
12565  0.0144143  -60
12570  0.0143022  -60
12575  0.0141909  -60
12580  0.0140805  -60
12585  0.013971  -60
12590  0.0138624  -60
12595  0.0137546  -60
12600  0.0136476  -60
12605  0.0135415  -60
12610  0.0134362  -60
12615  0.0133318  -60
12620  0.0132281  -60
12625  0.0131253  -60
12630  0.0130233  -60
12635  0.0129221  -60
12640  0.0128217  -60
12645  0.012722  -60
12650  0.0126232  -60
12655  0.0125251  -60
12660  0.0124278  -60
12665  0.0123313  -60
12670  0.0122355  -60
12675  0.0121405  -60
12680  0.0120462  -60
12685  0.0119526  -60
12690  0.0118598  -60
12695  0.0117677  -60
12700  0.0116764  -60
12705  0.0115857  -60
12710  0.0114958  -60
12715  0.0114066  -60
12720  0.0113181  -60
12725  0.0112302  -60
12730  0.0111431  -60
12735  0.0110566  -60
12740  0.0109709  -60
12745  0.0108858  -60
12750  0.0108013  -60
12755  0.0107175  -60
12760  0.0106344  -60
12765  0.010552  -60
12770  0.0104701  -60
12775  0.010389  -60
12780  0.0103084  -60
12785  0.0102285  -60
12790  0.0101492  -60
12795  0.0100706  -60
12800  0.00999255  -60
12805  0.00991512  -60
12810  0.0098383  -60
12815  0.00976209  -60
12820  0.00968647  -60
12825  0.00961144  -60
12830  0.00953701  -60
12835  0.00946315  -60
12840  0.00938988  -60
12845  0.00931718  -60
12850  0.00924506  -60
12855  0.0091735  -60
12860  0.0091025  -60
12865  0.00903206  -60
12870  0.00896217  -60
12875  0.00889283  -60
12880  0.00882403  -60
12885  0.00875577  -60
12890  0.00868805  -60
12895  0.00862086  -60
12900  0.0085542  -60
12905  0.00848806  -60
12910  0.00842244  -60
12915  0.00835734  -60
12920  0.00829275  -60
12925  0.00822866  -60
12930  0.00816507  -60
12935  0.00810199  -60
12940  0.0080394  -60
12945  0.0079773  -60
12950  0.00791569  -60
12955  0.00785456  -60
12960  0.00779391  -60
12965  0.00773374  -60
12970  0.00767404  -60
12975  0.00761481  -60
12980  0.00755605  -60
12985  0.00749774  -60
12990  0.00743989  -60
12995  0.0073825  -60
13000  0.00732556  -60
13005  0.00726906  -60
13010  0.00721301  -60
13015  0.00715739  -60
13020  0.00710222  -60
13025  0.00704747  -60
13030  0.00699316  -60
13035  0.00693927  -60
13040  0.00688581  -60
13045  0.00683276  -60
13050  0.00678014  -60
13055  0.00672792  -60
13060  0.00667611  -60
13065  0.00662471  -60
13070  0.00657372  -60
13075  0.00652312  -60
13080  0.00647292  -60
13085  0.00642312  -60
13090  0.00637371  -60
13095  0.00632468  -60
13100  0.00627604  -60
13105  0.00622778  -60
13110  0.0061799  -60
13115  0.00613239  -60
13120  0.00608526  -60
13125  0.0060385  -60
13130  0.0059921  -60
13135  0.00594607  -60
13140  0.0059004  -60
13145  0.00585509  -60
13150  0.00581014  -60
13155  0.00576553  -60
13160  0.00572128  -60
13165  0.00567737  -60
13170  0.00563381  -60
13175  0.00559059  -60
13180  0.00554771  -60
13185  0.00550517  -60
13190  0.00546296  -60
13195  0.00542108  -60
13200  0.00537953  -60
13205  0.00533831  -60
13210  0.00529741  -60
13215  0.00525683  -60
13220  0.00521657  -60
13225  0.00517662  -60
13230  0.00513699  -60
13235  0.00509767  -60
13240  0.00505866  -60
13245  0.00501996  -60
13250  0.00498156  -60
13255  0.00494345  -60
13260  0.00490565  -60
13265  0.00486815  -60
13270  0.00483094  -60
13275  0.00479402  -60
13280  0.00475739  -60
13285  0.00472105  -60
13290  0.004685  -60
13295  0.00464922  -60
13300  0.00461373  -60
13305  0.00457852  -60
13310  0.00454358  -60
13315  0.00450892  -60
13320  0.00447453  -60
13325  0.00444041  -60
13330  0.00440655  -60
13335  0.00437296  -60
13340  0.00433964  -60
13345  0.00430658  -60
13350  0.00427378  -60
13355  0.00424123  -60
13360  0.00420894  -60
13365  0.0041769  -60
13370  0.00414512  -60
13375  0.00411358  -60
13380  0.00408229  -60
13385  0.00405125  -60
13390  0.00402045  -60
13395  0.0039899  -60
13400  0.00395958  -60
13405  0.0039295  -60
13410  0.00389965  -60
13415  0.00387005  -60
13420  0.00384067  -60
13425  0.00381152  -60
13430  0.0037826  -60
13435  0.00375391  -60
13440  0.00372545  -60
13445  0.00369721  -60
13450  0.00366919  -60
13455  0.00364139  -60
13460  0.0036138  -60
13465  0.00358644  -60
13470  0.00355929  -60
13475  0.00353235  -60
13480  0.00350562  -60
13485  0.0034791  -60
13490  0.0034528  -60
13495  0.00342669  -60
13500  0.0034008  -60
13505  0.0033751  -60
13510  0.00334961  -60
13515  0.00332432  -60
13520  0.00329922  -60
13525  0.00327433  -60
13530  0.00324962  -60
13535  0.00322512  -60
13540  0.0032008  -60
13545  0.00317668  -60
13550  0.00315274  -60
13555  0.00312899  -60
13560  0.00310543  -60
13565  0.00308206  -60
13570  0.00305886  -60
13575  0.00303585  -60
13580  0.00301302  -60
13585  0.00299037  -60
13590  0.0029679  -60
13595  0.0029456  -60
13600  0.00292348  -60
13605  0.00290153  -60
13610  0.00287976  -60
13615  0.00285815  -60
13620  0.00283672  -60
13625  0.00281545  -60
13630  0.00279435  -60
13635  0.00277341  -60
13640  0.00275264  -60
13645  0.00273204  -60
13650  0.00271159  -60
13655  0.0026913  -60
13660  0.00267118  -60
13665  0.00265121  -60
13670  0.0026314  -60
13675  0.00261174  -60
13680  0.00259224  -60
13685  0.00257289  -60
13690  0.0025537  -60
13695  0.00253465  -60
13700  0.00251575  -60
13705  0.002497  -60
13710  0.0024784  -60
13715  0.00245995  -60
13720  0.00244164  -60
13725  0.00242347  -60
13730  0.00240545  -60
13735  0.00238756  -60
13740  0.00236982  -60
13745  0.00235222  -60
13750  0.00233475  -60
13755  0.00231743  -60
13760  0.00230024  -60
13765  0.00228318  -60
13770  0.00226626  -60
13775  0.00224947  -60
13780  0.00223281  -60
13785  0.00221628  -60
13790  0.00219988  -60
13795  0.00218361  -60
13800  0.00216747  -60
13805  0.00215146  -60
13810  0.00213557  -60
13815  0.0021198  -60
13820  0.00210416  -60
13825  0.00208864  -60
13830  0.00207325  -60
13835  0.00205797  -60
13840  0.00204282  -60
13845  0.00202778  -60
13850  0.00201286  -60
13855  0.00199806  -60
13860  0.00198337  -60
13865  0.0019688  -60
13870  0.00195435  -60
13875  0.00194001  -60
13880  0.00192578  -60
13885  0.00191166  -60
13890  0.00189765  -60
13895  0.00188375  -60
13900  0.00186996  -60
13905  0.00185628  -60
13910  0.00184271  -60
13915  0.00182925  -60
13920  0.00181589  -60
13925  0.00180263  -60
13930  0.00178948  -60
13935  0.00177643  -60
13940  0.00176348  -60
13945  0.00175064  -60
13950  0.0017379  -60
13955  0.00172525  -60
13960  0.00171271  -60
13965  0.00170026  -60
13970  0.00168791  -60
13975  0.00167566  -60
13980  0.00166351  -60
13985  0.00165145  -60
13990  0.00163948  -60
13995  0.00162761  -60
14000  0.00161583  -60
14005  0.00160415  -60
14010  0.00159255  -60
14015  0.00158105  -60
14020  0.00156964  -60
14025  0.00155831  -60
14030  0.00154708  -60
14035  0.00153593  -60
14040  0.00152488  -60
14045  0.0015139  -60
14050  0.00150302  -60
14055  0.00149222  -60
14060  0.0014815  -60
14065  0.00147087  -60
14070  0.00146032  -60
14075  0.00144986  -60
14080  0.00143948  -60
14085  0.00142917  -60
14090  0.00141895  -60
14095  0.00140881  -60
14100  0.00139875  -60
14105  0.00138877  -60
14110  0.00137887  -60
14115  0.00136904  -60
14120  0.00135929  -60
14125  0.00134962  -60
14130  0.00134002  -60
14135  0.0013305  -60
14140  0.00132106  -60
14145  0.00131168  -60
14150  0.00130239  -60
14155  0.00129316  -60
14160  0.00128401  -60
14165  0.00127493  -60
14170  0.00126591  -60
14175  0.00125698  -60
14180  0.00124811  -60
14185  0.00123931  -60
14190  0.00123058  -60
14195  0.00122191  -60
14200  0.00121332  -60
14205  0.00120479  -60
14210  0.00119633  -60
14215  0.00118794  -60
14220  0.00117961  -60
14225  0.00117135  -60
14230  0.00116315  -60
14235  0.00115502  -60
14240  0.00114695  -60
14245  0.00113895  -60
14250  0.001131  -60
14255  0.00112312  -60
14260  0.0011153  -60
14265  0.00110755  -60
14270  0.00109985  -60
14275  0.00109221  -60
14280  0.00108464  -60
14285  0.00107712  -60
14290  0.00106966  -60
14295  0.00106226  -60
14300  0.00105492  -60
14305  0.00104764  -60
14310  0.00104041  -60
14315  0.00103324  -60
14320  0.00102613  -60
14325  0.00101907  -60
14330  0.00101207  -60
14335  0.00100512  -60
14340  0.00099823  -60
14345  0.000991392  -60
14350  0.000984607  -60
14355  0.000977875  -60
14360  0.000971196  -60
14365  0.00096457  -60
14370  0.000957995  -60
14375  0.000951472  -60
14380  0.000945001  -60
14385  0.00093858  -60
14390  0.00093221  -60
14395  0.000925889  -60
14400  0.000919618  -60
14405  0.000913397  -60
14410  0.000907224  -60
14415  0.0009011  -60
14420  0.000895023  -60
14425  0.000888995  -60
14430  0.000883013  -60
14435  0.000877079  -60
14440  0.000871191  -60
14445  0.00086535  -60
14450  0.000859554  -60
14455  0.000853804  -60
14460  0.000848099  -60
14465  0.000842438  -60
14470  0.000836822  -60
14475  0.000831251  -60
14480  0.000825722  -60
14485  0.000820238  -60
14490  0.000814796  -60
14495  0.000809397  -60
14500  0.00080404  -60
14505  0.000798726  -60
14510  0.000793453  -60
14515  0.000788222  -60
14520  0.000783031  -60
14525  0.000777882  -60
14530  0.000772772  -60
14535  0.000767703  -60
14540  0.000762674  -60
14545  0.000757684  -60
14550  0.000752733  -60
14555  0.000747821  -60
14560  0.000742948  -60
14565  0.000738113  -60
14570  0.000733316  -60
14575  0.000728556  -60
14580  0.000723834  -60
14585  0.000719149  -60
14590  0.000714501  -60
14595  0.000709889  -60
14600  0.000705313  -60
14605  0.000700773  -60
14610  0.000696269  -60
14615  0.000691801  -60
14620  0.000687367  -60
14625  0.000682968  -60
14630  0.000678604  -60
14635  0.000674273  -60
14640  0.000669977  -60
14645  0.000665715  -60
14650  0.000661486  -60
14655  0.00065729  -60
14660  0.000653127  -60
14665  0.000648997  -60
14670  0.000644899  -60
14675  0.000640834  -60
14680  0.0006368  -60
14685  0.000632798  -60
14690  0.000628827  -60
14695  0.000624888  -60
14700  0.000620979  -60
14705  0.000617102  -60
14710  0.000613254  -60
14715  0.000609437  -60
14720  0.00060565  -60
14725  0.000601892  -60
14730  0.000598164  -60
14735  0.000594465  -60
14740  0.000590795  -60
14745  0.000587154  -60
14750  0.000583542  -60
14755  0.000579958  -60
14760  0.000576402  -60
14765  0.000572874  -60
14770  0.000569374  -60
14775  0.000565901  -60
14780  0.000562455  -60
14785  0.000559037  -60
14790  0.000555645  -60
14795  0.00055228  -60
14800  0.000548941  -60
14805  0.000545629  -60
14810  0.000542342  -60
14815  0.000539081  -60
14820  0.000535846  -60
14825  0.000532636  -60
14830  0.000529452  -60
14835  0.000526292  -60
14840  0.000523158  -60
14845  0.000520047  -60
14850  0.000516962  -60
14855  0.0005139  -60
14860  0.000510863  -60
14865  0.000507849  -60
14870  0.000504859  -60
14875  0.000501893  -60
14880  0.000498949  -60
14885  0.000496029  -60
14890  0.000493132  -60
14895  0.000490257  -60
14900  0.000487405  -60
14905  0.000484576  -60
14910  0.000481768  -60
14915  0.000478983  -60
14920  0.00047622  -60
14925  0.000473478  -60
14930  0.000470758  -60
14935  0.000468059  -60
14940  0.000465381  -60
14945  0.000462724  -60
14950  0.000460088  -60
14955  0.000457473  -60
14960  0.000454879  -60
