0.005  1.23818e-16  -80
5.005  8.50158e-09  -80
10.005  2.73393e-08  -80
15.005  4.98805e-08  -80
20.005  7.33964e-08  -80
25.005  9.68406e-08  -80
30.005  1.19859e-07  -80
35.005  1.42366e-07  -80
40.005  1.64367e-07  -80
45.005  1.85895e-07  -80
50.005  2.06981e-07  -80
55.005  2.27651e-07  -80
60.005  2.47925e-07  -80
65.005  2.67818e-07  -80
70.005  2.87343e-07  -80
75.005  3.06509e-07  -80
80.005  3.25324e-07  -80
85.005  3.43796e-07  -80
90.005  3.61931e-07  -80
95.005  3.79736e-07  -80
100.005  3.97217e-07  -80
105.005  4.14381e-07  -80
110.005  4.31232e-07  -80
115.005  4.47777e-07  -80
120.005  4.64022e-07  -80
125.005  4.79971e-07  -80
130.005  4.9563e-07  -80
135.005  5.11005e-07  -80
140.005  5.261e-07  -80
145.005  5.40921e-07  -80
150.005  5.55472e-07  -80
155.005  5.69759e-07  -80
160.005  5.83786e-07  -80
165.005  5.97558e-07  -80
170.005  6.1108e-07  -80
175.005  6.24356e-07  -80
180.005  6.37391e-07  -80
185.005  6.50189e-07  -80
190.005  6.62755e-07  -80
195.005  6.75091e-07  -80
200.005  6.87204e-07  -80
205.005  6.99097e-07  -80
210.005  7.10773e-07  -80
215.005  7.22237e-07  -80
220.005  7.33493e-07  -80
225.005  7.44544e-07  -80
230.005  7.55394e-07  -80
235.005  7.66048e-07  -80
240.005  7.76507e-07  -80
245.005  7.86776e-07  -80
250.005  7.96859e-07  -80
255.005  8.06758e-07  -80
260.005  8.16478e-07  -80
265.005  8.26021e-07  -80
270.005  8.3539e-07  -80
275.005  8.44589e-07  -80
280.005  8.53621e-07  -80
285.005  8.62489e-07  -80
290.005  8.71195e-07  -80
295.005  8.79744e-07  -80
300.005  8.88137e-07  -80
305.005  8.96377e-07  -80
310.005  9.04468e-07  -80
315.005  9.12411e-07  -80
320.005  9.2021e-07  -80
325.005  9.27868e-07  -80
330.005  9.35386e-07  -80
335.005  9.42767e-07  -80
340.005  9.50015e-07  -80
345.005  9.57131e-07  -80
350.005  9.64117e-07  -80
355.005  9.70976e-07  -80
360.005  9.77711e-07  -80
365.005  9.84323e-07  -80
370.005  9.90815e-07  -80
375.005  9.97189e-07  -80
380.005  1.00345e-06  -80
385.005  1.00959e-06  -80
390.005  1.01562e-06  -80
395.005  1.02155e-06  -80
400.005  1.02736e-06  -80
405.005  1.03307e-06  -80
410.005  1.03868e-06  -80
415.005  1.04418e-06  -80
420.005  1.04959e-06  -80
425.005  1.05489e-06  -80
430.005  1.0601e-06  -80
435.005  1.06522e-06  -80
440.005  1.07024e-06  -80
445.005  1.07517e-06  -80
450.005  1.08001e-06  -80
455.005  1.08476e-06  -80
460.005  1.08943e-06  -80
465.005  1.09401e-06  -80
470.005  1.09851e-06  -80
475.005  1.10293e-06  -80
480.005  1.10726e-06  -80
485.005  1.11152e-06  -80
490.005  1.1157e-06  -80
495.005  1.1198e-06  -80
500.005  1.12383e-06  -80
505.005  1.12779e-06  -80
510.005  1.13167e-06  -80
515.005  1.13549e-06  -80
520.005  1.13923e-06  -80
525.005  1.14291e-06  -80
530.005  1.14652e-06  -80
535.005  1.15006e-06  -80
540.005  1.15354e-06  -80
545.005  1.15696e-06  -80
550.005  1.16031e-06  -80
555.005  1.16361e-06  -80
560.005  1.16684e-06  -80
565.005  1.17001e-06  -80
570.005  1.17313e-06  -80
575.005  1.17619e-06  -80
580.005  1.1792e-06  -80
585.005  1.18215e-06  -80
590.005  1.18504e-06  -80
595.005  1.18789e-06  -80
600.005  1.19068e-06  -80
605.005  1.19342e-06  -80
610.005  1.19611e-06  -80
615.005  1.19875e-06  -80
620.005  1.20135e-06  -80
625.005  1.2039e-06  -80
630.005  1.2064e-06  -80
635.005  1.20885e-06  -80
640.005  1.21126e-06  -80
645.005  1.21363e-06  -80
650.005  1.21596e-06  -80
655.005  1.21824e-06  -80
660.005  1.22048e-06  -80
665.005  1.22268e-06  -80
670.005  1.22484e-06  -80
675.005  1.22696e-06  -80
680.005  1.22904e-06  -80
685.005  1.23108e-06  -80
690.005  1.23309e-06  -80
695.005  1.23506e-06  -80
700.005  1.237e-06  -80
705.005  1.2389e-06  -80
710.005  1.24076e-06  -80
715.005  1.24259e-06  -80
720.005  1.24439e-06  -80
725.005  1.24615e-06  -80
730.005  1.24789e-06  -80
735.005  1.24959e-06  -80
740.005  1.25126e-06  -80
745.005  1.2529e-06  -80
750.005  1.25451e-06  -80
755.005  1.25609e-06  -80
760.005  1.25764e-06  -80
765.005  1.25917e-06  -80
770.005  1.26066e-06  -80
775.005  1.26213e-06  -80
780.005  1.26358e-06  -80
785.005  1.26499e-06  -80
790.005  1.26638e-06  -80
795.005  1.26775e-06  -80
800.005  1.26909e-06  -80
805.005  1.2704e-06  -80
810.005  1.2717e-06  -80
815.005  1.27297e-06  -80
820.005  1.27421e-06  -80
825.005  1.27543e-06  -80
830.005  1.27664e-06  -80
835.005  1.27781e-06  -80
840.005  1.27897e-06  -80
845.005  1.28011e-06  -80
850.005  1.28122e-06  -80
855.005  1.28232e-06  -80
860.005  1.2834e-06  -80
865.005  1.28445e-06  -80
870.005  1.28549e-06  -80
875.005  1.28651e-06  -80
880.005  1.28751e-06  -80
885.005  1.28849e-06  -80
890.005  1.28945e-06  -80
895.005  1.2904e-06  -80
900.005  1.29133e-06  -80
905.005  1.29224e-06  -80
910.005  1.29313e-06  -80
915.005  1.29401e-06  -80
920.005  1.29488e-06  -80
925.005  1.29572e-06  -80
930.005  1.29656e-06  -80
935.005  1.29737e-06  -80
940.005  1.29817e-06  -80
945.005  1.29896e-06  -80
950.005  1.29974e-06  -80
955.005  1.30049e-06  -80
960.005  1.30124e-06  -80
965.005  1.30197e-06  -80
970.005  1.30269e-06  -80
975.005  1.3034e-06  -80
980.005  1.30409e-06  -80
985.005  1.30477e-06  -80
990.005  1.30544e-06  -80
995.005  1.30609e-06  -80
1000  1.30673e-06  -80
1005  1.30737e-06  -80
1010  1.30799e-06  -80
1015  1.3086e-06  -80
1020  1.30919e-06  -80
1025  1.30978e-06  -80
1030  1.31036e-06  -80
1035  1.31092e-06  -80
1040  1.31148e-06  -80
1045  1.31203e-06  -80
1050  1.31256e-06  -80
1055  1.31309e-06  -80
1060  1.3136e-06  -80
1065.01  1.31411e-06  -80
1070.01  1.31461e-06  -80
1075.01  1.3151e-06  -80
1080.01  1.31558e-06  -80
1085.01  1.31605e-06  -80
1090.01  1.31651e-06  -80
1095.01  1.31697e-06  -80
1100.01  1.31741e-06  -80
1105.01  1.31785e-06  -80
1110.01  1.31828e-06  -80
1115.01  1.3187e-06  -80
1120.01  1.31912e-06  -80
1125.01  1.31952e-06  -80
1130.01  1.31992e-06  -80
1135.01  1.32031e-06  -80
1140.01  1.3207e-06  -80
1145.01  1.32108e-06  -80
1150.01  1.32145e-06  -80
1155.01  1.32181e-06  -80
1160.01  1.32217e-06  -80
1165.01  1.32252e-06  -80
1170.01  1.32287e-06  -80
1175.01  1.32321e-06  -80
1180.01  1.32354e-06  -80
1185.01  1.32386e-06  -80
1190.01  1.32419e-06  -80
1195.01  1.3245e-06  -80
1200.01  1.32481e-06  -80
1205.01  1.32511e-06  -80
1210.01  1.32541e-06  -80
1215.01  1.3257e-06  -80
1220.01  1.32599e-06  -80
1225.01  1.32627e-06  -80
1230.01  1.32655e-06  -80
1235.01  1.32682e-06  -80
1240.01  1.32709e-06  -80
1245.01  1.32735e-06  -80
1250.01  1.32761e-06  -80
1255.01  1.32786e-06  -80
1260.01  1.32811e-06  -80
1265.01  1.32835e-06  -80
1270.01  1.32859e-06  -80
1275.01  1.32882e-06  -80
1280.01  1.32905e-06  -80
1285.01  1.32928e-06  -80
1290.01  1.3295e-06  -80
1295.01  1.32972e-06  -80
1300.01  1.32993e-06  -80
1305.01  1.33015e-06  -80
1310.01  1.33035e-06  -80
1315.01  1.33055e-06  -80
1320.01  1.33075e-06  -80
1325.01  1.33095e-06  -80
1330.01  1.33114e-06  -80
1335.01  1.33133e-06  -80
1340.01  1.33151e-06  -80
1345.01  1.33169e-06  -80
1350.01  1.33187e-06  -80
1355.01  1.33205e-06  -80
1360.01  1.33222e-06  -80
1365.01  1.33239e-06  -80
1370.01  1.33255e-06  -80
1375.01  1.33272e-06  -80
1380.01  1.33288e-06  -80
1385.01  1.33303e-06  -80
1390.01  1.33319e-06  -80
1395.01  1.33334e-06  -80
1400.01  1.33349e-06  -80
1405.01  1.33363e-06  -80
1410.01  1.33378e-06  -80
1415.01  1.33392e-06  -80
1420.01  1.33405e-06  -80
1425.01  1.33419e-06  -80
1430.01  1.33432e-06  -80
1435.01  1.33445e-06  -80
1440.01  1.33458e-06  -80
1445.01  1.33471e-06  -80
1450.01  1.33483e-06  -80
1455.01  1.33495e-06  -80
1460.01  1.33507e-06  -80
1465.01  1.33519e-06  -80
1470.01  1.3353e-06  -80
1475.01  1.33541e-06  -80
1480.01  1.33552e-06  -80
1485.01  1.33563e-06  -80
1490.01  1.33574e-06  -80
1495.01  1.33584e-06  -80
1500.01  1.33595e-06  -80
1505.01  1.33605e-06  -80
1510.01  1.33615e-06  -80
1515.01  1.33624e-06  -80
1520.01  1.33634e-06  -80
1525.01  1.33643e-06  -80
1530.01  1.33653e-06  -80
1535.01  1.33662e-06  -80
1540.01  1.33671e-06  -80
1545.01  1.33679e-06  -80
1550.01  1.33688e-06  -80
1555.01  1.33696e-06  -80
1560.01  1.33704e-06  -80
1565.01  1.33713e-06  -80
1570.01  1.33721e-06  -80
1575.01  1.33728e-06  -80
1580.01  1.33736e-06  -80
1585.01  1.33744e-06  -80
1590.01  1.33751e-06  -80
1595.01  1.33758e-06  -80
1600.01  1.33765e-06  -80
1605.01  1.33772e-06  -80
1610.01  1.33779e-06  -80
1615.01  1.33786e-06  -80
1620.01  1.33793e-06  -80
1625.01  1.33799e-06  -80
1630.01  1.33805e-06  -80
1635.01  1.33812e-06  -80
1640.01  1.33818e-06  -80
1645.01  1.33824e-06  -80
1650.01  1.3383e-06  -80
1655.01  1.33836e-06  -80
1660.01  1.33841e-06  -80
1665.01  1.33847e-06  -80
1670.01  1.33852e-06  -80
1675.01  1.33858e-06  -80
1680.01  1.33863e-06  -80
1685.01  1.33868e-06  -80
1690.01  1.33873e-06  -80
1695.01  1.33879e-06  -80
1700.01  1.33883e-06  -80
1705.01  1.33888e-06  -80
1710.01  1.33893e-06  -80
1715.01  1.33898e-06  -80
1720.01  1.33902e-06  -80
1725.01  1.33907e-06  -80
1730.01  1.33911e-06  -80
1735.01  1.33916e-06  -80
1740.01  1.3392e-06  -80
1745.01  1.33924e-06  -80
1750.01  1.33928e-06  -80
1755.01  1.33932e-06  -80
1760.01  1.33936e-06  -80
1765.01  1.3394e-06  -80
1770.01  1.33944e-06  -80
1775.01  1.33948e-06  -80
1780.01  1.33951e-06  -80
1785.01  1.33955e-06  -80
1790.01  1.33958e-06  -80
1795.01  1.33962e-06  -80
1800.01  1.33965e-06  -80
1805.01  1.33969e-06  -80
1810.01  1.33972e-06  -80
1815.01  1.33975e-06  -80
1820.01  1.33978e-06  -80
1825.01  1.33982e-06  -80
1830.01  1.33985e-06  -80
1835.01  1.33988e-06  -80
1840.01  1.33991e-06  -80
1845.01  1.33993e-06  -80
1850.01  1.33996e-06  -80
1855.01  1.33999e-06  -80
1860.01  1.34002e-06  -80
1865.01  1.34005e-06  -80
1870.01  1.34007e-06  -80
1875.01  1.3401e-06  -80
1880.01  1.34012e-06  -80
1885.01  1.34015e-06  -80
1890.01  1.34017e-06  -80
1895.01  1.3402e-06  -80
1900.01  1.34022e-06  -80
1905.01  1.34024e-06  -80
1910.01  1.34027e-06  -80
1915.01  1.34029e-06  -80
1920.01  1.34031e-06  -80
1925.01  1.34033e-06  -80
1930.01  1.34035e-06  -80
1935.01  1.34037e-06  -80
1940.01  1.3404e-06  -80
1945.01  1.34042e-06  -80
1950.01  1.34044e-06  -80
1955.01  1.34045e-06  -80
1960.01  1.34047e-06  -80
1965.01  1.34049e-06  -80
1970.01  1.34051e-06  -80
1975.01  1.34053e-06  -80
1980.01  1.34055e-06  -80
1985.01  1.34056e-06  -80
1990.01  1.34058e-06  -80
1995.01  1.3406e-06  -80
2000.01  1.34061e-06  -80
2005.01  1.34063e-06  -80
2010.01  1.34065e-06  -80
2015.01  1.34066e-06  -80
2020.01  1.34068e-06  -80
2025.01  1.34069e-06  -80
2030.01  1.34071e-06  -80
2035.01  1.34072e-06  -80
2040.01  1.34073e-06  -80
2045.01  1.34075e-06  -80
2050.01  1.34076e-06  -80
2055.01  1.34078e-06  -80
2060.01  1.34079e-06  -80
2065.01  1.3408e-06  -80
2070.01  1.34081e-06  -80
2075.01  1.34083e-06  -80
2080.01  1.34084e-06  -80
2085.01  1.34085e-06  -80
2090.01  1.34086e-06  -80
2095.01  1.34087e-06  -80
2100.01  1.34089e-06  -80
2105.01  1.3409e-06  -80
2110.01  1.34091e-06  -80
2115.01  1.34092e-06  -80
2120.01  1.34093e-06  -80
2125.01  1.34094e-06  -80
2130.01  1.34095e-06  -80
2135.01  1.34096e-06  -80
2140.01  1.34097e-06  -80
2145.01  1.34098e-06  -80
2150.01  1.34099e-06  -80
2155.01  1.341e-06  -80
2160.01  1.34101e-06  -80
2165.01  1.34102e-06  -80
2170.01  1.34103e-06  -80
2175.01  1.34103e-06  -80
2180.01  1.34104e-06  -80
2185.01  1.34105e-06  -80
2190.01  1.34106e-06  -80
2195.01  1.34107e-06  -80
2200.01  1.34107e-06  -80
2205.01  1.34108e-06  -80
2210.01  1.34109e-06  -80
2215.01  1.3411e-06  -80
2220.01  1.3411e-06  -80
2225.01  1.34111e-06  -80
2230.01  1.34112e-06  -80
2235.01  1.34113e-06  -80
2240.01  1.34113e-06  -80
2245.01  1.34114e-06  -80
2250.01  1.34115e-06  -80
2255.01  1.34115e-06  -80
2260.01  1.34116e-06  -80
2265.01  1.34117e-06  -80
2270.01  1.34117e-06  -80
2275.01  1.34118e-06  -80
2280.01  1.34118e-06  -80
2285.01  1.34119e-06  -80
2290.01  1.34119e-06  -80
2295.01  1.3412e-06  -80
2300.01  1.34121e-06  -80
2305.01  1.34121e-06  -80
2310.01  1.34122e-06  -80
2315.01  1.34122e-06  -80
2320.01  1.34123e-06  -80
2325.01  1.34123e-06  -80
2330.01  1.34124e-06  -80
2335.01  1.34124e-06  -80
2340.01  1.34125e-06  -80
2345.01  1.34125e-06  -80
2350.01  1.34125e-06  -80
2355.01  1.34126e-06  -80
2360.01  1.34126e-06  -80
2365.01  1.34127e-06  -80
2370.01  1.34127e-06  -80
2375.01  1.34128e-06  -80
2380.01  1.34128e-06  -80
2385.01  1.34128e-06  -80
2390.01  1.34129e-06  -80
2395.01  1.34129e-06  -80
2400.01  1.3413e-06  -80
2405.01  1.3413e-06  -80
2410.01  1.3413e-06  -80
2415.01  1.34131e-06  -80
2420.01  1.34131e-06  -80
2425.01  1.34131e-06  -80
2430.01  1.34132e-06  -80
2435.01  1.34132e-06  -80
2440.01  1.34132e-06  -80
2445.01  1.34133e-06  -80
2450.01  1.34133e-06  -80
2455.01  1.34133e-06  -80
2460.01  1.34134e-06  -80
2465.01  1.34134e-06  -80
2470.01  1.34134e-06  -80
2475.01  1.34135e-06  -80
2480.01  1.34135e-06  -80
2485.01  1.34135e-06  -80
2490.01  1.34135e-06  -80
2495.01  1.34136e-06  -80
2500.01  1.34136e-06  -80
2505.01  1.34136e-06  -80
2510.01  1.34136e-06  -80
2515.01  1.34137e-06  -80
2520.01  1.34137e-06  -80
2525.01  1.34137e-06  -80
2530.01  1.34137e-06  -80
2535.01  1.34138e-06  -80
2540.01  1.34138e-06  -80
2545.01  1.34138e-06  -80
2550.01  1.34138e-06  -80
2555.01  1.34138e-06  -80
2560.01  1.34139e-06  -80
2565.01  1.34139e-06  -80
2570.01  1.34139e-06  -80
2575.01  1.34139e-06  -80
2580.01  1.34139e-06  -80
2585.01  1.3414e-06  -80
2590.01  1.3414e-06  -80
2595.01  1.3414e-06  -80
2600.01  1.3414e-06  -80
2605.01  1.3414e-06  -80
2610.01  1.34141e-06  -80
2615.01  1.34141e-06  -80
2620.01  1.34141e-06  -80
2625.01  1.34141e-06  -80
2630.01  1.34141e-06  -80
2635.01  1.34141e-06  -80
2640.01  1.34142e-06  -80
2645.01  1.34142e-06  -80
2650.01  1.34142e-06  -80
2655.01  1.34142e-06  -80
2660.01  1.34142e-06  -80
2665.01  1.34142e-06  -80
2670.01  1.34142e-06  -80
2675.01  1.34143e-06  -80
2680.01  1.34143e-06  -80
2685.01  1.34143e-06  -80
2690.01  1.34143e-06  -80
2695.01  1.34143e-06  -80
2700.01  1.34143e-06  -80
2705.01  1.34143e-06  -80
2710.01  1.34143e-06  -80
2715.01  1.34144e-06  -80
2720.01  1.34144e-06  -80
2725.01  1.34144e-06  -80
2730.01  1.34144e-06  -80
2735.01  1.34144e-06  -80
2740.01  1.34144e-06  -80
2745.01  1.34144e-06  -80
2750.01  1.34144e-06  -80
2755.01  1.34144e-06  -80
2760.01  1.34145e-06  -80
2765.01  1.34145e-06  -80
2770.01  1.34145e-06  -80
2775.01  1.34145e-06  -80
2780.01  1.34145e-06  -80
2785.01  1.34145e-06  -80
2790.01  1.34145e-06  -80
2795.01  1.34145e-06  -80
2800.01  1.34145e-06  -80
2805.01  1.34145e-06  -80
2810.01  1.34146e-06  -80
2815.01  1.34146e-06  -80
2820.01  1.34146e-06  -80
2825.01  1.34146e-06  -80
2830.01  1.34146e-06  -80
2835.01  1.34146e-06  -80
2840.01  1.34146e-06  -80
2845.01  1.34146e-06  -80
2850.01  1.34146e-06  -80
2855.01  1.34146e-06  -80
2860.01  1.34146e-06  -80
2865.01  1.34146e-06  -80
2870.01  1.34146e-06  -80
2875.01  1.34146e-06  -80
2880.01  1.34147e-06  -80
2885.01  1.34147e-06  -80
2890.01  1.34147e-06  -80
2895.01  1.34147e-06  -80
2900.01  1.34147e-06  -80
2905.01  1.34147e-06  -80
2910.01  1.34147e-06  -80
2915.01  1.34147e-06  -80
2920.01  1.34147e-06  -80
2925.01  1.34147e-06  -80
2930.01  1.34147e-06  -80
2935.01  1.34147e-06  -80
2940.01  1.34147e-06  -80
2945.01  1.34147e-06  -80
2950.01  1.34147e-06  -80
2955.01  1.34147e-06  -80
2960.01  1.34147e-06  -80
2965.01  1.34147e-06  -80
2970.01  1.34148e-06  -80
2975.01  1.34148e-06  -80
2980.01  1.34148e-06  -80
2985.01  1.34148e-06  -80
2990.01  1.34148e-06  -80
2995.01  1.34148e-06  -80
3000.01  1.34148e-06  -80
3005.01  1.34148e-06  -80
3010.01  1.34148e-06  -80
3015.01  1.34148e-06  -80
3020.01  1.34148e-06  -80
3025.01  1.34148e-06  -80
3030.01  1.34148e-06  -80
3035.01  1.34148e-06  -80
3040.01  1.34148e-06  -80
3045.01  1.34148e-06  -80
3050.01  1.34148e-06  -80
3055.01  1.34148e-06  -80
3060.01  1.34148e-06  -80
3065.01  1.34148e-06  -80
3070.01  1.34148e-06  -80
3075.01  1.34148e-06  -80
3080.01  1.34148e-06  -80
3085.01  1.34148e-06  -80
3090.01  1.34148e-06  -80
3095.01  1.34148e-06  -80
3100.01  1.34148e-06  -80
3105.01  1.34149e-06  -80
3110.01  1.34149e-06  -80
3115.01  1.34149e-06  -80
3120.01  1.34149e-06  -80
3125.01  1.34149e-06  -80
3130.01  1.34149e-06  -80
3135.01  1.34149e-06  -80
3140.01  1.34149e-06  -80
3145.01  1.34149e-06  -80
3150.01  1.34149e-06  -80
3155.01  1.34149e-06  -80
3160.01  1.34149e-06  -80
3165.01  1.34149e-06  -80
3170.01  1.34149e-06  -80
3175.01  1.34149e-06  -80
3180.01  1.34149e-06  -80
3185.01  1.34149e-06  -80
3190.01  1.34149e-06  -80
3195.01  1.34149e-06  -80
3200.01  1.34149e-06  -80
3205.01  1.34149e-06  -80
3210.01  1.34149e-06  -80
3215.01  1.34149e-06  -80
3220.01  1.34149e-06  -80
3225.01  1.34149e-06  -80
3230.01  1.34149e-06  -80
3235.01  1.34149e-06  -80
3240.01  1.34149e-06  -80
3245.01  1.34149e-06  -80
3250.01  1.34149e-06  -80
3255.01  1.34149e-06  -80
3260.01  1.34149e-06  -80
3265.01  1.34149e-06  -80
3270.01  1.34149e-06  -80
3275.01  1.34149e-06  -80
3280.01  1.34149e-06  -80
3285.01  1.34149e-06  -80
3290.01  1.34149e-06  -80
3295.01  1.34149e-06  -80
3300.01  1.34149e-06  -80
3305.01  1.34149e-06  -80
3310.01  1.34149e-06  -80
3315.01  1.34149e-06  -80
3320.01  1.34149e-06  -80
3325.01  1.34149e-06  -80
3330.01  1.34149e-06  -80
3335.01  1.34149e-06  -80
3340.01  1.34149e-06  -80
3345.01  1.34149e-06  -80
3350.01  1.34149e-06  -80
3355.01  1.34149e-06  -80
3360.01  1.34149e-06  -80
3365.01  1.34149e-06  -80
3370.01  1.34149e-06  -80
3375.01  1.34149e-06  -80
3380.01  1.34149e-06  -80
3385.01  1.3415e-06  -80
3390.01  1.3415e-06  -80
3395.01  1.3415e-06  -80
3400.01  1.3415e-06  -80
3405.01  1.3415e-06  -80
3410.01  1.3415e-06  -80
3415.01  1.3415e-06  -80
3420.01  1.3415e-06  -80
3425.01  1.3415e-06  -80
3430.01  1.3415e-06  -80
3435.01  1.3415e-06  -80
3440.01  1.3415e-06  -80
3445.01  1.3415e-06  -80
3450.01  1.3415e-06  -80
3455.01  1.3415e-06  -80
3460.01  1.3415e-06  -80
3465.01  1.3415e-06  -80
3470.01  1.3415e-06  -80
3475.01  1.3415e-06  -80
3480.01  1.3415e-06  -80
3485.01  1.3415e-06  -80
3490.01  1.3415e-06  -80
3495.01  1.3415e-06  -80
3500.01  1.3415e-06  -80
3505.01  1.3415e-06  -80
3510.01  1.3415e-06  -80
3515.01  1.3415e-06  -80
3520.01  1.3415e-06  -80
3525.01  1.3415e-06  -80
3530.01  1.3415e-06  -80
3535.01  1.3415e-06  -80
3540.01  1.3415e-06  -80
3545.01  1.3415e-06  -80
3550.01  1.3415e-06  -80
3555.01  1.3415e-06  -80
3560.01  1.3415e-06  -80
3565.01  1.3415e-06  -80
3570.01  1.3415e-06  -80
3575.01  1.3415e-06  -80
3580.01  1.3415e-06  -80
3585.01  1.3415e-06  -80
3590.01  1.3415e-06  -80
3595.01  1.3415e-06  -80
3600.01  1.3415e-06  -80
3605.01  1.3415e-06  -80
3610.01  1.3415e-06  -80
3615.01  1.3415e-06  -80
3620.01  1.3415e-06  -80
3625.01  1.3415e-06  -80
3630.01  1.3415e-06  -80
3635.01  1.3415e-06  -80
3640.01  1.3415e-06  -80
3645.01  1.3415e-06  -80
3650.01  1.3415e-06  -80
3655.01  1.3415e-06  -80
3660.01  1.3415e-06  -80
3665.01  1.3415e-06  -80
3670.01  1.3415e-06  -80
3675.01  1.3415e-06  -80
3680.01  1.3415e-06  -80
3685.01  1.3415e-06  -80
3690.01  1.3415e-06  -80
3695.01  1.3415e-06  -80
3700.01  1.3415e-06  -80
3705.01  1.3415e-06  -80
3710.01  1.3415e-06  -80
3715.01  1.3415e-06  -80
3720.01  1.3415e-06  -80
3725.01  1.3415e-06  -80
3730.01  1.3415e-06  -80
3735.01  1.3415e-06  -80
3740.01  1.3415e-06  -80
3745.01  1.3415e-06  -80
3750.01  1.3415e-06  -80
3755.01  1.3415e-06  -80
3760.01  1.3415e-06  -80
3765.01  1.3415e-06  -80
3770.01  1.3415e-06  -80
3775.01  1.3415e-06  -80
3780.01  1.3415e-06  -80
3785.01  1.3415e-06  -80
3790.01  1.3415e-06  -80
3795.01  1.3415e-06  -80
3800.01  1.3415e-06  -80
3805.01  1.3415e-06  -80
3810.01  1.3415e-06  -80
3815.01  1.3415e-06  -80
3820.01  1.3415e-06  -80
3825.01  1.3415e-06  -80
3830.01  1.3415e-06  -80
3835.01  1.3415e-06  -80
3840.01  1.3415e-06  -80
3845.01  1.3415e-06  -80
3850.01  1.3415e-06  -80
3855.01  1.3415e-06  -80
3860.01  1.3415e-06  -80
3865.01  1.3415e-06  -80
3870.01  1.3415e-06  -80
3875.01  1.3415e-06  -80
3880.01  1.3415e-06  -80
3885.01  1.3415e-06  -80
3890.01  1.3415e-06  -80
3895.01  1.3415e-06  -80
3900.01  1.3415e-06  -80
3905.01  1.3415e-06  -80
3910.01  1.3415e-06  -80
3915.01  1.3415e-06  -80
3920.01  1.3415e-06  -80
3925.01  1.3415e-06  -80
3930.01  1.3415e-06  -80
3935.01  1.3415e-06  -80
3940.01  1.3415e-06  -80
3945.01  1.3415e-06  -80
3950.01  1.3415e-06  -80
3955.01  1.3415e-06  -80
3960.01  1.3415e-06  -80
3965.01  1.3415e-06  -80
3970.01  1.3415e-06  -80
3975.01  1.3415e-06  -80
3980.01  1.3415e-06  -80
3985.01  1.3415e-06  -80
3990.01  1.3415e-06  -80
3995.01  1.3415e-06  -80
4000.01  1.3415e-06  -80
4005.01  1.3415e-06  -80
4010.01  1.3415e-06  -80
4015.01  1.3415e-06  -80
4020.01  1.3415e-06  -80
4025.01  1.3415e-06  -80
4030.01  1.3415e-06  -80
4035.01  1.3415e-06  -80
4040.01  1.3415e-06  -80
4045.01  1.3415e-06  -80
4050.01  1.3415e-06  -80
4055.01  1.3415e-06  -80
4060.01  1.3415e-06  -80
4065.01  1.3415e-06  -80
4070.01  1.3415e-06  -80
4075.01  1.3415e-06  -80
4080.01  1.3415e-06  -80
4085.01  1.3415e-06  -80
4090.01  1.3415e-06  -80
4095.01  1.3415e-06  -80
4100.01  1.3415e-06  -80
4105.01  1.3415e-06  -80
4110.01  1.3415e-06  -80
4115.01  1.3415e-06  -80
4120.01  1.3415e-06  -80
4125.01  1.3415e-06  -80
4130.01  1.3415e-06  -80
4135.01  1.3415e-06  -80
4140.01  1.3415e-06  -80
4145.01  1.3415e-06  -80
4150.01  1.3415e-06  -80
4155.01  1.3415e-06  -80
4160.01  1.3415e-06  -80
4165.01  1.3415e-06  -80
4170.01  1.3415e-06  -80
4175.01  1.3415e-06  -80
4180.01  1.3415e-06  -80
4185.01  1.3415e-06  -80
4190.01  1.3415e-06  -80
4195.01  1.3415e-06  -80
4200.01  1.3415e-06  -80
4205.01  1.3415e-06  -80
4210.01  1.3415e-06  -80
4215.01  1.3415e-06  -80
4220.01  1.3415e-06  -80
4225.01  1.3415e-06  -80
4230.01  1.3415e-06  -80
4235.01  1.3415e-06  -80
4240.01  1.3415e-06  -80
4245.01  1.3415e-06  -80
4250.01  1.3415e-06  -80
4255.01  1.3415e-06  -80
4260.01  1.3415e-06  -80
4265.01  1.3415e-06  -80
4270.01  1.3415e-06  -80
4275.01  1.3415e-06  -80
4280.01  1.3415e-06  -80
4285.01  1.3415e-06  -80
4290.01  1.3415e-06  -80
4295.01  1.3415e-06  -80
4300.01  1.3415e-06  -80
4305.01  1.3415e-06  -80
4310.01  1.3415e-06  -80
4315.01  1.3415e-06  -80
4320.01  1.3415e-06  -80
4325.01  1.3415e-06  -80
4330.01  1.3415e-06  -80
4335.01  1.3415e-06  -80
4340.01  1.3415e-06  -80
4345.01  1.3415e-06  -80
4350.01  1.3415e-06  -80
4355.01  1.3415e-06  -80
4360.01  1.3415e-06  -80
4365.01  1.3415e-06  -80
4370.01  1.3415e-06  -80
4375.01  1.3415e-06  -80
4380.01  1.3415e-06  -80
4385.01  1.3415e-06  -80
4390.01  1.3415e-06  -80
4395.01  1.3415e-06  -80
4400.01  1.3415e-06  -80
4405.01  1.3415e-06  -80
4410.01  1.3415e-06  -80
4415.01  1.3415e-06  -80
4420.01  1.3415e-06  -80
4425.01  1.3415e-06  -80
4430.01  1.3415e-06  -80
4435.01  1.3415e-06  -80
4440.01  1.3415e-06  -80
4445.01  1.3415e-06  -80
4450.01  1.3415e-06  -80
4455.01  1.3415e-06  -80
4460.01  1.3415e-06  -80
4465.01  1.3415e-06  -80
4470.01  1.3415e-06  -80
4475.01  1.3415e-06  -80
4480.01  1.3415e-06  -80
4485.01  1.3415e-06  -80
4490.01  1.3415e-06  -80
4495.01  1.3415e-06  -80
4500.01  1.3415e-06  -80
4505.01  1.3415e-06  -80
4510.01  1.3415e-06  -80
4515.01  1.3415e-06  -80
4520.01  1.3415e-06  -80
4525.01  1.3415e-06  -80
4530.01  1.3415e-06  -80
4535.01  1.3415e-06  -80
4540.01  1.3415e-06  -80
4545.01  1.3415e-06  -80
4550.01  1.3415e-06  -80
4555.01  1.3415e-06  -80
4560.01  1.3415e-06  -80
4565.01  1.3415e-06  -80
4570.01  1.3415e-06  -80
4575.01  1.3415e-06  -80
4580.01  1.3415e-06  -80
4585.01  1.3415e-06  -80
4590.01  1.3415e-06  -80
4595.01  1.3415e-06  -80
4600.01  1.3415e-06  -80
4605.01  1.3415e-06  -80
4610.01  1.3415e-06  -80
4615.01  1.3415e-06  -80
4620.01  1.3415e-06  -80
4625.01  1.3415e-06  -80
4630.01  1.3415e-06  -80
4635.01  1.3415e-06  -80
4640.01  1.3415e-06  -80
4645.01  1.3415e-06  -80
4650.01  1.3415e-06  -80
4655.01  1.3415e-06  -80
4660.01  1.3415e-06  -80
4665.01  1.3415e-06  -80
4670.01  1.3415e-06  -80
4675.01  1.3415e-06  -80
4680.01  1.3415e-06  -80
4685.01  1.3415e-06  -80
4690.01  1.3415e-06  -80
4695.01  1.3415e-06  -80
4700.01  1.3415e-06  -80
4705.01  1.3415e-06  -80
4710.01  1.3415e-06  -80
4715.01  1.3415e-06  -80
4720.01  1.3415e-06  -80
4725.01  1.3415e-06  -80
4730.01  1.3415e-06  -80
4735.01  1.3415e-06  -80
4740.01  1.3415e-06  -80
4745.01  1.3415e-06  -80
4750.01  1.3415e-06  -80
4755.01  1.3415e-06  -80
4760.01  1.3415e-06  -80
4765.01  1.3415e-06  -80
4770.01  1.3415e-06  -80
4775.01  1.3415e-06  -80
4780.01  1.3415e-06  -80
4785.01  1.3415e-06  -80
4790.01  1.3415e-06  -80
4795.01  1.3415e-06  -80
4800.01  1.3415e-06  -80
4805.01  1.3415e-06  -80
4810.01  1.3415e-06  -80
4815.01  1.3415e-06  -80
4820.01  1.3415e-06  -80
4825.01  1.3415e-06  -80
4830.01  1.3415e-06  -80
4835.01  1.3415e-06  -80
4840.01  1.3415e-06  -80
4845.01  1.3415e-06  -80
4850.01  1.3415e-06  -80
4855.01  1.3415e-06  -80
4860.01  1.3415e-06  -80
4865.01  1.3415e-06  -80
4870.01  1.3415e-06  -80
4875.01  1.3415e-06  -80
4880.01  1.3415e-06  -80
4885.01  1.3415e-06  -80
4890.01  1.3415e-06  -80
4895.01  1.3415e-06  -80
4900.01  1.3415e-06  -80
4905.01  1.3415e-06  -80
4910.01  1.3415e-06  -80
4915.01  1.3415e-06  -80
4920.01  1.3415e-06  -80
4925.01  1.3415e-06  -80
4930.01  1.3415e-06  -80
4935.01  1.3415e-06  -80
4940.01  1.3415e-06  -80
4945.01  1.3415e-06  -80
4950.01  1.3415e-06  -80
4955.01  1.3415e-06  -80
4960.01  1.3415e-06  -80
4965.01  1.3415e-06  -80
4970.01  1.3415e-06  -80
4975.01  1.3415e-06  -80
4980.01  1.3415e-06  -80
4985.01  1.3415e-06  -80
4990.01  1.3415e-06  -80
4995.01  1.3415e-06  -80
5000.01  1.3415e-06  -80
5005.01  1.3415e-06  -80
5010.01  1.3415e-06  -80
5015.01  1.3415e-06  -80
5020.01  1.3415e-06  -80
5025.01  1.3415e-06  -80
5030.01  1.3415e-06  -80
5035.01  1.3415e-06  -80
5040.01  1.3415e-06  -80
5045.01  1.3415e-06  -80
5050.01  1.3415e-06  -80
5055.01  1.3415e-06  -80
5060.01  1.3415e-06  -80
5065.01  1.3415e-06  -80
5070.01  1.3415e-06  -80
5075.01  1.3415e-06  -80
5080.01  1.3415e-06  -80
5085.01  1.3415e-06  -80
5090.01  1.3415e-06  -80
5095.01  1.3415e-06  -80
5100.01  1.3415e-06  -80
5105.01  1.3415e-06  -80
5110.01  1.3415e-06  -80
5115.01  1.3415e-06  -80
5120.01  1.3415e-06  -80
5125.01  1.3415e-06  -80
5130.01  1.3415e-06  -80
5135.01  1.3415e-06  -80
5140.01  1.3415e-06  -80
5145.01  1.3415e-06  -80
5150.01  1.3415e-06  -80
5155.01  1.3415e-06  -80
5160.01  1.3415e-06  -80
5165.01  1.3415e-06  -80
5170.01  1.3415e-06  -80
5175.01  1.3415e-06  -80
5180.01  1.3415e-06  -80
5185.01  1.3415e-06  -80
5190.01  1.3415e-06  -80
5195.01  1.3415e-06  -80
5200.01  1.3415e-06  -80
5205.01  1.3415e-06  -80
5210.01  1.3415e-06  -80
5215.01  1.3415e-06  -80
5220.01  1.3415e-06  -80
5225.01  1.3415e-06  -80
5230.01  1.3415e-06  -80
5235.01  1.3415e-06  -80
5240.01  1.3415e-06  -80
5245.01  1.3415e-06  -80
5250.01  1.3415e-06  -80
5255.01  1.3415e-06  -80
5260.01  1.3415e-06  -80
5265.01  1.3415e-06  -80
5270.01  1.3415e-06  -80
5275.01  1.3415e-06  -80
5280.01  1.3415e-06  -80
5285.01  1.3415e-06  -80
5290.01  1.3415e-06  -80
5295.01  1.3415e-06  -80
5300.01  1.3415e-06  -80
5305.01  1.3415e-06  -80
5310.01  1.3415e-06  -80
5315.01  1.3415e-06  -80
5320.01  1.3415e-06  -80
5325.01  1.3415e-06  -80
5330.01  1.3415e-06  -80
5335.01  1.3415e-06  -80
5340.01  1.3415e-06  -80
5345.01  1.3415e-06  -80
5350.01  1.3415e-06  -80
5355.01  1.3415e-06  -80
5360.01  1.3415e-06  -80
5365.01  1.3415e-06  -80
5370.01  1.3415e-06  -80
5375.01  1.3415e-06  -80
5380.01  1.3415e-06  -80
5385.01  1.3415e-06  -80
5390.01  1.3415e-06  -80
5395.01  1.3415e-06  -80
5400.01  1.3415e-06  -80
5405.01  1.3415e-06  -80
5410.01  1.3415e-06  -80
5415.01  1.3415e-06  -80
5420.01  1.3415e-06  -80
5425.01  1.3415e-06  -80
5430.01  1.3415e-06  -80
5435.01  1.3415e-06  -80
5440.01  1.3415e-06  -80
5445.01  1.3415e-06  -80
5450.01  1.3415e-06  -80
5455.01  1.3415e-06  -80
5460.01  1.3415e-06  -80
5465.01  1.3415e-06  -80
5470.01  1.3415e-06  -80
5475.01  1.3415e-06  -80
5480.01  1.3415e-06  -80
5485.01  1.3415e-06  -80
5490.01  1.3415e-06  -80
5495.01  1.3415e-06  -80
5500.01  1.3415e-06  -80
5505.01  1.3415e-06  -80
5510.01  1.3415e-06  -80
5515.01  1.3415e-06  -80
5520.01  1.3415e-06  -80
5525.01  1.3415e-06  -80
5530.01  1.3415e-06  -80
5535.01  1.3415e-06  -80
5540.01  1.3415e-06  -80
5545.01  1.3415e-06  -80
5550.01  1.3415e-06  -80
5555.01  1.3415e-06  -80
5560.01  1.3415e-06  -80
5565.01  1.3415e-06  -80
5570.01  1.3415e-06  -80
5575.01  1.3415e-06  -80
5580.01  1.3415e-06  -80
5585.01  1.3415e-06  -80
5590.01  1.3415e-06  -80
5595.01  1.3415e-06  -80
5600.01  1.3415e-06  -80
5605.01  1.3415e-06  -80
5610.01  1.3415e-06  -80
5615.01  1.3415e-06  -80
5620.01  1.3415e-06  -80
5625.01  1.3415e-06  -80
5630.01  1.3415e-06  -80
5635.01  1.3415e-06  -80
5640.01  1.3415e-06  -80
5645.01  1.3415e-06  -80
5650.01  1.3415e-06  -80
5655.01  1.3415e-06  -80
5660.01  1.3415e-06  -80
5665.01  1.3415e-06  -80
5670.01  1.3415e-06  -80
5675.01  1.3415e-06  -80
5680.01  1.3415e-06  -80
5685.01  1.3415e-06  -80
5690.01  1.3415e-06  -80
5695.01  1.3415e-06  -80
5700.01  1.3415e-06  -80
5705.01  1.3415e-06  -80
5710.01  1.3415e-06  -80
5715.01  1.3415e-06  -80
5720.01  1.3415e-06  -80
5725.01  1.3415e-06  -80
5730.01  1.3415e-06  -80
5735.01  1.3415e-06  -80
5740.01  1.3415e-06  -80
5745.01  1.3415e-06  -80
5750.01  1.3415e-06  -80
5755.01  1.3415e-06  -80
5760.01  1.3415e-06  -80
5765.01  1.3415e-06  -80
5770.01  1.3415e-06  -80
5775.01  1.3415e-06  -80
5780.01  1.3415e-06  -80
5785.01  1.3415e-06  -80
5790.01  1.3415e-06  -80
5795.01  1.3415e-06  -80
5800.01  1.3415e-06  -80
5805.01  1.3415e-06  -80
5810.01  1.3415e-06  -80
5815.01  1.3415e-06  -80
5820.01  1.3415e-06  -80
5825.01  1.3415e-06  -80
5830.01  1.3415e-06  -80
5835.01  1.3415e-06  -80
5840.01  1.3415e-06  -80
5845.01  1.3415e-06  -80
5850.01  1.3415e-06  -80
5855.01  1.3415e-06  -80
5860.01  1.3415e-06  -80
5865.01  1.3415e-06  -80
5870.01  1.3415e-06  -80
5875.01  1.3415e-06  -80
5880.01  1.3415e-06  -80
5885.01  1.3415e-06  -80
5890.01  1.3415e-06  -80
5895.01  1.3415e-06  -80
5900.01  1.3415e-06  -80
5905.01  1.3415e-06  -80
5910.01  1.3415e-06  -80
5915.01  1.3415e-06  -80
5920.01  1.3415e-06  -80
5925.01  1.3415e-06  -80
5930.01  1.3415e-06  -80
5935.01  1.3415e-06  -80
5940.01  1.3415e-06  -80
5945.01  1.3415e-06  -80
5950.01  1.3415e-06  -80
5955.01  1.3415e-06  -80
5960.01  1.3415e-06  -80
5965.01  1.3415e-06  -80
5970.01  1.3415e-06  -80
5975.01  1.3415e-06  -80
5980.01  1.3415e-06  -80
5985.01  1.3415e-06  -80
5990.01  1.3415e-06  -80
5995.01  1.3415e-06  -80
6000.01  1.3415e-06  -80
6005.01  1.3415e-06  -80
6010.01  1.3415e-06  -80
6015.01  1.3415e-06  -80
6020.01  1.3415e-06  -80
6025.01  1.3415e-06  -80
6030.01  1.3415e-06  -80
6035.01  1.3415e-06  -80
6040.01  1.3415e-06  -80
6045.01  1.3415e-06  -80
6050.01  1.3415e-06  -80
6055.01  1.3415e-06  -80
6060.01  1.3415e-06  -80
6065.01  1.3415e-06  -80
6070.01  1.3415e-06  -80
6075.01  1.3415e-06  -80
6080.01  1.3415e-06  -80
6085.01  1.3415e-06  -80
6090.01  1.3415e-06  -80
6095.01  1.3415e-06  -80
6100.01  1.3415e-06  -80
6105.01  1.3415e-06  -80
6110.01  1.3415e-06  -80
6115.01  1.3415e-06  -80
6120.01  1.3415e-06  -80
6125.01  1.3415e-06  -80
6130.01  1.3415e-06  -80
6135.01  1.3415e-06  -80
6140.01  1.3415e-06  -80
6145.01  1.3415e-06  -80
6150.01  1.3415e-06  -80
6155.01  1.3415e-06  -80
6160.01  1.3415e-06  -80
6165.01  1.3415e-06  -80
6170.01  1.3415e-06  -80
6175.01  1.3415e-06  -80
6180.01  1.3415e-06  -80
6185.01  1.3415e-06  -80
6190.01  1.3415e-06  -80
6195.01  1.3415e-06  -80
6200.01  1.3415e-06  -80
6205.01  1.3415e-06  -80
6210.01  1.3415e-06  -80
6215.01  1.3415e-06  -80
6220.01  1.3415e-06  -80
6225.01  1.3415e-06  -80
6230.01  1.3415e-06  -80
6235.01  1.3415e-06  -80
6240.01  1.3415e-06  -80
6245.01  1.3415e-06  -80
6250.01  1.3415e-06  -80
6255.01  1.3415e-06  -80
6260.01  1.3415e-06  -80
6265.01  1.3415e-06  -80
6270.01  1.3415e-06  -80
6275.01  1.3415e-06  -80
6280.01  1.3415e-06  -80
6285.01  1.3415e-06  -80
6290.01  1.3415e-06  -80
6295.01  1.3415e-06  -80
6300.01  1.3415e-06  -80
6305.01  1.3415e-06  -80
6310.01  1.3415e-06  -80
6315.01  1.3415e-06  -80
6320.01  1.3415e-06  -80
6325.01  1.3415e-06  -80
6330.01  1.3415e-06  -80
6335.01  1.3415e-06  -80
6340.01  1.3415e-06  -80
6345.01  1.3415e-06  -80
6350.01  1.3415e-06  -80
6355.01  1.3415e-06  -80
6360.01  1.3415e-06  -80
6365.01  1.3415e-06  -80
6370.01  1.3415e-06  -80
6375.01  1.3415e-06  -80
6380.01  1.3415e-06  -80
6385.01  1.3415e-06  -80
6390.01  1.3415e-06  -80
6395.01  1.3415e-06  -80
6400.01  1.3415e-06  -80
6405.01  1.3415e-06  -80
6410.01  1.3415e-06  -80
6415.01  1.3415e-06  -80
6420.01  1.3415e-06  -80
6425.01  1.3415e-06  -80
6430.01  1.3415e-06  -80
6435.01  1.3415e-06  -80
6440.01  1.3415e-06  -80
6445.01  1.3415e-06  -80
6450.01  1.3415e-06  -80
6455.01  1.3415e-06  -80
6460.01  1.3415e-06  -80
6465.01  1.3415e-06  -80
6470.01  1.3415e-06  -80
6475.01  1.3415e-06  -80
6480.01  1.3415e-06  -80
6485.01  1.3415e-06  -80
6490.01  1.3415e-06  -80
6495.01  1.3415e-06  -80
6500.01  1.3415e-06  -80
6505.01  1.3415e-06  -80
6510.01  1.3415e-06  -80
6515.01  1.3415e-06  -80
6520.01  1.3415e-06  -80
6525.01  1.3415e-06  -80
6530.01  1.3415e-06  -80
6535.01  1.3415e-06  -80
6540.01  1.3415e-06  -80
6545.01  1.3415e-06  -80
6550.01  1.3415e-06  -80
6555.01  1.3415e-06  -80
6560.01  1.3415e-06  -80
6565.01  1.3415e-06  -80
6570.01  1.3415e-06  -80
6575.01  1.3415e-06  -80
6580.01  1.3415e-06  -80
6585.01  1.3415e-06  -80
6590.01  1.3415e-06  -80
6595.01  1.3415e-06  -80
6600.01  1.3415e-06  -80
6605.01  1.3415e-06  -80
6610.01  1.3415e-06  -80
6615.01  1.3415e-06  -80
6620.01  1.3415e-06  -80
6625.01  1.3415e-06  -80
6630.01  1.3415e-06  -80
6635.01  1.3415e-06  -80
6640.01  1.3415e-06  -80
6645.01  1.3415e-06  -80
6650.01  1.3415e-06  -80
6655.01  1.3415e-06  -80
6660.01  1.3415e-06  -80
6665.01  1.3415e-06  -80
6670.01  1.3415e-06  -80
6675.01  1.3415e-06  -80
6680.01  1.3415e-06  -80
6685.01  1.3415e-06  -80
6690.01  1.3415e-06  -80
6695.01  1.3415e-06  -80
6700.01  1.3415e-06  -80
6705.01  1.3415e-06  -80
6710.01  1.3415e-06  -80
6715.01  1.3415e-06  -80
6720.01  1.3415e-06  -80
6725.01  1.3415e-06  -80
6730.01  1.3415e-06  -80
6735.01  1.3415e-06  -80
6740.01  1.3415e-06  -80
6745.01  1.3415e-06  -80
6750.01  1.3415e-06  -80
6755.01  1.3415e-06  -80
6760.01  1.3415e-06  -80
6765.01  1.3415e-06  -80
6770.01  1.3415e-06  -80
6775.01  1.3415e-06  -80
6780.01  1.3415e-06  -80
6785.01  1.3415e-06  -80
6790.01  1.3415e-06  -80
6795.01  1.3415e-06  -80
6800.01  1.3415e-06  -80
6805.01  1.3415e-06  -80
6810.01  1.3415e-06  -80
6815.01  1.3415e-06  -80
6820.01  1.3415e-06  -80
6825.01  1.3415e-06  -80
6830.01  1.3415e-06  -80
6835.01  1.3415e-06  -80
6840.01  1.3415e-06  -80
6845.01  1.3415e-06  -80
6850.01  1.3415e-06  -80
6855.01  1.3415e-06  -80
6860.01  1.3415e-06  -80
6865.01  1.3415e-06  -80
6870.01  1.3415e-06  -80
6875.01  1.3415e-06  -80
6880.01  1.3415e-06  -80
6885.01  1.3415e-06  -80
6890.01  1.3415e-06  -80
6895.01  1.3415e-06  -80
6900.01  1.3415e-06  -80
6905.01  1.3415e-06  -80
6910.01  1.3415e-06  -80
6915.01  1.3415e-06  -80
6920.01  1.3415e-06  -80
6925.01  1.3415e-06  -80
6930.01  1.3415e-06  -80
6935.01  1.3415e-06  -80
6940.01  1.3415e-06  -80
6945.01  1.3415e-06  -80
6950.01  1.3415e-06  -80
6955.01  1.3415e-06  -80
6960.01  1.3415e-06  -80
6965.01  1.3415e-06  -80
6970.01  1.3415e-06  -80
6975.01  1.3415e-06  -80
6980.01  1.3415e-06  -80
6985.01  1.3415e-06  -80
6990.01  1.3415e-06  -80
6995.01  1.3415e-06  -80
7000.01  1.3415e-06  -80
7005.01  1.3415e-06  -80
7010.01  1.3415e-06  -80
7015.01  1.3415e-06  -80
7020.01  1.3415e-06  -80
7025.01  1.3415e-06  -80
7030.01  1.3415e-06  -80
7035.01  1.3415e-06  -80
7040.01  1.3415e-06  -80
7045.01  1.3415e-06  -80
7050.01  1.3415e-06  -80
7055.01  1.3415e-06  -80
7060.01  1.3415e-06  -80
7065.01  1.3415e-06  -80
7070.01  1.3415e-06  -80
7075.01  1.3415e-06  -80
7080.01  1.3415e-06  -80
7085.01  1.3415e-06  -80
7090.01  1.3415e-06  -80
7095.01  1.3415e-06  -80
7100.01  1.3415e-06  -80
7105.01  1.3415e-06  -80
7110.01  1.3415e-06  -80
7115.01  1.3415e-06  -80
7120.01  1.3415e-06  -80
7125.01  1.3415e-06  -80
7130.01  1.3415e-06  -80
7135.01  1.3415e-06  -80
7140.01  1.3415e-06  -80
7145.01  1.3415e-06  -80
7150.01  1.3415e-06  -80
7155.01  1.3415e-06  -80
7160.01  1.3415e-06  -80
7165.01  1.3415e-06  -80
7170.01  1.3415e-06  -80
7175.01  1.3415e-06  -80
7180.01  1.3415e-06  -80
7185.01  1.3415e-06  -80
7190.01  1.3415e-06  -80
7195.01  1.3415e-06  -80
7200.01  1.3415e-06  -80
7205.01  1.3415e-06  -80
7210.01  1.3415e-06  -80
7215.01  1.3415e-06  -80
7220.01  1.3415e-06  -80
7225.01  1.3415e-06  -80
7230.01  1.3415e-06  -80
7235.01  1.3415e-06  -80
7240.01  1.3415e-06  -80
7245.01  1.3415e-06  -80
7250.01  1.3415e-06  -80
7255.01  1.3415e-06  -80
7260.01  1.3415e-06  -80
7265.01  1.3415e-06  -80
7270.01  1.3415e-06  -80
7275.01  1.3415e-06  -80
7280.01  1.3415e-06  -80
7285.01  1.3415e-06  -80
7290.01  1.3415e-06  -80
7295.01  1.3415e-06  -80
7300.01  1.3415e-06  -80
7305.01  1.3415e-06  -80
7310.01  1.3415e-06  -80
7315.01  1.3415e-06  -80
7320.01  1.3415e-06  -80
7325.01  1.3415e-06  -80
7330.01  1.3415e-06  -80
7335.01  1.3415e-06  -80
7340.01  1.3415e-06  -80
7345.01  1.3415e-06  -80
7350.01  1.3415e-06  -80
7355.01  1.3415e-06  -80
7360.01  1.3415e-06  -80
7365.01  1.3415e-06  -80
7370.01  1.3415e-06  -80
7375.01  1.3415e-06  -80
7380.01  1.3415e-06  -80
7385.01  1.3415e-06  -80
7390.01  1.3415e-06  -80
7395.01  1.3415e-06  -80
7400.01  1.3415e-06  -80
7405.01  1.3415e-06  -80
7410.01  1.3415e-06  -80
7415.01  1.3415e-06  -80
7420.01  1.3415e-06  -80
7425.01  1.3415e-06  -80
7430.01  1.3415e-06  -80
7435.01  1.3415e-06  -80
7440.01  1.3415e-06  -80
7445.01  1.3415e-06  -80
7450.01  1.3415e-06  -80
7455.01  1.3415e-06  -80
7460.01  1.3415e-06  -80
7465.01  1.3415e-06  -80
7470.01  1.3415e-06  -80
7475.01  1.3415e-06  -80
7480.01  1.3415e-06  -80
7485.01  1.3415e-06  -80
7490.01  1.3415e-06  -80
7495.01  1.3415e-06  -80
7500.01  1.3415e-06  -80
7505.01  1.3415e-06  -80
7510.01  1.3415e-06  -80
7515.01  1.3415e-06  -80
7520.01  1.3415e-06  -80
7525.01  1.3415e-06  -80
7530.01  1.3415e-06  -80
7535.01  1.3415e-06  -80
7540.01  1.3415e-06  -80
7545.01  1.3415e-06  -80
7550.01  1.3415e-06  -80
7555.01  1.3415e-06  -80
7560.01  1.3415e-06  -80
7565.01  1.3415e-06  -80
7570.01  1.3415e-06  -80
7575.01  1.3415e-06  -80
7580.01  1.3415e-06  -80
7585.01  1.3415e-06  -80
7590.01  1.3415e-06  -80
7595.01  1.3415e-06  -80
7600.01  1.3415e-06  -80
7605.01  1.3415e-06  -80
7610.01  1.3415e-06  -80
7615.01  1.3415e-06  -80
7620.01  1.3415e-06  -80
7625.01  1.3415e-06  -80
7630.01  1.3415e-06  -80
7635.01  1.3415e-06  -80
7640.01  1.3415e-06  -80
7645.01  1.3415e-06  -80
7650.01  1.3415e-06  -80
7655.01  1.3415e-06  -80
7660.01  1.3415e-06  -80
7665.01  1.3415e-06  -80
7670.01  1.3415e-06  -80
7675.01  1.3415e-06  -80
7680.01  1.3415e-06  -80
7685.01  1.3415e-06  -80
7690.01  1.3415e-06  -80
7695.01  1.3415e-06  -80
7700.01  1.3415e-06  -80
7705.01  1.3415e-06  -80
7710.01  1.3415e-06  -80
7715.01  1.3415e-06  -80
7720.01  1.3415e-06  -80
7725.01  1.3415e-06  -80
7730.01  1.3415e-06  -80
7735.01  1.3415e-06  -80
7740.01  1.3415e-06  -80
7745.01  1.3415e-06  -80
7750.01  1.3415e-06  -80
7755.01  1.3415e-06  -80
7760.01  1.3415e-06  -80
7765.01  1.3415e-06  -80
7770.01  1.3415e-06  -80
7775.01  1.3415e-06  -80
7780.01  1.3415e-06  -80
7785.01  1.3415e-06  -80
7790.01  1.3415e-06  -80
7795.01  1.3415e-06  -80
7800.01  1.3415e-06  -80
7805.01  1.3415e-06  -80
7810.01  1.3415e-06  -80
7815.01  1.3415e-06  -80
7820.01  1.3415e-06  -80
7825.01  1.3415e-06  -80
7830.01  1.3415e-06  -80
7835.01  1.3415e-06  -80
7840.01  1.3415e-06  -80
7845.01  1.3415e-06  -80
7850.01  1.3415e-06  -80
7855.01  1.3415e-06  -80
7860.01  1.3415e-06  -80
7865.01  1.3415e-06  -80
7870.01  1.3415e-06  -80
7875.01  1.3415e-06  -80
7880.01  1.3415e-06  -80
7885.01  1.3415e-06  -80
7890.01  1.3415e-06  -80
7895.01  1.3415e-06  -80
7900.01  1.3415e-06  -80
7905.01  1.3415e-06  -80
7910.01  1.3415e-06  -80
7915.01  1.3415e-06  -80
7920.01  1.3415e-06  -80
7925.01  1.3415e-06  -80
7930.01  1.3415e-06  -80
7935.01  1.3415e-06  -80
7940.01  1.3415e-06  -80
7945.01  1.3415e-06  -80
7950.01  1.3415e-06  -80
7955.01  1.3415e-06  -80
7960.01  1.3415e-06  -80
7965.01  1.3415e-06  -80
7970.01  1.3415e-06  -80
7975.01  1.3415e-06  -80
7980.01  1.3415e-06  -80
7985.01  1.3415e-06  -80
7990.01  1.3415e-06  -80
7995.01  1.3415e-06  -80
8000.01  1.3415e-06  -80
8005.01  1.3415e-06  -80
8010.01  1.3415e-06  -80
8015.01  1.3415e-06  -80
8020.01  1.3415e-06  -80
8025.01  1.3415e-06  -80
8030.01  1.3415e-06  -80
8035.01  1.3415e-06  -80
8040.01  1.3415e-06  -80
8045.01  1.3415e-06  -80
8050.01  1.3415e-06  -80
8055.01  1.3415e-06  -80
8060.01  1.3415e-06  -80
8065.01  1.3415e-06  -80
8070.01  1.3415e-06  -80
8075.01  1.3415e-06  -80
8080.01  1.3415e-06  -80
8085.01  1.3415e-06  -80
8090.01  1.3415e-06  -80
8095.01  1.3415e-06  -80
8100.01  1.3415e-06  -80
8105.01  1.3415e-06  -80
8110.01  1.3415e-06  -80
8115.01  1.3415e-06  -80
8120.01  1.3415e-06  -80
8125.01  1.3415e-06  -80
8130.01  1.3415e-06  -80
8135.01  1.3415e-06  -80
8140.01  1.3415e-06  -80
8145.01  1.3415e-06  -80
8150.01  1.3415e-06  -80
8155.01  1.3415e-06  -80
8160.01  1.3415e-06  -80
8165.01  1.3415e-06  -80
8170.01  1.3415e-06  -80
8175.01  1.3415e-06  -80
8180.01  1.3415e-06  -80
8185.01  1.3415e-06  -80
8190.01  1.3415e-06  -80
8195.01  1.3415e-06  -80
8200.01  1.3415e-06  -80
8205.01  1.3415e-06  -80
8210.01  1.3415e-06  -80
8215.01  1.3415e-06  -80
8220.01  1.3415e-06  -80
8225.01  1.3415e-06  -80
8230.01  1.3415e-06  -80
8235.01  1.3415e-06  -80
8240.01  1.3415e-06  -80
8245.01  1.3415e-06  -80
8250.01  1.3415e-06  -80
8255.01  1.3415e-06  -80
8260.01  1.3415e-06  -80
8265.01  1.3415e-06  -80
8270.01  1.3415e-06  -80
8275.01  1.3415e-06  -80
8280.01  1.3415e-06  -80
8285.01  1.3415e-06  -80
8290.01  1.3415e-06  -80
8295.01  1.3415e-06  -80
8300.01  1.3415e-06  -80
8305.01  1.3415e-06  -80
8310.01  1.3415e-06  -80
8315.01  1.3415e-06  -80
8320.01  1.3415e-06  -80
8325.01  1.3415e-06  -80
8330.01  1.3415e-06  -80
8335.01  1.3415e-06  -80
8340.01  1.3415e-06  -80
8345.01  1.3415e-06  -80
8350.01  1.3415e-06  -80
8355.01  1.3415e-06  -80
8360.01  1.3415e-06  -80
8365.01  1.3415e-06  -80
8370.01  1.3415e-06  -80
8375.01  1.3415e-06  -80
8380.01  1.3415e-06  -80
8385.01  1.3415e-06  -80
8390.01  1.3415e-06  -80
8395.01  1.3415e-06  -80
8400.01  1.3415e-06  -80
8405.01  1.3415e-06  -80
8410.01  1.3415e-06  -80
8415.01  1.3415e-06  -80
8420.01  1.3415e-06  -80
8425.01  1.3415e-06  -80
8430.01  1.3415e-06  -80
8435.01  1.3415e-06  -80
8440.01  1.3415e-06  -80
8445.01  1.3415e-06  -80
8450.01  1.3415e-06  -80
8455.01  1.3415e-06  -80
8460.01  1.3415e-06  -80
8465.01  1.3415e-06  -80
8470.01  1.3415e-06  -80
8475.01  1.3415e-06  -80
8480.01  1.3415e-06  -80
8485.01  1.3415e-06  -80
8490.01  1.3415e-06  -80
8495.01  1.3415e-06  -80
8500.01  1.3415e-06  -80
8505.01  1.3415e-06  -80
8510.01  1.3415e-06  -80
8515.01  1.3415e-06  -80
8520.01  1.3415e-06  -80
8525.01  1.3415e-06  -80
8530.01  1.3415e-06  -80
8535.01  1.3415e-06  -80
8540.01  1.3415e-06  -80
8545.01  1.3415e-06  -80
8550.01  1.3415e-06  -80
8555.01  1.3415e-06  -80
8560.01  1.3415e-06  -80
8565.01  1.3415e-06  -80
8570.01  1.3415e-06  -80
8575.01  1.3415e-06  -80
8580.01  1.3415e-06  -80
8585.01  1.3415e-06  -80
8590.01  1.3415e-06  -80
8595.01  1.3415e-06  -80
8600.01  1.3415e-06  -80
8605.01  1.3415e-06  -80
8610.01  1.3415e-06  -80
8615.01  1.3415e-06  -80
8620.01  1.3415e-06  -80
8625.01  1.3415e-06  -80
8630.01  1.3415e-06  -80
8635.01  1.3415e-06  -80
8640.01  1.3415e-06  -80
8645.01  1.3415e-06  -80
8650.01  1.3415e-06  -80
8655.01  1.3415e-06  -80
8660.01  1.3415e-06  -80
8665.01  1.3415e-06  -80
8670.01  1.3415e-06  -80
8675.01  1.3415e-06  -80
8680.01  1.3415e-06  -80
8685.01  1.3415e-06  -80
8690.01  1.3415e-06  -80
8695.01  1.3415e-06  -80
8700.01  1.3415e-06  -80
8705.01  1.3415e-06  -80
8710.01  1.3415e-06  -80
8715.01  1.3415e-06  -80
8720.01  1.3415e-06  -80
8725.01  1.3415e-06  -80
8730.01  1.3415e-06  -80
8735.01  1.3415e-06  -80
8740.01  1.3415e-06  -80
8745.01  1.3415e-06  -80
8750.01  1.3415e-06  -80
8755.01  1.3415e-06  -80
8760.01  1.3415e-06  -80
8765.01  1.3415e-06  -80
8770.01  1.3415e-06  -80
8775.01  1.3415e-06  -80
8780.01  1.3415e-06  -80
8785.01  1.3415e-06  -80
8790.01  1.3415e-06  -80
8795.01  1.3415e-06  -80
8800.01  1.3415e-06  -80
8805.01  1.3415e-06  -80
8810.01  1.3415e-06  -80
8815.01  1.3415e-06  -80
8820.01  1.3415e-06  -80
8825.01  1.3415e-06  -80
8830.01  1.3415e-06  -80
8835.01  1.3415e-06  -80
8840.01  1.3415e-06  -80
8845.01  1.3415e-06  -80
8850.01  1.3415e-06  -80
8855.01  1.3415e-06  -80
8860.01  1.3415e-06  -80
8865.01  1.3415e-06  -80
8870.01  1.3415e-06  -80
8875.01  1.3415e-06  -80
8880.01  1.3415e-06  -80
8885.01  1.3415e-06  -80
8890.01  1.3415e-06  -80
8895.01  1.3415e-06  -80
8900.01  1.3415e-06  -80
8905.01  1.3415e-06  -80
8910.01  1.3415e-06  -80
8915.01  1.3415e-06  -80
8920.01  1.3415e-06  -80
8925.01  1.3415e-06  -80
8930.01  1.3415e-06  -80
8935.01  1.3415e-06  -80
8940.01  1.3415e-06  -80
8945.01  1.3415e-06  -80
8950.01  1.3415e-06  -80
8955.01  1.3415e-06  -80
8960.01  1.3415e-06  -80
8965.01  1.3415e-06  -80
8970.01  1.3415e-06  -80
8975.01  1.3415e-06  -80
8980.01  1.3415e-06  -80
8985.01  1.3415e-06  -80
8990.01  1.3415e-06  -80
8995.01  1.3415e-06  -80
9000.01  1.3415e-06  -80
9005.01  1.3415e-06  -80
9010.01  1.3415e-06  -80
9015.01  1.3415e-06  -80
9020.01  1.3415e-06  -80
9025.01  1.3415e-06  -80
9030.01  1.3415e-06  -80
9035.01  1.3415e-06  -80
9040.01  1.3415e-06  -80
9045.01  1.3415e-06  -80
9050.01  1.3415e-06  -80
9055.01  1.3415e-06  -80
9060.01  1.3415e-06  -80
9065.01  1.3415e-06  -80
9070.01  1.3415e-06  -80
9075.01  1.3415e-06  -80
9080.01  1.3415e-06  -80
9085.01  1.3415e-06  -80
9090.01  1.3415e-06  -80
9095.01  1.3415e-06  -80
9100.01  1.3415e-06  -80
9105.01  1.3415e-06  -80
9110.01  1.3415e-06  -80
9115.01  1.3415e-06  -80
9120.01  1.3415e-06  -80
9125.01  1.3415e-06  -80
9130.01  1.3415e-06  -80
9135.01  1.3415e-06  -80
9140.01  1.3415e-06  -80
9145.01  1.3415e-06  -80
9150.01  1.3415e-06  -80
9155.01  1.3415e-06  -80
9160.01  1.3415e-06  -80
9165  1.3415e-06  -80
9170  1.3415e-06  -80
9175  1.3415e-06  -80
9180  1.3415e-06  -80
9185  1.3415e-06  -80
9190  1.3415e-06  -80
9195  1.3415e-06  -80
9200  1.3415e-06  -80
9205  1.3415e-06  -80
9210  1.3415e-06  -80
9215  1.3415e-06  -80
9220  1.3415e-06  -80
9225  1.3415e-06  -80
9230  1.3415e-06  -80
9235  1.3415e-06  -80
9240  1.3415e-06  -80
9245  1.3415e-06  -80
9250  1.3415e-06  -80
9255  1.3415e-06  -80
9260  1.3415e-06  -80
9265  1.3415e-06  -80
9270  1.3415e-06  -80
9275  1.3415e-06  -80
9280  1.3415e-06  -80
9285  1.3415e-06  -80
9290  1.3415e-06  -80
9295  1.3415e-06  -80
9300  1.3415e-06  -80
9305  1.3415e-06  -80
9310  1.3415e-06  -80
9315  1.3415e-06  -80
9320  1.3415e-06  -80
9325  1.3415e-06  -80
9330  1.3415e-06  -80
9335  1.3415e-06  -80
9340  1.3415e-06  -80
9345  1.3415e-06  -80
9350  1.3415e-06  -80
9355  1.3415e-06  -80
9360  1.3415e-06  -80
9365  1.3415e-06  -80
9370  1.3415e-06  -80
9375  1.3415e-06  -80
9380  1.3415e-06  -80
9385  1.3415e-06  -80
9390  1.3415e-06  -80
9395  1.3415e-06  -80
9400  1.3415e-06  -80
9405  1.3415e-06  -80
9410  1.3415e-06  -80
9415  1.3415e-06  -80
9420  1.3415e-06  -80
9425  1.3415e-06  -80
9430  1.3415e-06  -80
9435  1.3415e-06  -80
9440  1.3415e-06  -80
9445  1.3415e-06  -80
9450  1.3415e-06  -80
9455  1.3415e-06  -80
9460  1.3415e-06  -80
9465  1.3415e-06  -80
9470  1.3415e-06  -80
9475  1.3415e-06  -80
9480  1.3415e-06  -80
9485  1.3415e-06  -80
9490  1.3415e-06  -80
9495  1.3415e-06  -80
9500  1.3415e-06  -80
9505  1.3415e-06  -80
9510  1.3415e-06  -80
9515  1.3415e-06  -80
9520  1.3415e-06  -80
9525  1.3415e-06  -80
9530  1.3415e-06  -80
9535  1.3415e-06  -80
9540  1.3415e-06  -80
9545  1.3415e-06  -80
9550  1.3415e-06  -80
9555  1.3415e-06  -80
9560  1.3415e-06  -80
9565  1.3415e-06  -80
9570  1.3415e-06  -80
9575  1.3415e-06  -80
9580  1.3415e-06  -80
9585  1.3415e-06  -80
9590  1.3415e-06  -80
9595  1.3415e-06  -80
9600  1.3415e-06  -80
9605  1.3415e-06  -80
9610  1.3415e-06  -80
9615  1.3415e-06  -80
9620  1.3415e-06  -80
9625  1.3415e-06  -80
9630  1.3415e-06  -80
9635  1.3415e-06  -80
9640  1.3415e-06  -80
9645  1.3415e-06  -80
9650  1.3415e-06  -80
9655  1.3415e-06  -80
9660  1.3415e-06  -80
9665  1.3415e-06  -80
9670  1.3415e-06  -80
9675  1.3415e-06  -80
9680  1.3415e-06  -80
9685  1.3415e-06  -80
9690  1.3415e-06  -80
9695  1.3415e-06  -80
9700  1.3415e-06  -80
9705  1.3415e-06  -80
9710  1.3415e-06  -80
9715  1.3415e-06  -80
9720  1.3415e-06  -80
9725  1.3415e-06  -80
9730  1.3415e-06  -80
9735  1.3415e-06  -80
9740  1.3415e-06  -80
9745  1.3415e-06  -80
9750  1.3415e-06  -80
9755  1.3415e-06  -80
9760  1.3415e-06  -80
9765  1.3415e-06  -80
9770  1.3415e-06  -80
9775  1.3415e-06  -80
9780  1.3415e-06  -80
9785  1.3415e-06  -80
9790  1.3415e-06  -80
9795  1.3415e-06  -80
9800  1.3415e-06  -80
9805  1.3415e-06  -80
9810  1.3415e-06  -80
9815  1.3415e-06  -80
9820  1.3415e-06  -80
9825  1.3415e-06  -80
9830  1.3415e-06  -80
9835  1.3415e-06  -80
9840  1.3415e-06  -80
9845  1.3415e-06  -80
9850  1.3415e-06  -80
9855  1.3415e-06  -80
9860  1.3415e-06  -80
9865  1.3415e-06  -80
9870  1.3415e-06  -80
9875  1.3415e-06  -80
9880  1.3415e-06  -80
9885  1.3415e-06  -80
9890  1.3415e-06  -80
9895  1.3415e-06  -80
9900  1.3415e-06  -80
9905  1.3415e-06  -80
9910  1.3415e-06  -80
9915  1.3415e-06  -80
9920  1.3415e-06  -80
9925  1.3415e-06  -80
9930  1.3415e-06  -80
9935  1.3415e-06  -80
9940  1.3415e-06  -80
9945  1.3415e-06  -80
9950  1.3415e-06  -80
9955  1.3415e-06  -80
9960  1.3415e-06  -80
9965  1.3415e-06  -80
9970  1.3415e-06  -80
9975  1.3415e-06  -80
9980  1.3415e-06  -80
9985  1.3415e-06  -80
9990  1.3415e-06  -80
9995  1.3415e-06  -80
10000  4.22963e-05  40
10005  0.00114496  40
10010  0.00549686  40
10015  0.0117937  40
10020  0.0184917  40
10025  0.0247341  40
10030  0.0301754  40
10035  0.0347395  40
10040  0.0384686  40
10045  0.0414487  40
10050  0.0437755  40
10055  0.0455405  40
10060  0.0468263  40
10065  0.0477057  40
10070  0.0482421  40
10075  0.0484901  40
10080  0.048497  40
10085  0.0483033  40
10090  0.0479439  40
10095  0.0474487  40
10100  0.0468432  40
10105  0.0461493  40
10110  0.0453857  40
10115  0.0445683  40
10120  0.0437107  40
10125  0.0428242  40
10130  0.0419186  40
10135  0.041002  40
10140  0.0400813  40
10145  0.0391622  40
10150  0.0382494  40
10155  0.0373469  40
10160  0.0364578  40
10165  0.0355847  40
10170  0.0347297  40
10175  0.0338943  40
10180  0.0330799  40
10185  0.0322873  40
10190  0.0315172  40
10195  0.03077  40
10200  0.0300459  40
10205  0.0293449  40
10210  0.028667  40
10215  0.028012  40
10220  0.0273796  40
10225  0.0267694  40
10230  0.026181  40
10235  0.0256139  40
10240  0.0250677  40
10245  0.0245418  40
10250  0.0240357  40
10255  0.0235487  40
10260  0.0230803  40
10265  0.02263  40
10270  0.022197  40
10275  0.021781  40
10280  0.0213812  40
10285  0.0209971  40
10290  0.0206282  40
10295  0.020274  40
10300  0.0199338  40
10305  0.0196071  40
10310  0.0192936  40
10315  0.0189926  40
10320  0.0187037  40
10325  0.0184264  40
10330  0.0181603  40
10335  0.0179049  40
10340  0.0176599  40
10345  0.0174248  40
10350  0.0171992  40
10355  0.0169828  40
10360  0.0167752  40
10365  0.016576  40
10370  0.0163849  40
10375  0.0162016  40
10380  0.0160257  40
10385  0.0158571  40
10390  0.0156953  40
10395  0.0155401  40
10400  0.0153912  40
10405  0.0152485  40
10410  0.0151115  40
10415  0.0149802  40
10420  0.0148542  40
10425  0.0147334  40
10430  0.0146175  40
10435  0.0145064  40
10440  0.0143998  40
10445  0.0142975  40
10450  0.0141995  40
10455  0.0141054  40
10460  0.0140152  40
10465  0.0139287  40
10470  0.0138458  40
10475  0.0137662  40
10480  0.0136899  40
10485  0.0136167  40
10490  0.0135466  40
10495  0.0134793  40
10500  0.0134147  40
10505  0.0133528  40
10510  0.0132934  40
10515  0.0132365  40
10520  0.0131819  40
10525  0.0131295  40
10530  0.0130793  40
10535  0.0130311  40
10540  0.012985  40
10545  0.0129407  40
10550  0.0128982  40
10555  0.0128574  40
10560  0.0128184  40
10565  0.0127809  40
10570  0.012745  40
10575  0.0127105  40
10580  0.0126774  40
10585  0.0126457  40
10590  0.0126153  40
10595  0.0125862  40
10600  0.0125582  40
10605  0.0125314  40
10610  0.0125057  40
10615  0.0124811  40
10620  0.0124574  40
10625  0.0124347  40
10630  0.012413  40
10635  0.0123921  40
10640  0.0123721  40
10645  0.0123529  40
10650  0.0123345  40
10655  0.0123169  40
10660  0.0123  40
10665  0.0122837  40
10670  0.0122682  40
10675  0.0122532  40
10680  0.0122389  40
10685  0.0122252  40
10690  0.012212  40
10695  0.0121994  40
10700  0.0121873  40
10705  0.0121757  40
10710  0.0121646  40
10715  0.0121539  40
10720  0.0121436  40
10725  0.0121338  40
10730  0.0121244  40
10735  0.0121154  40
10740  0.0121067  40
10745  0.0120984  40
10750  0.0120904  40
10755  0.0120828  40
10760  0.0120755  40
10765  0.0120684  40
10770  0.0120617  40
10775  0.0120552  40
10780  0.012049  40
10785  0.0120431  40
10790  0.0120374  40
10795  0.0120319  40
10800  0.0120267  40
10805  0.0120217  40
10810  0.0120168  40
10815  0.0120122  40
10820  0.0120078  40
10825  0.0120035  40
10830  0.0119994  40
10835  0.0119955  40
10840  0.0119918  40
10845  0.0119882  40
10850  0.0119847  40
10855  0.0119814  40
10860  0.0119783  40
10865  0.0119752  40
10870  0.0119723  40
10875  0.0119695  40
10880  0.0119668  40
10885  0.0119642  40
10890  0.0119618  40
10895  0.0119594  40
10900  0.0119571  40
10905  0.011955  40
10910  0.0119529  40
10915  0.0119509  40
10920  0.0119489  40
10925  0.0119471  40
10930  0.0119453  40
10935  0.0119436  40
10940  0.011942  40
10945  0.0119405  40
10950  0.011939  40
10955  0.0119375  40
10960  0.0119362  40
10965  0.0119348  40
10970  0.0119336  40
10975  0.0119324  40
10980  0.0119312  40
10985  0.0119301  40
10990  0.011929  40
10995  0.011928  40
11000  -0.00444719  -120
11000  -0.00219485  -100
11005  -0.130297  -100
11010  -0.169647  -100
11015  -0.178794  -100
11020  -0.177764  -100
11025  -0.173401  -100
11030  -0.168037  -100
11035  -0.162466  -100
11040  -0.156953  -100
11045  -0.151584  -100
11050  -0.146384  -100
11055  -0.141359  -100
11060  -0.136504  -100
11065  -0.131815  -100
11070  -0.127287  -100
11075  -0.122914  -100
11080  -0.118692  -100
11085  -0.114615  -100
11090  -0.110678  -100
11095  -0.106876  -100
11100  -0.103205  -100
11105  -0.0996597  -100
11110  -0.0962363  -100
11115  -0.0929306  -100
11120  -0.0897383  -100
11125  -0.0866558  -100
11130  -0.0836791  -100
11135  -0.0808046  -100
11140  -0.0780289  -100
11145  -0.0753486  -100
11150  -0.0727603  -100
11155  -0.070261  -100
11160  -0.0678475  -100
11165  -0.0655168  -100
11170  -0.0632663  -100
11175  -0.0610931  -100
11180  -0.0589945  -100
11185  -0.056968  -100
11190  -0.0550111  -100
11195  -0.0531214  -100
11200  -0.0512967  -100
11205  -0.0495346  -100
11210  -0.0478331  -100
11215  -0.04619  -100
11220  -0.0446033  -100
11225  -0.0430712  -100
11230  -0.0415917  -100
11235  -0.040163  -100
11240  -0.0387833  -100
11245  -0.0374511  -100
11250  -0.0361647  -100
11255  -0.0349224  -100
11260  -0.0337228  -100
11265  -0.0325644  -100
11270  -0.0314458  -100
11275  -0.0303656  -100
11280  -0.0293225  -100
11285  -0.0283153  -100
11290  -0.0273427  -100
11295  -0.0264034  -100
11300  -0.0254965  -100
11305  -0.0246206  -100
11310  -0.0237749  -100
11315  -0.0229582  -100
11320  -0.0221696  -100
11325  -0.0214081  -100
11330  -0.0206727  -100
11335  -0.0199626  -100
11340  -0.0192769  -100
11345  -0.0186147  -100
11350  -0.0179753  -100
11355  -0.0173578  -100
11360  -0.0167616  -100
11365  -0.0161858  -100
11370  -0.0156299  -100
11375  -0.015093  -100
11380  -0.0145745  -100
11385  -0.0140739  -100
11390  -0.0135905  -100
11395  -0.0131236  -100
11400  -0.0126728  -100
11405  -0.0122375  -100
11410  -0.0118172  -100
11415  -0.0114112  -100
11420  -0.0110193  -100
11425  -0.0106408  -100
11430  -0.0102753  -100
11435  -0.00992231  -100
11440  -0.00958148  -100
11445  -0.00925236  -100
11450  -0.00893454  -100
11455  -0.00862765  -100
11460  -0.00833129  -100
11465  -0.00804512  -100
11470  -0.00776877  -100
11475  -0.00750192  -100
11480  -0.00724424  -100
11485  -0.0069954  -100
11490  -0.00675512  -100
11495  -0.00652309  -100
11500  -0.00629903  -100
11505  -0.00608266  -100
11510  -0.00587373  -100
11515  -0.00567197  -100
11520  -0.00547715  -100
11525  -0.00528902  -100
11530  -0.00510735  -100
11535  -0.00493192  -100
11540  -0.00476251  -100
11545  -0.00459893  -100
11550  -0.00444097  -100
11555  -0.00428843  -100
11560  -0.00414113  -100
11565  -0.00399889  -100
11570  -0.00386154  -100
11575  -0.0037289  -100
11580  -0.00360082  -100
11585  -0.00347714  -100
11590  -0.00335771  -100
11595  -0.00324238  -100
11600  -0.00313102  -100
11605  -0.00302348  -100
11610  -0.00291963  -100
11615  -0.00281935  -100
11620  -0.00272252  -100
11625  -0.00262901  -100
11630  -0.00253871  -100
11635  -0.00245152  -100
11640  -0.00236732  -100
11645  -0.00228601  -100
11650  -0.0022075  -100
11655  -0.00213168  -100
11660  -0.00205847  -100
11665  -0.00198777  -100
11670  -0.0019195  -100
11675  -0.00185357  -100
11680  -0.00178991  -100
11685  -0.00172844  -100
11690  -0.00166908  -100
11695  -0.00161176  -100
11700  -0.00155641  -100
11705  -0.00150295  -100
11710  -0.00145134  -100
11715  -0.0014015  -100
11720  -0.00135337  -100
11725  -0.00130689  -100
11730  -0.00126201  -100
11735  -0.00121867  -100
11740  -0.00117682  -100
11745  -0.00113641  -100
11750  -0.00109738  -100
11755  -0.0010597  -100
11760  -0.00102331  -100
11765  -0.000988169  -100
11770  -0.000954237  -100
11775  -0.00092147  -100
11780  -0.000889829  -100
11785  -0.000859275  -100
11790  -0.00082977  -100
11795  -0.000801279  -100
11800  -0.000773767  -100
11805  -0.000747199  -100
11810  -0.000721545  -100
11815  -0.000696771  -100
11820  -0.000672849  -100
11825  -0.000649748  -100
11830  -0.000627441  -100
11835  -0.0006059  -100
11840  -0.000585099  -100
11845  -0.000565012  -100
11850  -0.000545616  -100
11855  -0.000526885  -100
11860  -0.000508799  -100
11865  -0.000491333  -100
11870  -0.000474468  -100
11875  -0.000458181  -100
11880  -0.000442455  -100
11885  -0.000427268  -100
11890  -0.000412603  -100
11895  -0.000398442  -100
11900  -0.000384767  -100
11905  -0.000371562  -100
11910  -0.000358811  -100
11915  -0.000346498  -100
11920  -0.000334607  -100
11925  -0.000323126  -100
11930  -0.000312038  -100
11935  -0.000301331  -100
11940  -0.000290993  -100
11945  -0.000281009  -100
11950  -0.000271368  -100
11955  -0.000262059  -100
11960  -0.000253069  -100
11965  -0.000244388  -100
11970  -0.000236005  -100
11975  -0.00022791  -100
11980  -0.000220093  -100
11985  -0.000212545  -100
11990  -0.000205256  -100
11995  -0.000198218  -100
12000  -0.000191421  -100
12005  -0.000184857  -100
12010  -0.00017852  -100
12015  -0.000172399  -100
12020  -0.000166489  -100
12025  -0.000160783  -100
12030  -0.000155272  -100
12035  -0.00014995  -100
12040  -0.000144811  -100
12045  -0.000139849  -100
12050  -0.000135057  -100
12055  -0.00013043  -100
12060  -0.000125962  -100
12065  -0.000121647  -100
12070  -0.000117481  -100
12075  -0.000113457  -100
12080  -0.000109572  -100
12085  -0.00010582  -100
12090  -0.000102197  -100
12095  -9.86989e-05  -100
12100  -9.53206e-05  -100
12105  -9.20584e-05  -100
12110  -8.89083e-05  -100
12115  -8.58663e-05  -100
12120  -8.29289e-05  -100
12125  -8.00923e-05  -100
12130  -7.73532e-05  -100
12135  -7.47082e-05  -100
12140  -7.21541e-05  -100
12145  -6.96877e-05  -100
12150  -6.7306e-05  -100
12155  -6.50061e-05  -100
12160  -6.27852e-05  -100
12165  -6.06406e-05  -100
12170  -5.85697e-05  -100
12175  -5.65699e-05  -100
12180  -5.46388e-05  -100
12185  -5.27741e-05  -100
12190  -5.09734e-05  -100
12195  -4.92345e-05  -100
12200  -4.75554e-05  -100
12205  -4.5934e-05  -100
12210  -4.43682e-05  -100
12215  -4.28563e-05  -100
12220  -4.13963e-05  -100
12225  -3.99864e-05  -100
12230  -3.8625e-05  -100
12235  -3.73103e-05  -100
12240  -3.60408e-05  -100
12245  -3.48149e-05  -100
12250  -3.36311e-05  -100
12255  -3.2488e-05  -100
12260  -3.13841e-05  -100
12265  -3.03182e-05  -100
12270  -2.92889e-05  -100
12275  -2.82949e-05  -100
12280  -2.73351e-05  -100
12285  -2.64083e-05  -100
12290  -2.55132e-05  -100
12295  -2.4649e-05  -100
12300  -2.38144e-05  -100
12305  -2.30085e-05  -100
12310  -2.22303e-05  -100
12315  -2.14788e-05  -100
12320  -2.07531e-05  -100
12325  -2.00523e-05  -100
12330  -1.93757e-05  -100
12335  -1.87222e-05  -100
12340  -1.80912e-05  -100
12345  -1.74819e-05  -100
12350  -1.68935e-05  -100
12355  -1.63254e-05  -100
12360  -1.57767e-05  -100
12365  -1.52469e-05  -100
12370  -1.47353e-05  -100
12375  -1.42412e-05  -100
12380  -1.37642e-05  -100
12385  -1.33035e-05  -100
12390  -1.28587e-05  -100
12395  -1.24291e-05  -100
12400  -1.20143e-05  -100
12405  -1.16137e-05  -100
12410  -1.12269e-05  -100
12415  -1.08534e-05  -100
12420  -1.04927e-05  -100
12425  -1.01444e-05  -100
12430  -9.80805e-06  -100
12435  -9.48327e-06  -100
12440  -9.16965e-06  -100
12445  -8.86679e-06  -100
12450  -8.57435e-06  -100
12455  -8.29194e-06  -100
12460  -8.01924e-06  -100
12465  -7.75591e-06  -100
12470  -7.50162e-06  -100
12475  -7.25607e-06  -100
12480  -7.01895e-06  -100
12485  -6.78998e-06  -100
12490  -6.56887e-06  -100
12495  -6.35536e-06  -100
12500  -6.14918e-06  -100
12505  -5.95008e-06  -100
12510  -5.75783e-06  -100
12515  -5.57217e-06  -100
12520  -5.3929e-06  -100
12525  -5.21978e-06  -100
12530  -5.05261e-06  -100
12535  -4.89118e-06  -100
12540  -4.7353e-06  -100
12545  -4.58477e-06  -100
12550  -4.43942e-06  -100
12555  -4.29905e-06  -100
12560  -4.16351e-06  -100
12565  -4.03262e-06  -100
12570  -3.90623e-06  -100
12575  -3.78418e-06  -100
12580  -3.66633e-06  -100
12585  -3.55252e-06  -100
12590  -3.44262e-06  -100
12595  -3.3365e-06  -100
12600  -3.23402e-06  -100
12605  -3.13506e-06  -100
12610  -3.0395e-06  -100
12615  -2.94723e-06  -100
12620  -2.85812e-06  -100
12625  -2.77208e-06  -100
12630  -2.68899e-06  -100
12635  -2.60875e-06  -100
12640  -2.53127e-06  -100
12645  -2.45646e-06  -100
12650  -2.38421e-06  -100
12655  -2.31444e-06  -100
12660  -2.24707e-06  -100
12665  -2.18202e-06  -100
12670  -2.1192e-06  -100
12675  -2.05853e-06  -100
12680  -1.99996e-06  -100
12685  -1.94339e-06  -100
12690  -1.88877e-06  -100
12695  -1.83602e-06  -100
12700  -1.78508e-06  -100
12705  -1.7359e-06  -100
12710  -1.6884e-06  -100
12715  -1.64254e-06  -100
12720  -1.59825e-06  -100
12725  -1.55548e-06  -100
12730  -1.51418e-06  -100
12735  -1.4743e-06  -100
12740  -1.43579e-06  -100
12745  -1.39861e-06  -100
12750  -1.3627e-06  -100
12755  -1.32802e-06  -100
12760  -1.29453e-06  -100
12765  -1.2622e-06  -100
12770  -1.23098e-06  -100
12775  -1.20082e-06  -100
12780  -1.17171e-06  -100
12785  -1.14359e-06  -100
12790  -1.11644e-06  -100
12795  -1.09023e-06  -100
12800  -1.06491e-06  -100
12805  -1.04046e-06  -100
12810  -1.01686e-06  -100
12815  -9.94059e-07  -100
12820  -9.72046e-07  -100
12825  -9.50789e-07  -100
12830  -9.30262e-07  -100
12835  -9.1044e-07  -100
12840  -8.913e-07  -100
12845  -8.72816e-07  -100
12850  -8.54968e-07  -100
12855  -8.37733e-07  -100
12860  -8.21089e-07  -100
12865  -8.05018e-07  -100
12870  -7.89498e-07  -100
12875  -7.74512e-07  -100
12880  -7.60041e-07  -100
12885  -7.46066e-07  -100
12890  -7.32572e-07  -100
12895  -7.19541e-07  -100
12900  -7.06958e-07  -100
12905  -6.94807e-07  -100
12910  -6.83073e-07  -100
12915  -6.71742e-07  -100
12920  -6.60801e-07  -100
12925  -6.50236e-07  -100
12930  -6.40033e-07  -100
12935  -6.30181e-07  -100
12940  -6.20667e-07  -100
12945  -6.1148e-07  -100
12950  -6.02609e-07  -100
12955  -5.94043e-07  -100
12960  -5.8577e-07  -100
12965  -5.77782e-07  -100
12970  -5.70068e-07  -100
12975  -5.6262e-07  -100
12980  -5.55427e-07  -100
12985  -5.48481e-07  -100
12990  -5.41774e-07  -100
12995  -5.35297e-07  -100
13000  -5.29043e-07  -100
13005  -5.23003e-07  -100
13010  -5.17171e-07  -100
13015  -5.11539e-07  -100
13020  -5.06101e-07  -100
13025  -5.0085e-07  -100
13030  -4.95779e-07  -100
13035  -4.90882e-07  -100
13040  -4.86153e-07  -100
13045  -4.81587e-07  -100
13050  -4.77178e-07  -100
13055  -4.7292e-07  -100
13060  -4.68808e-07  -100
13065  -4.64838e-07  -100
13070  -4.61004e-07  -100
13075  -4.57302e-07  -100
13080  -4.53726e-07  -100
13085  -4.50274e-07  -100
13090  -4.4694e-07  -100
13095  -4.43721e-07  -100
13100  -4.40613e-07  -100
13105  -4.37611e-07  -100
13110  -4.34712e-07  -100
13115  -4.31913e-07  -100
13120  -4.2921e-07  -100
13125  -4.266e-07  -100
13130  -4.24079e-07  -100
13135  -4.21645e-07  -100
13140  -4.19295e-07  -100
13145  -4.17026e-07  -100
13150  -4.14834e-07  -100
13155  -4.12718e-07  -100
13160  -4.10674e-07  -100
13165  -4.08701e-07  -100
13170  -4.06795e-07  -100
13175  -4.04955e-07  -100
13180  -4.03178e-07  -100
13185  -4.01462e-07  -100
13190  -3.99805e-07  -100
13195  -3.98205e-07  -100
13200  -3.9666e-07  -100
13205  -3.95168e-07  -100
13210  -3.93727e-07  -100
13215  -3.92336e-07  -100
13220  -3.90992e-07  -100
13225  -3.89695e-07  -100
13230  -3.88442e-07  -100
13235  -3.87232e-07  -100
13240  -3.86064e-07  -100
13245  -3.84936e-07  -100
13250  -3.83847e-07  -100
13255  -3.82795e-07  -100
13260  -3.81779e-07  -100
13265  -3.80798e-07  -100
13270  -3.79851e-07  -100
13275  -3.78936e-07  -100
13280  -3.78053e-07  -100
13285  -3.772e-07  -100
13290  -3.76377e-07  -100
13295  -3.75582e-07  -100
13300  -3.74814e-07  -100
13305  -3.74072e-07  -100
13310  -3.73356e-07  -100
13315  -3.72664e-07  -100
13320  -3.71997e-07  -100
13325  -3.71352e-07  -100
13330  -3.70729e-07  -100
13335  -3.70128e-07  -100
13340  -3.69547e-07  -100
13345  -3.68987e-07  -100
13350  -3.68445e-07  -100
13355  -3.67922e-07  -100
13360  -3.67417e-07  -100
13365  -3.6693e-07  -100
13370  -3.66459e-07  -100
13375  -3.66004e-07  -100
13380  -3.65566e-07  -100
13385  -3.65142e-07  -100
13390  -3.64732e-07  -100
13395  -3.64337e-07  -100
13400  -3.63955e-07  -100
13405  -3.63587e-07  -100
13410  -3.63231e-07  -100
13415  -3.62887e-07  -100
13420  -3.62555e-07  -100
13425  -3.62235e-07  -100
13430  -3.61925e-07  -100
13435  -3.61626e-07  -100
13440  -3.61338e-07  -100
13445  -3.61059e-07  -100
13450  -3.6079e-07  -100
13455  -3.6053e-07  -100
13460  -3.60279e-07  -100
13465  -3.60037e-07  -100
13470  -3.59803e-07  -100
13475  -3.59577e-07  -100
13480  -3.59359e-07  -100
13485  -3.59148e-07  -100
13490  -3.58944e-07  -100
13495  -3.58748e-07  -100
13500  -3.58558e-07  -100
13505  -3.58375e-07  -100
13510  -3.58198e-07  -100
13515  -3.58027e-07  -100
13520  -3.57862e-07  -100
13525  -3.57703e-07  -100
13530  -3.57549e-07  -100
13535  -3.57401e-07  -100
13540  -3.57257e-07  -100
13545  -3.57119e-07  -100
13550  -3.56985e-07  -100
13555  -3.56856e-07  -100
13560  -3.56731e-07  -100
13565  -3.56611e-07  -100
13570  -3.56494e-07  -100
13575  -3.56382e-07  -100
13580  -3.56274e-07  -100
13585  -3.56169e-07  -100
13590  -3.56068e-07  -100
13595  -3.5597e-07  -100
13600  -3.55876e-07  -100
13605  -3.55785e-07  -100
13610  -3.55697e-07  -100
13615  -3.55612e-07  -100
13620  -3.5553e-07  -100
13625  -3.55451e-07  -100
13630  -3.55374e-07  -100
13635  -3.553e-07  -100
13640  -3.55229e-07  -100
13645  -3.5516e-07  -100
13650  -3.55094e-07  -100
13655  -3.5503e-07  -100
13660  -3.54968e-07  -100
13665  -3.54908e-07  -100
13670  -3.5485e-07  -100
13675  -3.54794e-07  -100
13680  -3.5474e-07  -100
13685  -3.54688e-07  -100
13690  -3.54638e-07  -100
13695  -3.54589e-07  -100
13700  -3.54543e-07  -100
13705  -3.54497e-07  -100
13710  -3.54454e-07  -100
13715  -3.54411e-07  -100
13720  -3.54371e-07  -100
13725  -3.54331e-07  -100
13730  -3.54293e-07  -100
13735  -3.54257e-07  -100
13740  -3.54221e-07  -100
13745  -3.54187e-07  -100
13750  -3.54154e-07  -100
13755  -3.54122e-07  -100
13760  -3.54091e-07  -100
13765  -3.54061e-07  -100
13770  -3.54033e-07  -100
13775  -3.54005e-07  -100
13780  -3.53978e-07  -100
13785  -3.53952e-07  -100
13790  -3.53927e-07  -100
13795  -3.53903e-07  -100
13800  -3.5388e-07  -100
13805  -3.53857e-07  -100
13810  -3.53836e-07  -100
13815  -3.53815e-07  -100
13820  -3.53794e-07  -100
13825  -3.53775e-07  -100
13830  -3.53756e-07  -100
13835  -3.53738e-07  -100
13840  -3.5372e-07  -100
13845  -3.53703e-07  -100
13850  -3.53687e-07  -100
13855  -3.53671e-07  -100
13860  -3.53655e-07  -100
13865  -3.53641e-07  -100
13870  -3.53626e-07  -100
13875  -3.53613e-07  -100
13880  -3.53599e-07  -100
13885  -3.53586e-07  -100
13890  -3.53574e-07  -100
13895  -3.53562e-07  -100
13900  -3.5355e-07  -100
13905  -3.53539e-07  -100
13910  -3.53528e-07  -100
13915  -3.53518e-07  -100
13920  -3.53508e-07  -100
13925  -3.53498e-07  -100
13930  -3.53489e-07  -100
13935  -3.5348e-07  -100
13940  -3.53471e-07  -100
13945  -3.53463e-07  -100
13950  -3.53454e-07  -100
13955  -3.53447e-07  -100
13960  -3.53439e-07  -100
13965  -3.53432e-07  -100
13970  -3.53424e-07  -100
13975  -3.53418e-07  -100
13980  -3.53411e-07  -100
13985  -3.53405e-07  -100
13990  -3.53398e-07  -100
13995  -3.53392e-07  -100
14000  -3.53387e-07  -100
14005  -3.53381e-07  -100
14010  -3.53376e-07  -100
14015  -3.53371e-07  -100
14020  -3.53366e-07  -100
14025  -3.53361e-07  -100
14030  -3.53356e-07  -100
14035  -3.53352e-07  -100
14040  -3.53347e-07  -100
14045  -3.53343e-07  -100
14050  -3.53339e-07  -100
14055  -3.53335e-07  -100
14060  -3.53331e-07  -100
14065  -3.53328e-07  -100
14070  -3.53324e-07  -100
14075  -3.53321e-07  -100
14080  -3.53317e-07  -100
14085  -3.53314e-07  -100
14090  -3.53311e-07  -100
14095  -3.53308e-07  -100
14100  -3.53305e-07  -100
14105  -3.53303e-07  -100
14110  -3.533e-07  -100
14115  -3.53297e-07  -100
14120  -3.53295e-07  -100
14125  -3.53292e-07  -100
14130  -3.5329e-07  -100
14135  -3.53288e-07  -100
14140  -3.53286e-07  -100
14145  -3.53284e-07  -100
14150  -3.53282e-07  -100
14155  -3.5328e-07  -100
14160  -3.53278e-07  -100
14165  -3.53276e-07  -100
14170  -3.53274e-07  -100
14175  -3.53273e-07  -100
14180  -3.53271e-07  -100
14185  -3.53269e-07  -100
14190  -3.53268e-07  -100
14195  -3.53266e-07  -100
14200  -3.53265e-07  -100
14205  -3.53264e-07  -100
14210  -3.53262e-07  -100
14215  -3.53261e-07  -100
14220  -3.5326e-07  -100
14225  -3.53258e-07  -100
14230  -3.53257e-07  -100
14235  -3.53256e-07  -100
14240  -3.53255e-07  -100
14245  -3.53254e-07  -100
14250  -3.53253e-07  -100
14255  -3.53252e-07  -100
14260  -3.53251e-07  -100
14265  -3.5325e-07  -100
14270  -3.53249e-07  -100
14275  -3.53249e-07  -100
14280  -3.53248e-07  -100
14285  -3.53247e-07  -100
14290  -3.53246e-07  -100
14295  -3.53245e-07  -100
14300  -3.53245e-07  -100
14305  -3.53244e-07  -100
14310  -3.53243e-07  -100
14315  -3.53243e-07  -100
14320  -3.53242e-07  -100
14325  -3.53242e-07  -100
14330  -3.53241e-07  -100
14335  -3.5324e-07  -100
14340  -3.5324e-07  -100
14345  -3.53239e-07  -100
14350  -3.53239e-07  -100
14355  -3.53238e-07  -100
14360  -3.53238e-07  -100
14365  -3.53238e-07  -100
14370  -3.53237e-07  -100
14375  -3.53237e-07  -100
14380  -3.53236e-07  -100
14385  -3.53236e-07  -100
14390  -3.53236e-07  -100
14395  -3.53235e-07  -100
14400  -3.53235e-07  -100
14405  -3.53234e-07  -100
14410  -3.53234e-07  -100
14415  -3.53234e-07  -100
14420  -3.53234e-07  -100
14425  -3.53233e-07  -100
14430  -3.53233e-07  -100
14435  -3.53233e-07  -100
14440  -3.53232e-07  -100
14445  -3.53232e-07  -100
14450  -3.53232e-07  -100
14455  -3.53232e-07  -100
14460  -3.53231e-07  -100
14465  -3.53231e-07  -100
14470  -3.53231e-07  -100
14475  -3.53231e-07  -100
14480  -3.53231e-07  -100
14485  -3.5323e-07  -100
14490  -3.5323e-07  -100
14495  -3.5323e-07  -100
14500  -3.5323e-07  -100
14505  -3.5323e-07  -100
14510  -3.5323e-07  -100
14515  -3.53229e-07  -100
14520  -3.53229e-07  -100
14525  -3.53229e-07  -100
14530  -3.53229e-07  -100
14535  -3.53229e-07  -100
14540  -3.53229e-07  -100
14545  -3.53229e-07  -100
14550  -3.53228e-07  -100
14555  -3.53228e-07  -100
14560  -3.53228e-07  -100
14565  -3.53228e-07  -100
14570  -3.53228e-07  -100
14575  -3.53228e-07  -100
14580  -3.53228e-07  -100
14585  -3.53228e-07  -100
14590  -3.53228e-07  -100
14595  -3.53227e-07  -100
14600  -3.53227e-07  -100
14605  -3.53227e-07  -100
14610  -3.53227e-07  -100
14615  -3.53227e-07  -100
14620  -3.53227e-07  -100
14625  -3.53227e-07  -100
14630  -3.53227e-07  -100
14635  -3.53227e-07  -100
14640  -3.53227e-07  -100
14645  -3.53227e-07  -100
14650  -3.53227e-07  -100
14655  -3.53227e-07  -100
14660  -3.53227e-07  -100
14665  -3.53226e-07  -100
14670  -3.53226e-07  -100
14675  -3.53226e-07  -100
14680  -3.53226e-07  -100
14685  -3.53226e-07  -100
14690  -3.53226e-07  -100
14695  -3.53226e-07  -100
14700  -3.53226e-07  -100
14705  -3.53226e-07  -100
14710  -3.53226e-07  -100
14715  -3.53226e-07  -100
14720  -3.53226e-07  -100
14725  -3.53226e-07  -100
14730  -3.53226e-07  -100
14735  -3.53226e-07  -100
14740  -3.53226e-07  -100
14745  -3.53226e-07  -100
14750  -3.53226e-07  -100
14755  -3.53226e-07  -100
14760  -3.53226e-07  -100
14765  -3.53226e-07  -100
14770  -3.53226e-07  -100
14775  -3.53226e-07  -100
14780  -3.53226e-07  -100
14785  -3.53226e-07  -100
14790  -3.53226e-07  -100
14795  -3.53226e-07  -100
14800  -3.53226e-07  -100
14805  -3.53226e-07  -100
14810  -3.53225e-07  -100
14815  -3.53225e-07  -100
14820  -3.53225e-07  -100
14825  -3.53225e-07  -100
14830  -3.53225e-07  -100
14835  -3.53225e-07  -100
14840  -3.53225e-07  -100
14845  -3.53225e-07  -100
14850  -3.53225e-07  -100
14855  -3.53225e-07  -100
14860  -3.53225e-07  -100
14865  -3.53225e-07  -100
14870  -3.53225e-07  -100
14875  -3.53225e-07  -100
14880  -3.53225e-07  -100
14885  -3.53225e-07  -100
14890  -3.53225e-07  -100
14895  -3.53225e-07  -100
14900  -3.53225e-07  -100
14905  -3.53225e-07  -100
14910  -3.53225e-07  -100
14915  -3.53225e-07  -100
14920  -3.53225e-07  -100
14925  -3.53225e-07  -100
14930  -3.53225e-07  -100
14935  -3.53225e-07  -100
14940  -3.53225e-07  -100
14945  -3.53225e-07  -100
14950  -3.53225e-07  -100
14955  -3.53225e-07  -100
14960  -3.53225e-07  -100
