500     0.997867803838
450     0.9872068230277
400     0.9637526652452
350     0.9509594882729
300     0.9061833688699
250     0.8507462686567
200     0.7675906183369
180     0.7334754797441
160     0.6716417910448
150     0.6332622601279
140     0.6034115138593
120     0.5159914712154
100     0.4456289978678
80      0.3134328358209
60      0.1961620469083
50      0.1471215351812
45      0.1172707889126
40      0.08955223880597
35      0.07036247334755
30      0.04904051172708
25      0.02985074626866
20      0.01705756929638
15      0.008528784648188
  
