0.005  2.32231e-17  -80
5.005  1.38277e-09  -80
10.005  5.31434e-09  -80
15.005  1.13477e-08  -80
20.005  1.91055e-08  -80
25.005  2.82699e-08  -80
30.005  3.85728e-08  -80
35.005  4.97874e-08  -80
40.005  6.17224e-08  -80
45.005  7.4216e-08  -80
50.005  8.71313e-08  -80
55.005  1.00353e-07  -80
60.005  1.13783e-07  -80
65.005  1.27339e-07  -80
70.005  1.40952e-07  -80
75.005  1.54564e-07  -80
80.005  1.68127e-07  -80
85.005  1.81599e-07  -80
90.005  1.94947e-07  -80
95.005  2.08143e-07  -80
100.005  2.21164e-07  -80
105.005  2.33992e-07  -80
110.005  2.46612e-07  -80
115.005  2.59012e-07  -80
120.005  2.71184e-07  -80
125.005  2.83119e-07  -80
130.005  2.94815e-07  -80
135.005  3.06266e-07  -80
140.005  3.17472e-07  -80
145.005  3.28432e-07  -80
150.005  3.39145e-07  -80
155.005  3.49614e-07  -80
160.005  3.5984e-07  -80
165.005  3.69825e-07  -80
170.005  3.79573e-07  -80
175.005  3.89086e-07  -80
180.005  3.98367e-07  -80
185.005  4.07422e-07  -80
190.005  4.16254e-07  -80
195.005  4.24866e-07  -80
200.005  4.33264e-07  -80
205.005  4.41452e-07  -80
210.005  4.49433e-07  -80
215.005  4.57213e-07  -80
220.005  4.64796e-07  -80
225.005  4.72187e-07  -80
230.005  4.79389e-07  -80
235.005  4.86408e-07  -80
240.005  4.93247e-07  -80
245.005  4.99911e-07  -80
250.005  5.06404e-07  -80
255.005  5.1273e-07  -80
260.005  5.18893e-07  -80
265.005  5.24898e-07  -80
270.005  5.30748e-07  -80
275.005  5.36447e-07  -80
280.005  5.41999e-07  -80
285.005  5.47407e-07  -80
290.005  5.52676e-07  -80
295.005  5.57809e-07  -80
300.005  5.62808e-07  -80
305.005  5.67679e-07  -80
310.005  5.72423e-07  -80
315.005  5.77044e-07  -80
320.005  5.81546e-07  -80
325.005  5.85931e-07  -80
330.005  5.90202e-07  -80
335.005  5.94363e-07  -80
340.005  5.98416e-07  -80
345.005  6.02363e-07  -80
350.005  6.06209e-07  -80
355.005  6.09954e-07  -80
360.005  6.13603e-07  -80
365.005  6.17156e-07  -80
370.005  6.20618e-07  -80
375.005  6.23989e-07  -80
380.005  6.27274e-07  -80
385.005  6.30473e-07  -80
390.005  6.33589e-07  -80
395.005  6.36624e-07  -80
400.005  6.3958e-07  -80
405.005  6.4246e-07  -80
410.005  6.45264e-07  -80
415.005  6.47996e-07  -80
420.005  6.50658e-07  -80
425.005  6.5325e-07  -80
430.005  6.55774e-07  -80
435.005  6.58234e-07  -80
440.005  6.60629e-07  -80
445.005  6.62962e-07  -80
450.005  6.65235e-07  -80
455.005  6.67448e-07  -80
460.005  6.69605e-07  -80
465.005  6.71705e-07  -80
470.005  6.7375e-07  -80
475.005  6.75743e-07  -80
480.005  6.77684e-07  -80
485.005  6.79574e-07  -80
490.005  6.81415e-07  -80
495.005  6.83209e-07  -80
500.005  6.84956e-07  -80
505.005  6.86658e-07  -80
510.005  6.88315e-07  -80
515.005  6.89929e-07  -80
520.005  6.91502e-07  -80
525.005  6.93034e-07  -80
530.005  6.94525e-07  -80
535.005  6.95979e-07  -80
540.005  6.97394e-07  -80
545.005  6.98773e-07  -80
550.005  7.00116e-07  -80
555.005  7.01424e-07  -80
560.005  7.02698e-07  -80
565.005  7.03939e-07  -80
570.005  7.05147e-07  -80
575.005  7.06325e-07  -80
580.005  7.07472e-07  -80
585.005  7.08589e-07  -80
590.005  7.09677e-07  -80
595.005  7.10737e-07  -80
600.005  7.11769e-07  -80
605.005  7.12774e-07  -80
610.005  7.13754e-07  -80
615.005  7.14708e-07  -80
620.005  7.15637e-07  -80
625.005  7.16542e-07  -80
630.005  7.17423e-07  -80
635.005  7.18282e-07  -80
640.005  7.19118e-07  -80
645.005  7.19933e-07  -80
650.005  7.20727e-07  -80
655.005  7.215e-07  -80
660.005  7.22252e-07  -80
665.005  7.22986e-07  -80
670.005  7.237e-07  -80
675.005  7.24396e-07  -80
680.005  7.25073e-07  -80
685.005  7.25733e-07  -80
690.005  7.26376e-07  -80
695.005  7.27002e-07  -80
700.005  7.27612e-07  -80
705.005  7.28207e-07  -80
710.005  7.28785e-07  -80
715.005  7.29349e-07  -80
720.005  7.29898e-07  -80
725.005  7.30433e-07  -80
730.005  7.30954e-07  -80
735.005  7.31461e-07  -80
740.005  7.31955e-07  -80
745.005  7.32437e-07  -80
750.005  7.32905e-07  -80
755.005  7.33362e-07  -80
760.005  7.33807e-07  -80
765.005  7.3424e-07  -80
770.005  7.34662e-07  -80
775.005  7.35073e-07  -80
780.005  7.35474e-07  -80
785.005  7.35864e-07  -80
790.005  7.36244e-07  -80
795.005  7.36614e-07  -80
800.005  7.36974e-07  -80
805.005  7.37325e-07  -80
810.005  7.37667e-07  -80
815.005  7.38e-07  -80
820.005  7.38325e-07  -80
825.005  7.38641e-07  -80
830.005  7.38949e-07  -80
835.005  7.39248e-07  -80
840.005  7.3954e-07  -80
845.005  7.39825e-07  -80
850.005  7.40102e-07  -80
855.005  7.40372e-07  -80
860.005  7.40635e-07  -80
865.005  7.40891e-07  -80
870.005  7.4114e-07  -80
875.005  7.41383e-07  -80
880.005  7.4162e-07  -80
885.005  7.4185e-07  -80
890.005  7.42074e-07  -80
895.005  7.42293e-07  -80
900.005  7.42506e-07  -80
905.005  7.42714e-07  -80
910.005  7.42916e-07  -80
915.005  7.43112e-07  -80
920.005  7.43304e-07  -80
925.005  7.43491e-07  -80
930.005  7.43673e-07  -80
935.005  7.4385e-07  -80
940.005  7.44022e-07  -80
945.005  7.4419e-07  -80
950.005  7.44354e-07  -80
955.005  7.44514e-07  -80
960.005  7.44669e-07  -80
965.005  7.4482e-07  -80
970.005  7.44968e-07  -80
975.005  7.45111e-07  -80
980.005  7.45251e-07  -80
985.005  7.45387e-07  -80
990.005  7.4552e-07  -80
995.005  7.45649e-07  -80
1000  7.45775e-07  -80
1005  7.45897e-07  -80
1010  7.46017e-07  -80
1015  7.46133e-07  -80
1020  7.46246e-07  -80
1025  7.46357e-07  -80
1030  7.46464e-07  -80
1035  7.46569e-07  -80
1040  7.46671e-07  -80
1045  7.4677e-07  -80
1050  7.46867e-07  -80
1055  7.46961e-07  -80
1060  7.47053e-07  -80
1065.01  7.47142e-07  -80
1070.01  7.47229e-07  -80
1075.01  7.47314e-07  -80
1080.01  7.47397e-07  -80
1085.01  7.47477e-07  -80
1090.01  7.47556e-07  -80
1095.01  7.47632e-07  -80
1100.01  7.47706e-07  -80
1105.01  7.47779e-07  -80
1110.01  7.47849e-07  -80
1115.01  7.47918e-07  -80
1120.01  7.47985e-07  -80
1125.01  7.4805e-07  -80
1130.01  7.48114e-07  -80
1135.01  7.48175e-07  -80
1140.01  7.48236e-07  -80
1145.01  7.48294e-07  -80
1150.01  7.48352e-07  -80
1155.01  7.48407e-07  -80
1160.01  7.48461e-07  -80
1165.01  7.48514e-07  -80
1170.01  7.48566e-07  -80
1175.01  7.48616e-07  -80
1180.01  7.48665e-07  -80
1185.01  7.48712e-07  -80
1190.01  7.48758e-07  -80
1195.01  7.48804e-07  -80
1200.01  7.48848e-07  -80
1205.01  7.4889e-07  -80
1210.01  7.48932e-07  -80
1215.01  7.48973e-07  -80
1220.01  7.49012e-07  -80
1225.01  7.49051e-07  -80
1230.01  7.49088e-07  -80
1235.01  7.49125e-07  -80
1240.01  7.4916e-07  -80
1245.01  7.49195e-07  -80
1250.01  7.49229e-07  -80
1255.01  7.49262e-07  -80
1260.01  7.49294e-07  -80
1265.01  7.49325e-07  -80
1270.01  7.49355e-07  -80
1275.01  7.49385e-07  -80
1280.01  7.49414e-07  -80
1285.01  7.49442e-07  -80
1290.01  7.49469e-07  -80
1295.01  7.49496e-07  -80
1300.01  7.49522e-07  -80
1305.01  7.49547e-07  -80
1310.01  7.49572e-07  -80
1315.01  7.49596e-07  -80
1320.01  7.49619e-07  -80
1325.01  7.49642e-07  -80
1330.01  7.49664e-07  -80
1335.01  7.49686e-07  -80
1340.01  7.49707e-07  -80
1345.01  7.49727e-07  -80
1350.01  7.49747e-07  -80
1355.01  7.49767e-07  -80
1360.01  7.49786e-07  -80
1365.01  7.49804e-07  -80
1370.01  7.49822e-07  -80
1375.01  7.49839e-07  -80
1380.01  7.49857e-07  -80
1385.01  7.49873e-07  -80
1390.01  7.49889e-07  -80
1395.01  7.49905e-07  -80
1400.01  7.4992e-07  -80
1405.01  7.49935e-07  -80
1410.01  7.4995e-07  -80
1415.01  7.49964e-07  -80
1420.01  7.49978e-07  -80
1425.01  7.49991e-07  -80
1430.01  7.50004e-07  -80
1435.01  7.50017e-07  -80
1440.01  7.5003e-07  -80
1445.01  7.50042e-07  -80
1450.01  7.50054e-07  -80
1455.01  7.50065e-07  -80
1460.01  7.50076e-07  -80
1465.01  7.50087e-07  -80
1470.01  7.50098e-07  -80
1475.01  7.50108e-07  -80
1480.01  7.50118e-07  -80
1485.01  7.50128e-07  -80
1490.01  7.50137e-07  -80
1495.01  7.50147e-07  -80
1500.01  7.50156e-07  -80
1505.01  7.50165e-07  -80
1510.01  7.50173e-07  -80
1515.01  7.50182e-07  -80
1520.01  7.5019e-07  -80
1525.01  7.50198e-07  -80
1530.01  7.50206e-07  -80
1535.01  7.50213e-07  -80
1540.01  7.5022e-07  -80
1545.01  7.50228e-07  -80
1550.01  7.50235e-07  -80
1555.01  7.50241e-07  -80
1560.01  7.50248e-07  -80
1565.01  7.50254e-07  -80
1570.01  7.50261e-07  -80
1575.01  7.50267e-07  -80
1580.01  7.50273e-07  -80
1585.01  7.50278e-07  -80
1590.01  7.50284e-07  -80
1595.01  7.5029e-07  -80
1600.01  7.50295e-07  -80
1605.01  7.503e-07  -80
1610.01  7.50305e-07  -80
1615.01  7.5031e-07  -80
1620.01  7.50315e-07  -80
1625.01  7.5032e-07  -80
1630.01  7.50324e-07  -80
1635.01  7.50329e-07  -80
1640.01  7.50333e-07  -80
1645.01  7.50337e-07  -80
1650.01  7.50341e-07  -80
1655.01  7.50345e-07  -80
1660.01  7.50349e-07  -80
1665.01  7.50353e-07  -80
1670.01  7.50357e-07  -80
1675.01  7.50361e-07  -80
1680.01  7.50364e-07  -80
1685.01  7.50367e-07  -80
1690.01  7.50371e-07  -80
1695.01  7.50374e-07  -80
1700.01  7.50377e-07  -80
1705.01  7.5038e-07  -80
1710.01  7.50383e-07  -80
1715.01  7.50386e-07  -80
1720.01  7.50389e-07  -80
1725.01  7.50392e-07  -80
1730.01  7.50395e-07  -80
1735.01  7.50397e-07  -80
1740.01  7.504e-07  -80
1745.01  7.50402e-07  -80
1750.01  7.50405e-07  -80
1755.01  7.50407e-07  -80
1760.01  7.50409e-07  -80
1765.01  7.50412e-07  -80
1770.01  7.50414e-07  -80
1775.01  7.50416e-07  -80
1780.01  7.50418e-07  -80
1785.01  7.5042e-07  -80
1790.01  7.50422e-07  -80
1795.01  7.50424e-07  -80
1800.01  7.50426e-07  -80
1805.01  7.50428e-07  -80
1810.01  7.50429e-07  -80
1815.01  7.50431e-07  -80
1820.01  7.50433e-07  -80
1825.01  7.50434e-07  -80
1830.01  7.50436e-07  -80
1835.01  7.50438e-07  -80
1840.01  7.50439e-07  -80
1845.01  7.50441e-07  -80
1850.01  7.50442e-07  -80
1855.01  7.50443e-07  -80
1860.01  7.50445e-07  -80
1865.01  7.50446e-07  -80
1870.01  7.50447e-07  -80
1875.01  7.50449e-07  -80
1880.01  7.5045e-07  -80
1885.01  7.50451e-07  -80
1890.01  7.50452e-07  -80
1895.01  7.50453e-07  -80
1900.01  7.50454e-07  -80
1905.01  7.50456e-07  -80
1910.01  7.50457e-07  -80
1915.01  7.50458e-07  -80
1920.01  7.50459e-07  -80
1925.01  7.5046e-07  -80
1930.01  7.50461e-07  -80
1935.01  7.50461e-07  -80
1940.01  7.50462e-07  -80
1945.01  7.50463e-07  -80
1950.01  7.50464e-07  -80
1955.01  7.50465e-07  -80
1960.01  7.50466e-07  -80
1965.01  7.50466e-07  -80
1970.01  7.50467e-07  -80
1975.01  7.50468e-07  -80
1980.01  7.50469e-07  -80
1985.01  7.50469e-07  -80
1990.01  7.5047e-07  -80
1995.01  7.50471e-07  -80
2000.01  7.50471e-07  -80
2005.01  7.50472e-07  -80
2010.01  7.50473e-07  -80
2015.01  7.50473e-07  -80
2020.01  7.50474e-07  -80
2025.01  7.50474e-07  -80
2030.01  7.50475e-07  -80
2035.01  7.50476e-07  -80
2040.01  7.50476e-07  -80
2045.01  7.50477e-07  -80
2050.01  7.50477e-07  -80
2055.01  7.50478e-07  -80
2060.01  7.50478e-07  -80
2065.01  7.50479e-07  -80
2070.01  7.50479e-07  -80
2075.01  7.50479e-07  -80
2080.01  7.5048e-07  -80
2085.01  7.5048e-07  -80
2090.01  7.50481e-07  -80
2095.01  7.50481e-07  -80
2100.01  7.50481e-07  -80
2105.01  7.50482e-07  -80
2110.01  7.50482e-07  -80
2115.01  7.50483e-07  -80
2120.01  7.50483e-07  -80
2125.01  7.50483e-07  -80
2130.01  7.50484e-07  -80
2135.01  7.50484e-07  -80
2140.01  7.50484e-07  -80
2145.01  7.50485e-07  -80
2150.01  7.50485e-07  -80
2155.01  7.50485e-07  -80
2160.01  7.50485e-07  -80
2165.01  7.50486e-07  -80
2170.01  7.50486e-07  -80
2175.01  7.50486e-07  -80
2180.01  7.50486e-07  -80
2185.01  7.50487e-07  -80
2190.01  7.50487e-07  -80
2195.01  7.50487e-07  -80
2200.01  7.50487e-07  -80
2205.01  7.50488e-07  -80
2210.01  7.50488e-07  -80
2215.01  7.50488e-07  -80
2220.01  7.50488e-07  -80
2225.01  7.50488e-07  -80
2230.01  7.50489e-07  -80
2235.01  7.50489e-07  -80
2240.01  7.50489e-07  -80
2245.01  7.50489e-07  -80
2250.01  7.50489e-07  -80
2255.01  7.5049e-07  -80
2260.01  7.5049e-07  -80
2265.01  7.5049e-07  -80
2270.01  7.5049e-07  -80
2275.01  7.5049e-07  -80
2280.01  7.5049e-07  -80
2285.01  7.5049e-07  -80
2290.01  7.50491e-07  -80
2295.01  7.50491e-07  -80
2300.01  7.50491e-07  -80
2305.01  7.50491e-07  -80
2310.01  7.50491e-07  -80
2315.01  7.50491e-07  -80
2320.01  7.50491e-07  -80
2325.01  7.50492e-07  -80
2330.01  7.50492e-07  -80
2335.01  7.50492e-07  -80
2340.01  7.50492e-07  -80
2345.01  7.50492e-07  -80
2350.01  7.50492e-07  -80
2355.01  7.50492e-07  -80
2360.01  7.50492e-07  -80
2365.01  7.50492e-07  -80
2370.01  7.50492e-07  -80
2375.01  7.50493e-07  -80
2380.01  7.50493e-07  -80
2385.01  7.50493e-07  -80
2390.01  7.50493e-07  -80
2395.01  7.50493e-07  -80
2400.01  7.50493e-07  -80
2405.01  7.50493e-07  -80
2410.01  7.50493e-07  -80
2415.01  7.50493e-07  -80
2420.01  7.50493e-07  -80
2425.01  7.50493e-07  -80
2430.01  7.50493e-07  -80
2435.01  7.50493e-07  -80
2440.01  7.50494e-07  -80
2445.01  7.50494e-07  -80
2450.01  7.50494e-07  -80
2455.01  7.50494e-07  -80
2460.01  7.50494e-07  -80
2465.01  7.50494e-07  -80
2470.01  7.50494e-07  -80
2475.01  7.50494e-07  -80
2480.01  7.50494e-07  -80
2485.01  7.50494e-07  -80
2490.01  7.50494e-07  -80
2495.01  7.50494e-07  -80
2500.01  7.50494e-07  -80
2505.01  7.50494e-07  -80
2510.01  7.50494e-07  -80
2515.01  7.50494e-07  -80
2520.01  7.50494e-07  -80
2525.01  7.50494e-07  -80
2530.01  7.50494e-07  -80
2535.01  7.50494e-07  -80
2540.01  7.50495e-07  -80
2545.01  7.50495e-07  -80
2550.01  7.50495e-07  -80
2555.01  7.50495e-07  -80
2560.01  7.50495e-07  -80
2565.01  7.50495e-07  -80
2570.01  7.50495e-07  -80
2575.01  7.50495e-07  -80
2580.01  7.50495e-07  -80
2585.01  7.50495e-07  -80
2590.01  7.50495e-07  -80
2595.01  7.50495e-07  -80
2600.01  7.50495e-07  -80
2605.01  7.50495e-07  -80
2610.01  7.50495e-07  -80
2615.01  7.50495e-07  -80
2620.01  7.50495e-07  -80
2625.01  7.50495e-07  -80
2630.01  7.50495e-07  -80
2635.01  7.50495e-07  -80
2640.01  7.50495e-07  -80
2645.01  7.50495e-07  -80
2650.01  7.50495e-07  -80
2655.01  7.50495e-07  -80
2660.01  7.50495e-07  -80
2665.01  7.50495e-07  -80
2670.01  7.50495e-07  -80
2675.01  7.50495e-07  -80
2680.01  7.50495e-07  -80
2685.01  7.50495e-07  -80
2690.01  7.50495e-07  -80
2695.01  7.50495e-07  -80
2700.01  7.50495e-07  -80
2705.01  7.50495e-07  -80
2710.01  7.50495e-07  -80
2715.01  7.50495e-07  -80
2720.01  7.50495e-07  -80
2725.01  7.50495e-07  -80
2730.01  7.50495e-07  -80
2735.01  7.50495e-07  -80
2740.01  7.50495e-07  -80
2745.01  7.50495e-07  -80
2750.01  7.50495e-07  -80
2755.01  7.50495e-07  -80
2760.01  7.50495e-07  -80
2765.01  7.50496e-07  -80
2770.01  7.50496e-07  -80
2775.01  7.50496e-07  -80
2780.01  7.50496e-07  -80
2785.01  7.50496e-07  -80
2790.01  7.50496e-07  -80
2795.01  7.50496e-07  -80
2800.01  7.50496e-07  -80
2805.01  7.50496e-07  -80
2810.01  7.50496e-07  -80
2815.01  7.50496e-07  -80
2820.01  7.50496e-07  -80
2825.01  7.50496e-07  -80
2830.01  7.50496e-07  -80
2835.01  7.50496e-07  -80
2840.01  7.50496e-07  -80
2845.01  7.50496e-07  -80
2850.01  7.50496e-07  -80
2855.01  7.50496e-07  -80
2860.01  7.50496e-07  -80
2865.01  7.50496e-07  -80
2870.01  7.50496e-07  -80
2875.01  7.50496e-07  -80
2880.01  7.50496e-07  -80
2885.01  7.50496e-07  -80
2890.01  7.50496e-07  -80
2895.01  7.50496e-07  -80
2900.01  7.50496e-07  -80
2905.01  7.50496e-07  -80
2910.01  7.50496e-07  -80
2915.01  7.50496e-07  -80
2920.01  7.50496e-07  -80
2925.01  7.50496e-07  -80
2930.01  7.50496e-07  -80
2935.01  7.50496e-07  -80
2940.01  7.50496e-07  -80
2945.01  7.50496e-07  -80
2950.01  7.50496e-07  -80
2955.01  7.50496e-07  -80
2960.01  7.50496e-07  -80
2965.01  7.50496e-07  -80
2970.01  7.50496e-07  -80
2975.01  7.50496e-07  -80
2980.01  7.50496e-07  -80
2985.01  7.50496e-07  -80
2990.01  7.50496e-07  -80
2995.01  7.50496e-07  -80
3000.01  7.50496e-07  -80
3005.01  7.50496e-07  -80
3010.01  7.50496e-07  -80
3015.01  7.50496e-07  -80
3020.01  7.50496e-07  -80
3025.01  7.50496e-07  -80
3030.01  7.50496e-07  -80
3035.01  7.50496e-07  -80
3040.01  7.50496e-07  -80
3045.01  7.50496e-07  -80
3050.01  7.50496e-07  -80
3055.01  7.50496e-07  -80
3060.01  7.50496e-07  -80
3065.01  7.50496e-07  -80
3070.01  7.50496e-07  -80
3075.01  7.50496e-07  -80
3080.01  7.50496e-07  -80
3085.01  7.50496e-07  -80
3090.01  7.50496e-07  -80
3095.01  7.50496e-07  -80
3100.01  7.50496e-07  -80
3105.01  7.50496e-07  -80
3110.01  7.50496e-07  -80
3115.01  7.50496e-07  -80
3120.01  7.50496e-07  -80
3125.01  7.50496e-07  -80
3130.01  7.50496e-07  -80
3135.01  7.50496e-07  -80
3140.01  7.50496e-07  -80
3145.01  7.50496e-07  -80
3150.01  7.50496e-07  -80
3155.01  7.50496e-07  -80
3160.01  7.50496e-07  -80
3165.01  7.50496e-07  -80
3170.01  7.50496e-07  -80
3175.01  7.50496e-07  -80
3180.01  7.50496e-07  -80
3185.01  7.50496e-07  -80
3190.01  7.50496e-07  -80
3195.01  7.50496e-07  -80
3200.01  7.50496e-07  -80
3205.01  7.50496e-07  -80
3210.01  7.50496e-07  -80
3215.01  7.50496e-07  -80
3220.01  7.50496e-07  -80
3225.01  7.50496e-07  -80
3230.01  7.50496e-07  -80
3235.01  7.50496e-07  -80
3240.01  7.50496e-07  -80
3245.01  7.50496e-07  -80
3250.01  7.50496e-07  -80
3255.01  7.50496e-07  -80
3260.01  7.50496e-07  -80
3265.01  7.50496e-07  -80
3270.01  7.50496e-07  -80
3275.01  7.50496e-07  -80
3280.01  7.50496e-07  -80
3285.01  7.50496e-07  -80
3290.01  7.50496e-07  -80
3295.01  7.50496e-07  -80
3300.01  7.50496e-07  -80
3305.01  7.50496e-07  -80
3310.01  7.50496e-07  -80
3315.01  7.50496e-07  -80
3320.01  7.50496e-07  -80
3325.01  7.50496e-07  -80
3330.01  7.50496e-07  -80
3335.01  7.50496e-07  -80
3340.01  7.50496e-07  -80
3345.01  7.50496e-07  -80
3350.01  7.50496e-07  -80
3355.01  7.50496e-07  -80
3360.01  7.50496e-07  -80
3365.01  7.50496e-07  -80
3370.01  7.50496e-07  -80
3375.01  7.50496e-07  -80
3380.01  7.50496e-07  -80
3385.01  7.50496e-07  -80
3390.01  7.50496e-07  -80
3395.01  7.50496e-07  -80
3400.01  7.50496e-07  -80
3405.01  7.50496e-07  -80
3410.01  7.50496e-07  -80
3415.01  7.50496e-07  -80
3420.01  7.50496e-07  -80
3425.01  7.50496e-07  -80
3430.01  7.50496e-07  -80
3435.01  7.50496e-07  -80
3440.01  7.50496e-07  -80
3445.01  7.50496e-07  -80
3450.01  7.50496e-07  -80
3455.01  7.50496e-07  -80
3460.01  7.50496e-07  -80
3465.01  7.50496e-07  -80
3470.01  7.50496e-07  -80
3475.01  7.50496e-07  -80
3480.01  7.50496e-07  -80
3485.01  7.50496e-07  -80
3490.01  7.50496e-07  -80
3495.01  7.50496e-07  -80
3500.01  7.50496e-07  -80
3505.01  7.50496e-07  -80
3510.01  7.50496e-07  -80
3515.01  7.50496e-07  -80
3520.01  7.50496e-07  -80
3525.01  7.50496e-07  -80
3530.01  7.50496e-07  -80
3535.01  7.50496e-07  -80
3540.01  7.50496e-07  -80
3545.01  7.50496e-07  -80
3550.01  7.50496e-07  -80
3555.01  7.50496e-07  -80
3560.01  7.50496e-07  -80
3565.01  7.50496e-07  -80
3570.01  7.50496e-07  -80
3575.01  7.50496e-07  -80
3580.01  7.50496e-07  -80
3585.01  7.50496e-07  -80
3590.01  7.50496e-07  -80
3595.01  7.50496e-07  -80
3600.01  7.50496e-07  -80
3605.01  7.50496e-07  -80
3610.01  7.50496e-07  -80
3615.01  7.50496e-07  -80
3620.01  7.50496e-07  -80
3625.01  7.50496e-07  -80
3630.01  7.50496e-07  -80
3635.01  7.50496e-07  -80
3640.01  7.50496e-07  -80
3645.01  7.50496e-07  -80
3650.01  7.50496e-07  -80
3655.01  7.50496e-07  -80
3660.01  7.50496e-07  -80
3665.01  7.50496e-07  -80
3670.01  7.50496e-07  -80
3675.01  7.50496e-07  -80
3680.01  7.50496e-07  -80
3685.01  7.50496e-07  -80
3690.01  7.50496e-07  -80
3695.01  7.50496e-07  -80
3700.01  7.50496e-07  -80
3705.01  7.50496e-07  -80
3710.01  7.50496e-07  -80
3715.01  7.50496e-07  -80
3720.01  7.50496e-07  -80
3725.01  7.50496e-07  -80
3730.01  7.50496e-07  -80
3735.01  7.50496e-07  -80
3740.01  7.50496e-07  -80
3745.01  7.50496e-07  -80
3750.01  7.50496e-07  -80
3755.01  7.50496e-07  -80
3760.01  7.50496e-07  -80
3765.01  7.50496e-07  -80
3770.01  7.50496e-07  -80
3775.01  7.50496e-07  -80
3780.01  7.50496e-07  -80
3785.01  7.50496e-07  -80
3790.01  7.50496e-07  -80
3795.01  7.50496e-07  -80
3800.01  7.50496e-07  -80
3805.01  7.50496e-07  -80
3810.01  7.50496e-07  -80
3815.01  7.50496e-07  -80
3820.01  7.50496e-07  -80
3825.01  7.50496e-07  -80
3830.01  7.50496e-07  -80
3835.01  7.50496e-07  -80
3840.01  7.50496e-07  -80
3845.01  7.50496e-07  -80
3850.01  7.50496e-07  -80
3855.01  7.50496e-07  -80
3860.01  7.50496e-07  -80
3865.01  7.50496e-07  -80
3870.01  7.50496e-07  -80
3875.01  7.50496e-07  -80
3880.01  7.50496e-07  -80
3885.01  7.50496e-07  -80
3890.01  7.50496e-07  -80
3895.01  7.50496e-07  -80
3900.01  7.50496e-07  -80
3905.01  7.50496e-07  -80
3910.01  7.50496e-07  -80
3915.01  7.50496e-07  -80
3920.01  7.50496e-07  -80
3925.01  7.50496e-07  -80
3930.01  7.50496e-07  -80
3935.01  7.50496e-07  -80
3940.01  7.50496e-07  -80
3945.01  7.50496e-07  -80
3950.01  7.50496e-07  -80
3955.01  7.50496e-07  -80
3960.01  7.50496e-07  -80
3965.01  7.50496e-07  -80
3970.01  7.50496e-07  -80
3975.01  7.50496e-07  -80
3980.01  7.50496e-07  -80
3985.01  7.50496e-07  -80
3990.01  7.50496e-07  -80
3995.01  7.50496e-07  -80
4000.01  7.50496e-07  -80
4005.01  7.50496e-07  -80
4010.01  7.50496e-07  -80
4015.01  7.50496e-07  -80
4020.01  7.50496e-07  -80
4025.01  7.50496e-07  -80
4030.01  7.50496e-07  -80
4035.01  7.50496e-07  -80
4040.01  7.50496e-07  -80
4045.01  7.50496e-07  -80
4050.01  7.50496e-07  -80
4055.01  7.50496e-07  -80
4060.01  7.50496e-07  -80
4065.01  7.50496e-07  -80
4070.01  7.50496e-07  -80
4075.01  7.50496e-07  -80
4080.01  7.50496e-07  -80
4085.01  7.50496e-07  -80
4090.01  7.50496e-07  -80
4095.01  7.50496e-07  -80
4100.01  7.50496e-07  -80
4105.01  7.50496e-07  -80
4110.01  7.50496e-07  -80
4115.01  7.50496e-07  -80
4120.01  7.50496e-07  -80
4125.01  7.50496e-07  -80
4130.01  7.50496e-07  -80
4135.01  7.50496e-07  -80
4140.01  7.50496e-07  -80
4145.01  7.50496e-07  -80
4150.01  7.50496e-07  -80
4155.01  7.50496e-07  -80
4160.01  7.50496e-07  -80
4165.01  7.50496e-07  -80
4170.01  7.50496e-07  -80
4175.01  7.50496e-07  -80
4180.01  7.50496e-07  -80
4185.01  7.50496e-07  -80
4190.01  7.50496e-07  -80
4195.01  7.50496e-07  -80
4200.01  7.50496e-07  -80
4205.01  7.50496e-07  -80
4210.01  7.50496e-07  -80
4215.01  7.50496e-07  -80
4220.01  7.50496e-07  -80
4225.01  7.50496e-07  -80
4230.01  7.50496e-07  -80
4235.01  7.50496e-07  -80
4240.01  7.50496e-07  -80
4245.01  7.50496e-07  -80
4250.01  7.50496e-07  -80
4255.01  7.50496e-07  -80
4260.01  7.50496e-07  -80
4265.01  7.50496e-07  -80
4270.01  7.50496e-07  -80
4275.01  7.50496e-07  -80
4280.01  7.50496e-07  -80
4285.01  7.50496e-07  -80
4290.01  7.50496e-07  -80
4295.01  7.50496e-07  -80
4300.01  7.50496e-07  -80
4305.01  7.50496e-07  -80
4310.01  7.50496e-07  -80
4315.01  7.50496e-07  -80
4320.01  7.50496e-07  -80
4325.01  7.50496e-07  -80
4330.01  7.50496e-07  -80
4335.01  7.50496e-07  -80
4340.01  7.50496e-07  -80
4345.01  7.50496e-07  -80
4350.01  7.50496e-07  -80
4355.01  7.50496e-07  -80
4360.01  7.50496e-07  -80
4365.01  7.50496e-07  -80
4370.01  7.50496e-07  -80
4375.01  7.50496e-07  -80
4380.01  7.50496e-07  -80
4385.01  7.50496e-07  -80
4390.01  7.50496e-07  -80
4395.01  7.50496e-07  -80
4400.01  7.50496e-07  -80
4405.01  7.50496e-07  -80
4410.01  7.50496e-07  -80
4415.01  7.50496e-07  -80
4420.01  7.50496e-07  -80
4425.01  7.50496e-07  -80
4430.01  7.50496e-07  -80
4435.01  7.50496e-07  -80
4440.01  7.50496e-07  -80
4445.01  7.50496e-07  -80
4450.01  7.50496e-07  -80
4455.01  7.50496e-07  -80
4460.01  7.50496e-07  -80
4465.01  7.50496e-07  -80
4470.01  7.50496e-07  -80
4475.01  7.50496e-07  -80
4480.01  7.50496e-07  -80
4485.01  7.50496e-07  -80
4490.01  7.50496e-07  -80
4495.01  7.50496e-07  -80
4500.01  7.50496e-07  -80
4505.01  7.50496e-07  -80
4510.01  7.50496e-07  -80
4515.01  7.50496e-07  -80
4520.01  7.50496e-07  -80
4525.01  7.50496e-07  -80
4530.01  7.50496e-07  -80
4535.01  7.50496e-07  -80
4540.01  7.50496e-07  -80
4545.01  7.50496e-07  -80
4550.01  7.50496e-07  -80
4555.01  7.50496e-07  -80
4560.01  7.50496e-07  -80
4565.01  7.50496e-07  -80
4570.01  7.50496e-07  -80
4575.01  7.50496e-07  -80
4580.01  7.50496e-07  -80
4585.01  7.50496e-07  -80
4590.01  7.50496e-07  -80
4595.01  7.50496e-07  -80
4600.01  7.50496e-07  -80
4605.01  7.50496e-07  -80
4610.01  7.50496e-07  -80
4615.01  7.50496e-07  -80
4620.01  7.50496e-07  -80
4625.01  7.50496e-07  -80
4630.01  7.50496e-07  -80
4635.01  7.50496e-07  -80
4640.01  7.50496e-07  -80
4645.01  7.50496e-07  -80
4650.01  7.50496e-07  -80
4655.01  7.50496e-07  -80
4660.01  7.50496e-07  -80
4665.01  7.50496e-07  -80
4670.01  7.50496e-07  -80
4675.01  7.50496e-07  -80
4680.01  7.50496e-07  -80
4685.01  7.50496e-07  -80
4690.01  7.50496e-07  -80
4695.01  7.50496e-07  -80
4700.01  7.50496e-07  -80
4705.01  7.50496e-07  -80
4710.01  7.50496e-07  -80
4715.01  7.50496e-07  -80
4720.01  7.50496e-07  -80
4725.01  7.50496e-07  -80
4730.01  7.50496e-07  -80
4735.01  7.50496e-07  -80
4740.01  7.50496e-07  -80
4745.01  7.50496e-07  -80
4750.01  7.50496e-07  -80
4755.01  7.50496e-07  -80
4760.01  7.50496e-07  -80
4765.01  7.50496e-07  -80
4770.01  7.50496e-07  -80
4775.01  7.50496e-07  -80
4780.01  7.50496e-07  -80
4785.01  7.50496e-07  -80
4790.01  7.50496e-07  -80
4795.01  7.50496e-07  -80
4800.01  7.50496e-07  -80
4805.01  7.50496e-07  -80
4810.01  7.50496e-07  -80
4815.01  7.50496e-07  -80
4820.01  7.50496e-07  -80
4825.01  7.50496e-07  -80
4830.01  7.50496e-07  -80
4835.01  7.50496e-07  -80
4840.01  7.50496e-07  -80
4845.01  7.50496e-07  -80
4850.01  7.50496e-07  -80
4855.01  7.50496e-07  -80
4860.01  7.50496e-07  -80
4865.01  7.50496e-07  -80
4870.01  7.50496e-07  -80
4875.01  7.50496e-07  -80
4880.01  7.50496e-07  -80
4885.01  7.50496e-07  -80
4890.01  7.50496e-07  -80
4895.01  7.50496e-07  -80
4900.01  7.50496e-07  -80
4905.01  7.50496e-07  -80
4910.01  7.50496e-07  -80
4915.01  7.50496e-07  -80
4920.01  7.50496e-07  -80
4925.01  7.50496e-07  -80
4930.01  7.50496e-07  -80
4935.01  7.50496e-07  -80
4940.01  7.50496e-07  -80
4945.01  7.50496e-07  -80
4950.01  7.50496e-07  -80
4955.01  7.50496e-07  -80
4960.01  7.50496e-07  -80
4965.01  7.50496e-07  -80
4970.01  7.50496e-07  -80
4975.01  7.50496e-07  -80
4980.01  7.50496e-07  -80
4985.01  7.50496e-07  -80
4990.01  7.50496e-07  -80
4995.01  7.50496e-07  -80
5000.01  7.50496e-07  -80
5005.01  7.50496e-07  -80
5010.01  7.50496e-07  -80
5015.01  7.50496e-07  -80
5020.01  7.50496e-07  -80
5025.01  7.50496e-07  -80
5030.01  7.50496e-07  -80
5035.01  7.50496e-07  -80
5040.01  7.50496e-07  -80
5045.01  7.50496e-07  -80
5050.01  7.50496e-07  -80
5055.01  7.50496e-07  -80
5060.01  7.50496e-07  -80
5065.01  7.50496e-07  -80
5070.01  7.50496e-07  -80
5075.01  7.50496e-07  -80
5080.01  7.50496e-07  -80
5085.01  7.50496e-07  -80
5090.01  7.50496e-07  -80
5095.01  7.50496e-07  -80
5100.01  7.50496e-07  -80
5105.01  7.50496e-07  -80
5110.01  7.50496e-07  -80
5115.01  7.50496e-07  -80
5120.01  7.50496e-07  -80
5125.01  7.50496e-07  -80
5130.01  7.50496e-07  -80
5135.01  7.50496e-07  -80
5140.01  7.50496e-07  -80
5145.01  7.50496e-07  -80
5150.01  7.50496e-07  -80
5155.01  7.50496e-07  -80
5160.01  7.50496e-07  -80
5165.01  7.50496e-07  -80
5170.01  7.50496e-07  -80
5175.01  7.50496e-07  -80
5180.01  7.50496e-07  -80
5185.01  7.50496e-07  -80
5190.01  7.50496e-07  -80
5195.01  7.50496e-07  -80
5200.01  7.50496e-07  -80
5205.01  7.50496e-07  -80
5210.01  7.50496e-07  -80
5215.01  7.50496e-07  -80
5220.01  7.50496e-07  -80
5225.01  7.50496e-07  -80
5230.01  7.50496e-07  -80
5235.01  7.50496e-07  -80
5240.01  7.50496e-07  -80
5245.01  7.50496e-07  -80
5250.01  7.50496e-07  -80
5255.01  7.50496e-07  -80
5260.01  7.50496e-07  -80
5265.01  7.50496e-07  -80
5270.01  7.50496e-07  -80
5275.01  7.50496e-07  -80
5280.01  7.50496e-07  -80
5285.01  7.50496e-07  -80
5290.01  7.50496e-07  -80
5295.01  7.50496e-07  -80
5300.01  7.50496e-07  -80
5305.01  7.50496e-07  -80
5310.01  7.50496e-07  -80
5315.01  7.50496e-07  -80
5320.01  7.50496e-07  -80
5325.01  7.50496e-07  -80
5330.01  7.50496e-07  -80
5335.01  7.50496e-07  -80
5340.01  7.50496e-07  -80
5345.01  7.50496e-07  -80
5350.01  7.50496e-07  -80
5355.01  7.50496e-07  -80
5360.01  7.50496e-07  -80
5365.01  7.50496e-07  -80
5370.01  7.50496e-07  -80
5375.01  7.50496e-07  -80
5380.01  7.50496e-07  -80
5385.01  7.50496e-07  -80
5390.01  7.50496e-07  -80
5395.01  7.50496e-07  -80
5400.01  7.50496e-07  -80
5405.01  7.50496e-07  -80
5410.01  7.50496e-07  -80
5415.01  7.50496e-07  -80
5420.01  7.50496e-07  -80
5425.01  7.50496e-07  -80
5430.01  7.50496e-07  -80
5435.01  7.50496e-07  -80
5440.01  7.50496e-07  -80
5445.01  7.50496e-07  -80
5450.01  7.50496e-07  -80
5455.01  7.50496e-07  -80
5460.01  7.50496e-07  -80
5465.01  7.50496e-07  -80
5470.01  7.50496e-07  -80
5475.01  7.50496e-07  -80
5480.01  7.50496e-07  -80
5485.01  7.50496e-07  -80
5490.01  7.50496e-07  -80
5495.01  7.50496e-07  -80
5500.01  7.50496e-07  -80
5505.01  7.50496e-07  -80
5510.01  7.50496e-07  -80
5515.01  7.50496e-07  -80
5520.01  7.50496e-07  -80
5525.01  7.50496e-07  -80
5530.01  7.50496e-07  -80
5535.01  7.50496e-07  -80
5540.01  7.50496e-07  -80
5545.01  7.50496e-07  -80
5550.01  7.50496e-07  -80
5555.01  7.50496e-07  -80
5560.01  7.50496e-07  -80
5565.01  7.50496e-07  -80
5570.01  7.50496e-07  -80
5575.01  7.50496e-07  -80
5580.01  7.50496e-07  -80
5585.01  7.50496e-07  -80
5590.01  7.50496e-07  -80
5595.01  7.50496e-07  -80
5600.01  7.50496e-07  -80
5605.01  7.50496e-07  -80
5610.01  7.50496e-07  -80
5615.01  7.50496e-07  -80
5620.01  7.50496e-07  -80
5625.01  7.50496e-07  -80
5630.01  7.50496e-07  -80
5635.01  7.50496e-07  -80
5640.01  7.50496e-07  -80
5645.01  7.50496e-07  -80
5650.01  7.50496e-07  -80
5655.01  7.50496e-07  -80
5660.01  7.50496e-07  -80
5665.01  7.50496e-07  -80
5670.01  7.50496e-07  -80
5675.01  7.50496e-07  -80
5680.01  7.50496e-07  -80
5685.01  7.50496e-07  -80
5690.01  7.50496e-07  -80
5695.01  7.50496e-07  -80
5700.01  7.50496e-07  -80
5705.01  7.50496e-07  -80
5710.01  7.50496e-07  -80
5715.01  7.50496e-07  -80
5720.01  7.50496e-07  -80
5725.01  7.50496e-07  -80
5730.01  7.50496e-07  -80
5735.01  7.50496e-07  -80
5740.01  7.50496e-07  -80
5745.01  7.50496e-07  -80
5750.01  7.50496e-07  -80
5755.01  7.50496e-07  -80
5760.01  7.50496e-07  -80
5765.01  7.50496e-07  -80
5770.01  7.50496e-07  -80
5775.01  7.50496e-07  -80
5780.01  7.50496e-07  -80
5785.01  7.50496e-07  -80
5790.01  7.50496e-07  -80
5795.01  7.50496e-07  -80
5800.01  7.50496e-07  -80
5805.01  7.50496e-07  -80
5810.01  7.50496e-07  -80
5815.01  7.50496e-07  -80
5820.01  7.50496e-07  -80
5825.01  7.50496e-07  -80
5830.01  7.50496e-07  -80
5835.01  7.50496e-07  -80
5840.01  7.50496e-07  -80
5845.01  7.50496e-07  -80
5850.01  7.50496e-07  -80
5855.01  7.50496e-07  -80
5860.01  7.50496e-07  -80
5865.01  7.50496e-07  -80
5870.01  7.50496e-07  -80
5875.01  7.50496e-07  -80
5880.01  7.50496e-07  -80
5885.01  7.50496e-07  -80
5890.01  7.50496e-07  -80
5895.01  7.50496e-07  -80
5900.01  7.50496e-07  -80
5905.01  7.50496e-07  -80
5910.01  7.50496e-07  -80
5915.01  7.50496e-07  -80
5920.01  7.50496e-07  -80
5925.01  7.50496e-07  -80
5930.01  7.50496e-07  -80
5935.01  7.50496e-07  -80
5940.01  7.50496e-07  -80
5945.01  7.50496e-07  -80
5950.01  7.50496e-07  -80
5955.01  7.50496e-07  -80
5960.01  7.50496e-07  -80
5965.01  7.50496e-07  -80
5970.01  7.50496e-07  -80
5975.01  7.50496e-07  -80
5980.01  7.50496e-07  -80
5985.01  7.50496e-07  -80
5990.01  7.50496e-07  -80
5995.01  7.50496e-07  -80
6000.01  7.50496e-07  -80
6005.01  7.50496e-07  -80
6010.01  7.50496e-07  -80
6015.01  7.50496e-07  -80
6020.01  7.50496e-07  -80
6025.01  7.50496e-07  -80
6030.01  7.50496e-07  -80
6035.01  7.50496e-07  -80
6040.01  7.50496e-07  -80
6045.01  7.50496e-07  -80
6050.01  7.50496e-07  -80
6055.01  7.50496e-07  -80
6060.01  7.50496e-07  -80
6065.01  7.50496e-07  -80
6070.01  7.50496e-07  -80
6075.01  7.50496e-07  -80
6080.01  7.50496e-07  -80
6085.01  7.50496e-07  -80
6090.01  7.50496e-07  -80
6095.01  7.50496e-07  -80
6100.01  7.50496e-07  -80
6105.01  7.50496e-07  -80
6110.01  7.50496e-07  -80
6115.01  7.50496e-07  -80
6120.01  7.50496e-07  -80
6125.01  7.50496e-07  -80
6130.01  7.50496e-07  -80
6135.01  7.50496e-07  -80
6140.01  7.50496e-07  -80
6145.01  7.50496e-07  -80
6150.01  7.50496e-07  -80
6155.01  7.50496e-07  -80
6160.01  7.50496e-07  -80
6165.01  7.50496e-07  -80
6170.01  7.50496e-07  -80
6175.01  7.50496e-07  -80
6180.01  7.50496e-07  -80
6185.01  7.50496e-07  -80
6190.01  7.50496e-07  -80
6195.01  7.50496e-07  -80
6200.01  7.50496e-07  -80
6205.01  7.50496e-07  -80
6210.01  7.50496e-07  -80
6215.01  7.50496e-07  -80
6220.01  7.50496e-07  -80
6225.01  7.50496e-07  -80
6230.01  7.50496e-07  -80
6235.01  7.50496e-07  -80
6240.01  7.50496e-07  -80
6245.01  7.50496e-07  -80
6250.01  7.50496e-07  -80
6255.01  7.50496e-07  -80
6260.01  7.50496e-07  -80
6265.01  7.50496e-07  -80
6270.01  7.50496e-07  -80
6275.01  7.50496e-07  -80
6280.01  7.50496e-07  -80
6285.01  7.50496e-07  -80
6290.01  7.50496e-07  -80
6295.01  7.50496e-07  -80
6300.01  7.50496e-07  -80
6305.01  7.50496e-07  -80
6310.01  7.50496e-07  -80
6315.01  7.50496e-07  -80
6320.01  7.50496e-07  -80
6325.01  7.50496e-07  -80
6330.01  7.50496e-07  -80
6335.01  7.50496e-07  -80
6340.01  7.50496e-07  -80
6345.01  7.50496e-07  -80
6350.01  7.50496e-07  -80
6355.01  7.50496e-07  -80
6360.01  7.50496e-07  -80
6365.01  7.50496e-07  -80
6370.01  7.50496e-07  -80
6375.01  7.50496e-07  -80
6380.01  7.50496e-07  -80
6385.01  7.50496e-07  -80
6390.01  7.50496e-07  -80
6395.01  7.50496e-07  -80
6400.01  7.50496e-07  -80
6405.01  7.50496e-07  -80
6410.01  7.50496e-07  -80
6415.01  7.50496e-07  -80
6420.01  7.50496e-07  -80
6425.01  7.50496e-07  -80
6430.01  7.50496e-07  -80
6435.01  7.50496e-07  -80
6440.01  7.50496e-07  -80
6445.01  7.50496e-07  -80
6450.01  7.50496e-07  -80
6455.01  7.50496e-07  -80
6460.01  7.50496e-07  -80
6465.01  7.50496e-07  -80
6470.01  7.50496e-07  -80
6475.01  7.50496e-07  -80
6480.01  7.50496e-07  -80
6485.01  7.50496e-07  -80
6490.01  7.50496e-07  -80
6495.01  7.50496e-07  -80
6500.01  7.50496e-07  -80
6505.01  7.50496e-07  -80
6510.01  7.50496e-07  -80
6515.01  7.50496e-07  -80
6520.01  7.50496e-07  -80
6525.01  7.50496e-07  -80
6530.01  7.50496e-07  -80
6535.01  7.50496e-07  -80
6540.01  7.50496e-07  -80
6545.01  7.50496e-07  -80
6550.01  7.50496e-07  -80
6555.01  7.50496e-07  -80
6560.01  7.50496e-07  -80
6565.01  7.50496e-07  -80
6570.01  7.50496e-07  -80
6575.01  7.50496e-07  -80
6580.01  7.50496e-07  -80
6585.01  7.50496e-07  -80
6590.01  7.50496e-07  -80
6595.01  7.50496e-07  -80
6600.01  7.50496e-07  -80
6605.01  7.50496e-07  -80
6610.01  7.50496e-07  -80
6615.01  7.50496e-07  -80
6620.01  7.50496e-07  -80
6625.01  7.50496e-07  -80
6630.01  7.50496e-07  -80
6635.01  7.50496e-07  -80
6640.01  7.50496e-07  -80
6645.01  7.50496e-07  -80
6650.01  7.50496e-07  -80
6655.01  7.50496e-07  -80
6660.01  7.50496e-07  -80
6665.01  7.50496e-07  -80
6670.01  7.50496e-07  -80
6675.01  7.50496e-07  -80
6680.01  7.50496e-07  -80
6685.01  7.50496e-07  -80
6690.01  7.50496e-07  -80
6695.01  7.50496e-07  -80
6700.01  7.50496e-07  -80
6705.01  7.50496e-07  -80
6710.01  7.50496e-07  -80
6715.01  7.50496e-07  -80
6720.01  7.50496e-07  -80
6725.01  7.50496e-07  -80
6730.01  7.50496e-07  -80
6735.01  7.50496e-07  -80
6740.01  7.50496e-07  -80
6745.01  7.50496e-07  -80
6750.01  7.50496e-07  -80
6755.01  7.50496e-07  -80
6760.01  7.50496e-07  -80
6765.01  7.50496e-07  -80
6770.01  7.50496e-07  -80
6775.01  7.50496e-07  -80
6780.01  7.50496e-07  -80
6785.01  7.50496e-07  -80
6790.01  7.50496e-07  -80
6795.01  7.50496e-07  -80
6800.01  7.50496e-07  -80
6805.01  7.50496e-07  -80
6810.01  7.50496e-07  -80
6815.01  7.50496e-07  -80
6820.01  7.50496e-07  -80
6825.01  7.50496e-07  -80
6830.01  7.50496e-07  -80
6835.01  7.50496e-07  -80
6840.01  7.50496e-07  -80
6845.01  7.50496e-07  -80
6850.01  7.50496e-07  -80
6855.01  7.50496e-07  -80
6860.01  7.50496e-07  -80
6865.01  7.50496e-07  -80
6870.01  7.50496e-07  -80
6875.01  7.50496e-07  -80
6880.01  7.50496e-07  -80
6885.01  7.50496e-07  -80
6890.01  7.50496e-07  -80
6895.01  7.50496e-07  -80
6900.01  7.50496e-07  -80
6905.01  7.50496e-07  -80
6910.01  7.50496e-07  -80
6915.01  7.50496e-07  -80
6920.01  7.50496e-07  -80
6925.01  7.50496e-07  -80
6930.01  7.50496e-07  -80
6935.01  7.50496e-07  -80
6940.01  7.50496e-07  -80
6945.01  7.50496e-07  -80
6950.01  7.50496e-07  -80
6955.01  7.50496e-07  -80
6960.01  7.50496e-07  -80
6965.01  7.50496e-07  -80
6970.01  7.50496e-07  -80
6975.01  7.50496e-07  -80
6980.01  7.50496e-07  -80
6985.01  7.50496e-07  -80
6990.01  7.50496e-07  -80
6995.01  7.50496e-07  -80
7000.01  7.50496e-07  -80
7005.01  7.50496e-07  -80
7010.01  7.50496e-07  -80
7015.01  7.50496e-07  -80
7020.01  7.50496e-07  -80
7025.01  7.50496e-07  -80
7030.01  7.50496e-07  -80
7035.01  7.50496e-07  -80
7040.01  7.50496e-07  -80
7045.01  7.50496e-07  -80
7050.01  7.50496e-07  -80
7055.01  7.50496e-07  -80
7060.01  7.50496e-07  -80
7065.01  7.50496e-07  -80
7070.01  7.50496e-07  -80
7075.01  7.50496e-07  -80
7080.01  7.50496e-07  -80
7085.01  7.50496e-07  -80
7090.01  7.50496e-07  -80
7095.01  7.50496e-07  -80
7100.01  7.50496e-07  -80
7105.01  7.50496e-07  -80
7110.01  7.50496e-07  -80
7115.01  7.50496e-07  -80
7120.01  7.50496e-07  -80
7125.01  7.50496e-07  -80
7130.01  7.50496e-07  -80
7135.01  7.50496e-07  -80
7140.01  7.50496e-07  -80
7145.01  7.50496e-07  -80
7150.01  7.50496e-07  -80
7155.01  7.50496e-07  -80
7160.01  7.50496e-07  -80
7165.01  7.50496e-07  -80
7170.01  7.50496e-07  -80
7175.01  7.50496e-07  -80
7180.01  7.50496e-07  -80
7185.01  7.50496e-07  -80
7190.01  7.50496e-07  -80
7195.01  7.50496e-07  -80
7200.01  7.50496e-07  -80
7205.01  7.50496e-07  -80
7210.01  7.50496e-07  -80
7215.01  7.50496e-07  -80
7220.01  7.50496e-07  -80
7225.01  7.50496e-07  -80
7230.01  7.50496e-07  -80
7235.01  7.50496e-07  -80
7240.01  7.50496e-07  -80
7245.01  7.50496e-07  -80
7250.01  7.50496e-07  -80
7255.01  7.50496e-07  -80
7260.01  7.50496e-07  -80
7265.01  7.50496e-07  -80
7270.01  7.50496e-07  -80
7275.01  7.50496e-07  -80
7280.01  7.50496e-07  -80
7285.01  7.50496e-07  -80
7290.01  7.50496e-07  -80
7295.01  7.50496e-07  -80
7300.01  7.50496e-07  -80
7305.01  7.50496e-07  -80
7310.01  7.50496e-07  -80
7315.01  7.50496e-07  -80
7320.01  7.50496e-07  -80
7325.01  7.50496e-07  -80
7330.01  7.50496e-07  -80
7335.01  7.50496e-07  -80
7340.01  7.50496e-07  -80
7345.01  7.50496e-07  -80
7350.01  7.50496e-07  -80
7355.01  7.50496e-07  -80
7360.01  7.50496e-07  -80
7365.01  7.50496e-07  -80
7370.01  7.50496e-07  -80
7375.01  7.50496e-07  -80
7380.01  7.50496e-07  -80
7385.01  7.50496e-07  -80
7390.01  7.50496e-07  -80
7395.01  7.50496e-07  -80
7400.01  7.50496e-07  -80
7405.01  7.50496e-07  -80
7410.01  7.50496e-07  -80
7415.01  7.50496e-07  -80
7420.01  7.50496e-07  -80
7425.01  7.50496e-07  -80
7430.01  7.50496e-07  -80
7435.01  7.50496e-07  -80
7440.01  7.50496e-07  -80
7445.01  7.50496e-07  -80
7450.01  7.50496e-07  -80
7455.01  7.50496e-07  -80
7460.01  7.50496e-07  -80
7465.01  7.50496e-07  -80
7470.01  7.50496e-07  -80
7475.01  7.50496e-07  -80
7480.01  7.50496e-07  -80
7485.01  7.50496e-07  -80
7490.01  7.50496e-07  -80
7495.01  7.50496e-07  -80
7500.01  7.50496e-07  -80
7505.01  7.50496e-07  -80
7510.01  7.50496e-07  -80
7515.01  7.50496e-07  -80
7520.01  7.50496e-07  -80
7525.01  7.50496e-07  -80
7530.01  7.50496e-07  -80
7535.01  7.50496e-07  -80
7540.01  7.50496e-07  -80
7545.01  7.50496e-07  -80
7550.01  7.50496e-07  -80
7555.01  7.50496e-07  -80
7560.01  7.50496e-07  -80
7565.01  7.50496e-07  -80
7570.01  7.50496e-07  -80
7575.01  7.50496e-07  -80
7580.01  7.50496e-07  -80
7585.01  7.50496e-07  -80
7590.01  7.50496e-07  -80
7595.01  7.50496e-07  -80
7600.01  7.50496e-07  -80
7605.01  7.50496e-07  -80
7610.01  7.50496e-07  -80
7615.01  7.50496e-07  -80
7620.01  7.50496e-07  -80
7625.01  7.50496e-07  -80
7630.01  7.50496e-07  -80
7635.01  7.50496e-07  -80
7640.01  7.50496e-07  -80
7645.01  7.50496e-07  -80
7650.01  7.50496e-07  -80
7655.01  7.50496e-07  -80
7660.01  7.50496e-07  -80
7665.01  7.50496e-07  -80
7670.01  7.50496e-07  -80
7675.01  7.50496e-07  -80
7680.01  7.50496e-07  -80
7685.01  7.50496e-07  -80
7690.01  7.50496e-07  -80
7695.01  7.50496e-07  -80
7700.01  7.50496e-07  -80
7705.01  7.50496e-07  -80
7710.01  7.50496e-07  -80
7715.01  7.50496e-07  -80
7720.01  7.50496e-07  -80
7725.01  7.50496e-07  -80
7730.01  7.50496e-07  -80
7735.01  7.50496e-07  -80
7740.01  7.50496e-07  -80
7745.01  7.50496e-07  -80
7750.01  7.50496e-07  -80
7755.01  7.50496e-07  -80
7760.01  7.50496e-07  -80
7765.01  7.50496e-07  -80
7770.01  7.50496e-07  -80
7775.01  7.50496e-07  -80
7780.01  7.50496e-07  -80
7785.01  7.50496e-07  -80
7790.01  7.50496e-07  -80
7795.01  7.50496e-07  -80
7800.01  7.50496e-07  -80
7805.01  7.50496e-07  -80
7810.01  7.50496e-07  -80
7815.01  7.50496e-07  -80
7820.01  7.50496e-07  -80
7825.01  7.50496e-07  -80
7830.01  7.50496e-07  -80
7835.01  7.50496e-07  -80
7840.01  7.50496e-07  -80
7845.01  7.50496e-07  -80
7850.01  7.50496e-07  -80
7855.01  7.50496e-07  -80
7860.01  7.50496e-07  -80
7865.01  7.50496e-07  -80
7870.01  7.50496e-07  -80
7875.01  7.50496e-07  -80
7880.01  7.50496e-07  -80
7885.01  7.50496e-07  -80
7890.01  7.50496e-07  -80
7895.01  7.50496e-07  -80
7900.01  7.50496e-07  -80
7905.01  7.50496e-07  -80
7910.01  7.50496e-07  -80
7915.01  7.50496e-07  -80
7920.01  7.50496e-07  -80
7925.01  7.50496e-07  -80
7930.01  7.50496e-07  -80
7935.01  7.50496e-07  -80
7940.01  7.50496e-07  -80
7945.01  7.50496e-07  -80
7950.01  7.50496e-07  -80
7955.01  7.50496e-07  -80
7960.01  7.50496e-07  -80
7965.01  7.50496e-07  -80
7970.01  7.50496e-07  -80
7975.01  7.50496e-07  -80
7980.01  7.50496e-07  -80
7985.01  7.50496e-07  -80
7990.01  7.50496e-07  -80
7995.01  7.50496e-07  -80
8000.01  7.50496e-07  -80
8005.01  7.50496e-07  -80
8010.01  7.50496e-07  -80
8015.01  7.50496e-07  -80
8020.01  7.50496e-07  -80
8025.01  7.50496e-07  -80
8030.01  7.50496e-07  -80
8035.01  7.50496e-07  -80
8040.01  7.50496e-07  -80
8045.01  7.50496e-07  -80
8050.01  7.50496e-07  -80
8055.01  7.50496e-07  -80
8060.01  7.50496e-07  -80
8065.01  7.50496e-07  -80
8070.01  7.50496e-07  -80
8075.01  7.50496e-07  -80
8080.01  7.50496e-07  -80
8085.01  7.50496e-07  -80
8090.01  7.50496e-07  -80
8095.01  7.50496e-07  -80
8100.01  7.50496e-07  -80
8105.01  7.50496e-07  -80
8110.01  7.50496e-07  -80
8115.01  7.50496e-07  -80
8120.01  7.50496e-07  -80
8125.01  7.50496e-07  -80
8130.01  7.50496e-07  -80
8135.01  7.50496e-07  -80
8140.01  7.50496e-07  -80
8145.01  7.50496e-07  -80
8150.01  7.50496e-07  -80
8155.01  7.50496e-07  -80
8160.01  7.50496e-07  -80
8165.01  7.50496e-07  -80
8170.01  7.50496e-07  -80
8175.01  7.50496e-07  -80
8180.01  7.50496e-07  -80
8185.01  7.50496e-07  -80
8190.01  7.50496e-07  -80
8195.01  7.50496e-07  -80
8200.01  7.50496e-07  -80
8205.01  7.50496e-07  -80
8210.01  7.50496e-07  -80
8215.01  7.50496e-07  -80
8220.01  7.50496e-07  -80
8225.01  7.50496e-07  -80
8230.01  7.50496e-07  -80
8235.01  7.50496e-07  -80
8240.01  7.50496e-07  -80
8245.01  7.50496e-07  -80
8250.01  7.50496e-07  -80
8255.01  7.50496e-07  -80
8260.01  7.50496e-07  -80
8265.01  7.50496e-07  -80
8270.01  7.50496e-07  -80
8275.01  7.50496e-07  -80
8280.01  7.50496e-07  -80
8285.01  7.50496e-07  -80
8290.01  7.50496e-07  -80
8295.01  7.50496e-07  -80
8300.01  7.50496e-07  -80
8305.01  7.50496e-07  -80
8310.01  7.50496e-07  -80
8315.01  7.50496e-07  -80
8320.01  7.50496e-07  -80
8325.01  7.50496e-07  -80
8330.01  7.50496e-07  -80
8335.01  7.50496e-07  -80
8340.01  7.50496e-07  -80
8345.01  7.50496e-07  -80
8350.01  7.50496e-07  -80
8355.01  7.50496e-07  -80
8360.01  7.50496e-07  -80
8365.01  7.50496e-07  -80
8370.01  7.50496e-07  -80
8375.01  7.50496e-07  -80
8380.01  7.50496e-07  -80
8385.01  7.50496e-07  -80
8390.01  7.50496e-07  -80
8395.01  7.50496e-07  -80
8400.01  7.50496e-07  -80
8405.01  7.50496e-07  -80
8410.01  7.50496e-07  -80
8415.01  7.50496e-07  -80
8420.01  7.50496e-07  -80
8425.01  7.50496e-07  -80
8430.01  7.50496e-07  -80
8435.01  7.50496e-07  -80
8440.01  7.50496e-07  -80
8445.01  7.50496e-07  -80
8450.01  7.50496e-07  -80
8455.01  7.50496e-07  -80
8460.01  7.50496e-07  -80
8465.01  7.50496e-07  -80
8470.01  7.50496e-07  -80
8475.01  7.50496e-07  -80
8480.01  7.50496e-07  -80
8485.01  7.50496e-07  -80
8490.01  7.50496e-07  -80
8495.01  7.50496e-07  -80
8500.01  7.50496e-07  -80
8505.01  7.50496e-07  -80
8510.01  7.50496e-07  -80
8515.01  7.50496e-07  -80
8520.01  7.50496e-07  -80
8525.01  7.50496e-07  -80
8530.01  7.50496e-07  -80
8535.01  7.50496e-07  -80
8540.01  7.50496e-07  -80
8545.01  7.50496e-07  -80
8550.01  7.50496e-07  -80
8555.01  7.50496e-07  -80
8560.01  7.50496e-07  -80
8565.01  7.50496e-07  -80
8570.01  7.50496e-07  -80
8575.01  7.50496e-07  -80
8580.01  7.50496e-07  -80
8585.01  7.50496e-07  -80
8590.01  7.50496e-07  -80
8595.01  7.50496e-07  -80
8600.01  7.50496e-07  -80
8605.01  7.50496e-07  -80
8610.01  7.50496e-07  -80
8615.01  7.50496e-07  -80
8620.01  7.50496e-07  -80
8625.01  7.50496e-07  -80
8630.01  7.50496e-07  -80
8635.01  7.50496e-07  -80
8640.01  7.50496e-07  -80
8645.01  7.50496e-07  -80
8650.01  7.50496e-07  -80
8655.01  7.50496e-07  -80
8660.01  7.50496e-07  -80
8665.01  7.50496e-07  -80
8670.01  7.50496e-07  -80
8675.01  7.50496e-07  -80
8680.01  7.50496e-07  -80
8685.01  7.50496e-07  -80
8690.01  7.50496e-07  -80
8695.01  7.50496e-07  -80
8700.01  7.50496e-07  -80
8705.01  7.50496e-07  -80
8710.01  7.50496e-07  -80
8715.01  7.50496e-07  -80
8720.01  7.50496e-07  -80
8725.01  7.50496e-07  -80
8730.01  7.50496e-07  -80
8735.01  7.50496e-07  -80
8740.01  7.50496e-07  -80
8745.01  7.50496e-07  -80
8750.01  7.50496e-07  -80
8755.01  7.50496e-07  -80
8760.01  7.50496e-07  -80
8765.01  7.50496e-07  -80
8770.01  7.50496e-07  -80
8775.01  7.50496e-07  -80
8780.01  7.50496e-07  -80
8785.01  7.50496e-07  -80
8790.01  7.50496e-07  -80
8795.01  7.50496e-07  -80
8800.01  7.50496e-07  -80
8805.01  7.50496e-07  -80
8810.01  7.50496e-07  -80
8815.01  7.50496e-07  -80
8820.01  7.50496e-07  -80
8825.01  7.50496e-07  -80
8830.01  7.50496e-07  -80
8835.01  7.50496e-07  -80
8840.01  7.50496e-07  -80
8845.01  7.50496e-07  -80
8850.01  7.50496e-07  -80
8855.01  7.50496e-07  -80
8860.01  7.50496e-07  -80
8865.01  7.50496e-07  -80
8870.01  7.50496e-07  -80
8875.01  7.50496e-07  -80
8880.01  7.50496e-07  -80
8885.01  7.50496e-07  -80
8890.01  7.50496e-07  -80
8895.01  7.50496e-07  -80
8900.01  7.50496e-07  -80
8905.01  7.50496e-07  -80
8910.01  7.50496e-07  -80
8915.01  7.50496e-07  -80
8920.01  7.50496e-07  -80
8925.01  7.50496e-07  -80
8930.01  7.50496e-07  -80
8935.01  7.50496e-07  -80
8940.01  7.50496e-07  -80
8945.01  7.50496e-07  -80
8950.01  7.50496e-07  -80
8955.01  7.50496e-07  -80
8960.01  7.50496e-07  -80
8965.01  7.50496e-07  -80
8970.01  7.50496e-07  -80
8975.01  7.50496e-07  -80
8980.01  7.50496e-07  -80
8985.01  7.50496e-07  -80
8990.01  7.50496e-07  -80
8995.01  7.50496e-07  -80
9000.01  7.50496e-07  -80
9005.01  7.50496e-07  -80
9010.01  7.50496e-07  -80
9015.01  7.50496e-07  -80
9020.01  7.50496e-07  -80
9025.01  7.50496e-07  -80
9030.01  7.50496e-07  -80
9035.01  7.50496e-07  -80
9040.01  7.50496e-07  -80
9045.01  7.50496e-07  -80
9050.01  7.50496e-07  -80
9055.01  7.50496e-07  -80
9060.01  7.50496e-07  -80
9065.01  7.50496e-07  -80
9070.01  7.50496e-07  -80
9075.01  7.50496e-07  -80
9080.01  7.50496e-07  -80
9085.01  7.50496e-07  -80
9090.01  7.50496e-07  -80
9095.01  7.50496e-07  -80
9100.01  7.50496e-07  -80
9105.01  7.50496e-07  -80
9110.01  7.50496e-07  -80
9115.01  7.50496e-07  -80
9120.01  7.50496e-07  -80
9125.01  7.50496e-07  -80
9130.01  7.50496e-07  -80
9135.01  7.50496e-07  -80
9140.01  7.50496e-07  -80
9145.01  7.50496e-07  -80
9150.01  7.50496e-07  -80
9155.01  7.50496e-07  -80
9160.01  7.50496e-07  -80
9165  7.50496e-07  -80
9170  7.50496e-07  -80
9175  7.50496e-07  -80
9180  7.50496e-07  -80
9185  7.50496e-07  -80
9190  7.50496e-07  -80
9195  7.50496e-07  -80
9200  7.50496e-07  -80
9205  7.50496e-07  -80
9210  7.50496e-07  -80
9215  7.50496e-07  -80
9220  7.50496e-07  -80
9225  7.50496e-07  -80
9230  7.50496e-07  -80
9235  7.50496e-07  -80
9240  7.50496e-07  -80
9245  7.50496e-07  -80
9250  7.50496e-07  -80
9255  7.50496e-07  -80
9260  7.50496e-07  -80
9265  7.50496e-07  -80
9270  7.50496e-07  -80
9275  7.50496e-07  -80
9280  7.50496e-07  -80
9285  7.50496e-07  -80
9290  7.50496e-07  -80
9295  7.50496e-07  -80
9300  7.50496e-07  -80
9305  7.50496e-07  -80
9310  7.50496e-07  -80
9315  7.50496e-07  -80
9320  7.50496e-07  -80
9325  7.50496e-07  -80
9330  7.50496e-07  -80
9335  7.50496e-07  -80
9340  7.50496e-07  -80
9345  7.50496e-07  -80
9350  7.50496e-07  -80
9355  7.50496e-07  -80
9360  7.50496e-07  -80
9365  7.50496e-07  -80
9370  7.50496e-07  -80
9375  7.50496e-07  -80
9380  7.50496e-07  -80
9385  7.50496e-07  -80
9390  7.50496e-07  -80
9395  7.50496e-07  -80
9400  7.50496e-07  -80
9405  7.50496e-07  -80
9410  7.50496e-07  -80
9415  7.50496e-07  -80
9420  7.50496e-07  -80
9425  7.50496e-07  -80
9430  7.50496e-07  -80
9435  7.50496e-07  -80
9440  7.50496e-07  -80
9445  7.50496e-07  -80
9450  7.50496e-07  -80
9455  7.50496e-07  -80
9460  7.50496e-07  -80
9465  7.50496e-07  -80
9470  7.50496e-07  -80
9475  7.50496e-07  -80
9480  7.50496e-07  -80
9485  7.50496e-07  -80
9490  7.50496e-07  -80
9495  7.50496e-07  -80
9500  7.50496e-07  -80
9505  7.50496e-07  -80
9510  7.50496e-07  -80
9515  7.50496e-07  -80
9520  7.50496e-07  -80
9525  7.50496e-07  -80
9530  7.50496e-07  -80
9535  7.50496e-07  -80
9540  7.50496e-07  -80
9545  7.50496e-07  -80
9550  7.50496e-07  -80
9555  7.50496e-07  -80
9560  7.50496e-07  -80
9565  7.50496e-07  -80
9570  7.50496e-07  -80
9575  7.50496e-07  -80
9580  7.50496e-07  -80
9585  7.50496e-07  -80
9590  7.50496e-07  -80
9595  7.50496e-07  -80
9600  7.50496e-07  -80
9605  7.50496e-07  -80
9610  7.50496e-07  -80
9615  7.50496e-07  -80
9620  7.50496e-07  -80
9625  7.50496e-07  -80
9630  7.50496e-07  -80
9635  7.50496e-07  -80
9640  7.50496e-07  -80
9645  7.50496e-07  -80
9650  7.50496e-07  -80
9655  7.50496e-07  -80
9660  7.50496e-07  -80
9665  7.50496e-07  -80
9670  7.50496e-07  -80
9675  7.50496e-07  -80
9680  7.50496e-07  -80
9685  7.50496e-07  -80
9690  7.50496e-07  -80
9695  7.50496e-07  -80
9700  7.50496e-07  -80
9705  7.50496e-07  -80
9710  7.50496e-07  -80
9715  7.50496e-07  -80
9720  7.50496e-07  -80
9725  7.50496e-07  -80
9730  7.50496e-07  -80
9735  7.50496e-07  -80
9740  7.50496e-07  -80
9745  7.50496e-07  -80
9750  7.50496e-07  -80
9755  7.50496e-07  -80
9760  7.50496e-07  -80
9765  7.50496e-07  -80
9770  7.50496e-07  -80
9775  7.50496e-07  -80
9780  7.50496e-07  -80
9785  7.50496e-07  -80
9790  7.50496e-07  -80
9795  7.50496e-07  -80
9800  7.50496e-07  -80
9805  7.50496e-07  -80
9810  7.50496e-07  -80
9815  7.50496e-07  -80
9820  7.50496e-07  -80
9825  7.50496e-07  -80
9830  7.50496e-07  -80
9835  7.50496e-07  -80
9840  7.50496e-07  -80
9845  7.50496e-07  -80
9850  7.50496e-07  -80
9855  7.50496e-07  -80
9860  7.50496e-07  -80
9865  7.50496e-07  -80
9870  7.50496e-07  -80
9875  7.50496e-07  -80
9880  7.50496e-07  -80
9885  7.50496e-07  -80
9890  7.50496e-07  -80
9895  7.50496e-07  -80
9900  7.50496e-07  -80
9905  7.50496e-07  -80
9910  7.50496e-07  -80
9915  7.50496e-07  -80
9920  7.50496e-07  -80
9925  7.50496e-07  -80
9930  7.50496e-07  -80
9935  7.50496e-07  -80
9940  7.50496e-07  -80
9945  7.50496e-07  -80
9950  7.50496e-07  -80
9955  7.50496e-07  -80
9960  7.50496e-07  -80
9965  7.50496e-07  -80
9970  7.50496e-07  -80
9975  7.50496e-07  -80
9980  7.50496e-07  -80
9985  7.50496e-07  -80
9990  7.50496e-07  -80
9995  7.50496e-07  -80
10000  2.39086e-05  40
10005  0.000862493  40
10010  0.00329018  40
10015  0.00631149  40
10020  0.00920136  40
10025  0.0116434  40
10030  0.0135487  40
10035  0.0149394  40
10040  0.0158847  40
10045  0.0164668  40
10050  0.0167646  40
10055  0.0168467  40
10060  0.0167694  40
10065  0.0165773  40
10070  0.0163048  40
10075  0.0159779  40
10080  0.0156159  40
10085  0.015233  40
10090  0.0148393  40
10095  0.0144423  40
10100  0.014047  40
10105  0.0136571  40
10110  0.0132748  40
10115  0.0129017  40
10120  0.012539  40
10125  0.012187  40
10130  0.0118462  40
10135  0.0115165  40
10140  0.0111979  40
10145  0.0108902  40
10150  0.0105933  40
10155  0.0103067  40
10160  0.0100303  40
10165  0.00976375  40
10170  0.00950667  40
10175  0.00925879  40
10180  0.00901978  40
10185  0.00878934  40
10190  0.00856718  40
10195  0.00835301  40
10200  0.00814653  40
10205  0.00794748  40
10210  0.00775559  40
10215  0.0075706  40
10220  0.00739227  40
10225  0.00722035  40
10230  0.00705463  40
10235  0.00689487  40
10240  0.00674086  40
10245  0.00659239  40
10250  0.00644927  40
10255  0.0063113  40
10260  0.00617829  40
10265  0.00605008  40
10270  0.00592648  40
10275  0.00580732  40
10280  0.00569246  40
10285  0.00558173  40
10290  0.00547499  40
10295  0.00537209  40
10300  0.0052729  40
10305  0.00517727  40
10310  0.00508509  40
10315  0.00499622  40
10320  0.00491056  40
10325  0.00482798  40
10330  0.00474837  40
10335  0.00467162  40
10340  0.00459764  40
10345  0.00452632  40
10350  0.00445757  40
10355  0.0043913  40
10360  0.00432741  40
10365  0.00426582  40
10370  0.00420644  40
10375  0.00414921  40
10380  0.00409403  40
10385  0.00404084  40
10390  0.00398957  40
10395  0.00394014  40
10400  0.00389249  40
10405  0.00384656  40
10410  0.00380228  40
10415  0.00375959  40
10420  0.00371844  40
10425  0.00367877  40
10430  0.00364053  40
10435  0.00360366  40
10440  0.00356813  40
10445  0.00353387  40
10450  0.00350084  40
10455  0.00346901  40
10460  0.00343832  40
10465  0.00340873  40
10470  0.00338021  40
10475  0.00335272  40
10480  0.00332621  40
10485  0.00330066  40
10490  0.00327603  40
10495  0.00325229  40
10500  0.0032294  40
10505  0.00320733  40
10510  0.00318606  40
10515  0.00316556  40
10520  0.00314579  40
10525  0.00312674  40
10530  0.00310837  40
10535  0.00309066  40
10540  0.00307359  40
10545  0.00305713  40
10550  0.00304127  40
10555  0.00302598  40
10560  0.00301123  40
10565  0.00299702  40
10570  0.00298332  40
10575  0.00297011  40
10580  0.00295738  40
10585  0.00294511  40
10590  0.00293328  40
10595  0.00292187  40
10600  0.00291088  40
10605  0.00290028  40
10610  0.00289006  40
10615  0.00288021  40
10620  0.00287072  40
10625  0.00286156  40
10630  0.00285274  40
10635  0.00284423  40
10640  0.00283603  40
10645  0.00282813  40
10650  0.00282051  40
10655  0.00281316  40
10660  0.00280608  40
10665  0.00279925  40
10670  0.00279267  40
10675  0.00278633  40
10680  0.00278021  40
10685  0.00277432  40
10690  0.00276863  40
10695  0.00276315  40
10700  0.00275787  40
10705  0.00275278  40
10710  0.00274787  40
10715  0.00274314  40
10720  0.00273858  40
10725  0.00273418  40
10730  0.00272995  40
10735  0.00272586  40
10740  0.00272192  40
10745  0.00271812  40
10750  0.00271446  40
10755  0.00271093  40
10760  0.00270753  40
10765  0.00270425  40
10770  0.00270109  40
10775  0.00269804  40
10780  0.00269511  40
10785  0.00269227  40
10790  0.00268954  40
10795  0.00268691  40
10800  0.00268438  40
10805  0.00268193  40
10810  0.00267957  40
10815  0.0026773  40
10820  0.00267511  40
10825  0.002673  40
10830  0.00267096  40
10835  0.002669  40
10840  0.0026671  40
10845  0.00266528  40
10850  0.00266352  40
10855  0.00266183  40
10860  0.00266019  40
10865  0.00265862  40
10870  0.0026571  40
10875  0.00265564  40
10880  0.00265422  40
10885  0.00265286  40
10890  0.00265155  40
10895  0.00265029  40
10900  0.00264907  40
10905  0.0026479  40
10910  0.00264676  40
10915  0.00264567  40
10920  0.00264462  40
10925  0.0026436  40
10930  0.00264263  40
10935  0.00264168  40
10940  0.00264077  40
10945  0.0026399  40
10950  0.00263905  40
10955  0.00263824  40
10960  0.00263745  40
10965  0.0026367  40
10970  0.00263597  40
10975  0.00263526  40
10980  0.00263459  40
10985  0.00263393  40
10990  0.0026333  40
10995  0.0026327  40
11000  -0.00132138  -120
11000  0.00128953  -50
11005  0.0444724  -50
11010  0.0812896  -50
11015  0.112651  -50
11020  0.139337  -50
11025  0.162017  -50
11030  0.181262  -50
11035  0.197566  -50
11040  0.211347  -50
11045  0.222969  -50
11050  0.232739  -50
11055  0.240924  -50
11060  0.24775  -50
11065  0.253412  -50
11070  0.258077  -50
11075  0.261889  -50
11080  0.264971  -50
11085  0.267426  -50
11090  0.269346  -50
11095  0.270808  -50
11100  0.271879  -50
11105  0.272613  -50
11110  0.273062  -50
11115  0.273266  -50
11120  0.27326  -50
11125  0.273077  -50
11130  0.272741  -50
11135  0.272276  -50
11140  0.271701  -50
11145  0.271032  -50
11150  0.270283  -50
11155  0.269467  -50
11160  0.268595  -50
11165  0.267674  -50
11170  0.266712  -50
11175  0.265717  -50
11180  0.264694  -50
11185  0.263648  -50
11190  0.262582  -50
11195  0.2615  -50
11200  0.260406  -50
11205  0.259301  -50
11210  0.258189  -50
11215  0.25707  -50
11220  0.255947  -50
11225  0.254821  -50
11230  0.253693  -50
11235  0.252565  -50
11240  0.251436  -50
11245  0.250308  -50
11250  0.249182  -50
11255  0.248057  -50
11260  0.246935  -50
11265  0.245816  -50
11270  0.2447  -50
11275  0.243587  -50
11280  0.242478  -50
11285  0.241372  -50
11290  0.240271  -50
11295  0.239173  -50
11300  0.23808  -50
11305  0.236992  -50
11310  0.235907  -50
11315  0.234828  -50
11320  0.233752  -50
11325  0.232682  -50
11330  0.231616  -50
11335  0.230554  -50
11340  0.229497  -50
11345  0.228445  -50
11350  0.227398  -50
11355  0.226355  -50
11360  0.225317  -50
11365  0.224284  -50
11370  0.223255  -50
11375  0.222231  -50
11380  0.221212  -50
11385  0.220197  -50
11390  0.219187  -50
11395  0.218181  -50
11400  0.21718  -50
11405  0.216184  -50
11410  0.215192  -50
11415  0.214205  -50
11420  0.213222  -50
11425  0.212244  -50
11430  0.211271  -50
11435  0.210301  -50
11440  0.209337  -50
11445  0.208376  -50
11450  0.207421  -50
11455  0.206469  -50
11460  0.205522  -50
11465  0.204579  -50
11470  0.203641  -50
11475  0.202707  -50
11480  0.201777  -50
11485  0.200852  -50
11490  0.199931  -50
11495  0.199014  -50
11500  0.198101  -50
11505  0.197192  -50
11510  0.196288  -50
11515  0.195388  -50
11520  0.194492  -50
11525  0.1936  -50
11530  0.192712  -50
11535  0.191829  -50
11540  0.190949  -50
11545  0.190074  -50
11550  0.189202  -50
11555  0.188335  -50
11560  0.187471  -50
11565  0.186612  -50
11570  0.185756  -50
11575  0.184905  -50
11580  0.184057  -50
11585  0.183213  -50
11590  0.182374  -50
11595  0.181538  -50
11600  0.180706  -50
11605  0.179877  -50
11610  0.179053  -50
11615  0.178232  -50
11620  0.177415  -50
11625  0.176602  -50
11630  0.175793  -50
11635  0.174987  -50
11640  0.174186  -50
11645  0.173387  -50
11650  0.172593  -50
11655  0.171802  -50
11660  0.171015  -50
11665  0.170231  -50
11670  0.169451  -50
11675  0.168675  -50
11680  0.167902  -50
11685  0.167133  -50
11690  0.166367  -50
11695  0.165605  -50
11700  0.164847  -50
11705  0.164092  -50
11710  0.16334  -50
11715  0.162592  -50
11720  0.161847  -50
11725  0.161106  -50
11730  0.160368  -50
11735  0.159634  -50
11740  0.158903  -50
11745  0.158175  -50
11750  0.157451  -50
11755  0.15673  -50
11760  0.156012  -50
11765  0.155298  -50
11770  0.154586  -50
11775  0.153879  -50
11780  0.153174  -50
11785  0.152473  -50
11790  0.151775  -50
11795  0.15108  -50
11800  0.150389  -50
11805  0.1497  -50
11810  0.149015  -50
11815  0.148333  -50
11820  0.147654  -50
11825  0.146978  -50
11830  0.146305  -50
11835  0.145636  -50
11840  0.144969  -50
11845  0.144306  -50
11850  0.143646  -50
11855  0.142988  -50
11860  0.142334  -50
11865  0.141683  -50
11870  0.141035  -50
11875  0.140389  -50
11880  0.139747  -50
11885  0.139108  -50
11890  0.138471  -50
11895  0.137838  -50
11900  0.137207  -50
11905  0.13658  -50
11910  0.135955  -50
11915  0.135333  -50
11920  0.134714  -50
11925  0.134098  -50
11930  0.133485  -50
11935  0.132875  -50
11940  0.132267  -50
11945  0.131662  -50
11950  0.13106  -50
11955  0.130461  -50
11960  0.129864  -50
11965  0.129271  -50
11970  0.12868  -50
11975  0.128091  -50
11980  0.127506  -50
11985  0.126923  -50
11990  0.126343  -50
11995  0.125765  -50
12000  0.125191  -50
12005  0.124618  -50
12010  0.124049  -50
12015  0.123482  -50
12020  0.122918  -50
12025  0.122356  -50
12030  0.121797  -50
12035  0.12124  -50
12040  0.120686  -50
12045  0.120135  -50
12050  0.119586  -50
12055  0.11904  -50
12060  0.118496  -50
12065  0.117955  -50
12070  0.117416  -50
12075  0.11688  -50
12080  0.116346  -50
12085  0.115814  -50
12090  0.115286  -50
12095  0.114759  -50
12100  0.114235  -50
12105  0.113713  -50
12110  0.113194  -50
12115  0.112677  -50
12120  0.112163  -50
12125  0.111651  -50
12130  0.111141  -50
12135  0.110634  -50
12140  0.110129  -50
12145  0.109626  -50
12150  0.109126  -50
12155  0.108628  -50
12160  0.108132  -50
12165  0.107638  -50
12170  0.107147  -50
12175  0.106658  -50
12180  0.106172  -50
12185  0.105687  -50
12190  0.105205  -50
12195  0.104725  -50
12200  0.104247  -50
12205  0.103772  -50
12210  0.103298  -50
12215  0.102827  -50
12220  0.102358  -50
12225  0.101891  -50
12230  0.101427  -50
12235  0.100964  -50
12240  0.100504  -50
12245  0.100045  -50
12250  0.0995891  -50
12255  0.0991351  -50
12260  0.0986831  -50
12265  0.0982332  -50
12270  0.0977854  -50
12275  0.0973396  -50
12280  0.0968959  -50
12285  0.0964543  -50
12290  0.0960147  -50
12295  0.0955771  -50
12300  0.0951415  -50
12305  0.094708  -50
12310  0.0942764  -50
12315  0.0938469  -50
12320  0.0934193  -50
12325  0.0929937  -50
12330  0.09257  -50
12335  0.0921484  -50
12340  0.0917286  -50
12345  0.0913108  -50
12350  0.0908949  -50
12355  0.090481  -50
12360  0.0900689  -50
12365  0.0896588  -50
12370  0.0892505  -50
12375  0.0888441  -50
12380  0.0884396  -50
12385  0.088037  -50
12390  0.0876362  -50
12395  0.0872373  -50
12400  0.0868402  -50
12405  0.0864449  -50
12410  0.0860515  -50
12415  0.0856599  -50
12420  0.08527  -50
12425  0.084882  -50
12430  0.0844958  -50
12435  0.0841114  -50
12440  0.0837287  -50
12445  0.0833478  -50
12450  0.0829686  -50
12455  0.0825912  -50
12460  0.0822156  -50
12465  0.0818416  -50
12470  0.0814694  -50
12475  0.081099  -50
12480  0.0807302  -50
12485  0.0803631  -50
12490  0.0799977  -50
12495  0.079634  -50
12500  0.079272  -50
12505  0.0789117  -50
12510  0.078553  -50
12515  0.078196  -50
12520  0.0778406  -50
12525  0.0774868  -50
12530  0.0771347  -50
12535  0.0767842  -50
12540  0.0764354  -50
12545  0.0760881  -50
12550  0.0757424  -50
12555  0.0753984  -50
12560  0.0750559  -50
12565  0.074715  -50
12570  0.0743757  -50
12575  0.0740379  -50
12580  0.0737017  -50
12585  0.0733671  -50
12590  0.073034  -50
12595  0.0727024  -50
12600  0.0723723  -50
12605  0.0720438  -50
12610  0.0717168  -50
12615  0.0713913  -50
12620  0.0710673  -50
12625  0.0707448  -50
12630  0.0704238  -50
12635  0.0701043  -50
12640  0.0697862  -50
12645  0.0694696  -50
12650  0.0691545  -50
12655  0.0688408  -50
12660  0.0685286  -50
12665  0.0682178  -50
12670  0.0679085  -50
12675  0.0676005  -50
12680  0.067294  -50
12685  0.0669889  -50
12690  0.0666853  -50
12695  0.066383  -50
12700  0.0660821  -50
12705  0.0657826  -50
12710  0.0654845  -50
12715  0.0651877  -50
12720  0.0648923  -50
12725  0.0645983  -50
12730  0.0643057  -50
12735  0.0640144  -50
12740  0.0637244  -50
12745  0.0634358  -50
12750  0.0631485  -50
12755  0.0628625  -50
12760  0.0625779  -50
12765  0.0622945  -50
12770  0.0620125  -50
12775  0.0617318  -50
12780  0.0614523  -50
12785  0.0611742  -50
12790  0.0608973  -50
12795  0.0606217  -50
12800  0.0603474  -50
12805  0.0600744  -50
12810  0.0598026  -50
12815  0.059532  -50
12820  0.0592628  -50
12825  0.0589947  -50
12830  0.0587279  -50
12835  0.0584623  -50
12840  0.058198  -50
12845  0.0579348  -50
12850  0.0576729  -50
12855  0.0574122  -50
12860  0.0571527  -50
12865  0.0568944  -50
12870  0.0566373  -50
12875  0.0563813  -50
12880  0.0561266  -50
12885  0.055873  -50
12890  0.0556206  -50
12895  0.0553694  -50
12900  0.0551193  -50
12905  0.0548703  -50
12910  0.0546226  -50
12915  0.0543759  -50
12920  0.0541304  -50
12925  0.053886  -50
12930  0.0536428  -50
12935  0.0534007  -50
12940  0.0531597  -50
12945  0.0529198  -50
12950  0.052681  -50
12955  0.0524433  -50
12960  0.0522067  -50
12965  0.0519712  -50
12970  0.0517368  -50
12975  0.0515035  -50
12980  0.0512712  -50
12985  0.0510401  -50
12990  0.05081  -50
12995  0.0505809  -50
13000  0.0503529  -50
13005  0.050126  -50
13010  0.0499001  -50
13015  0.0496752  -50
13020  0.0494514  -50
13025  0.0492286  -50
13030  0.0490068  -50
13035  0.0487861  -50
13040  0.0485664  -50
13045  0.0483477  -50
13050  0.04813  -50
13055  0.0479133  -50
13060  0.0476976  -50
13065  0.0474829  -50
13070  0.0472692  -50
13075  0.0470565  -50
13080  0.0468448  -50
13085  0.046634  -50
13090  0.0464242  -50
13095  0.0462154  -50
13100  0.0460075  -50
13105  0.0458006  -50
13110  0.0455947  -50
13115  0.0453897  -50
13120  0.0451856  -50
13125  0.0449825  -50
13130  0.0447804  -50
13135  0.0445791  -50
13140  0.0443788  -50
13145  0.0441794  -50
13150  0.043981  -50
13155  0.0437834  -50
13160  0.0435868  -50
13165  0.043391  -50
13170  0.0431962  -50
13175  0.0430023  -50
13180  0.0428093  -50
13185  0.0426171  -50
13190  0.0424258  -50
13195  0.0422355  -50
13200  0.042046  -50
13205  0.0418574  -50
13210  0.0416696  -50
13215  0.0414827  -50
13220  0.0412967  -50
13225  0.0411115  -50
13230  0.0409272  -50
13235  0.0407437  -50
13240  0.0405611  -50
13245  0.0403793  -50
13250  0.0401984  -50
13255  0.0400183  -50
13260  0.039839  -50
13265  0.0396606  -50
13270  0.039483  -50
13275  0.0393062  -50
13280  0.0391302  -50
13285  0.038955  -50
13290  0.0387806  -50
13295  0.0386071  -50
13300  0.0384343  -50
13305  0.0382624  -50
13310  0.0380912  -50
13315  0.0379208  -50
13320  0.0377512  -50
13325  0.0375824  -50
13330  0.0374144  -50
13335  0.0372471  -50
13340  0.0370806  -50
13345  0.0369149  -50
13350  0.0367499  -50
13355  0.0365858  -50
13360  0.0364223  -50
13365  0.0362596  -50
13370  0.0360977  -50
13375  0.0359365  -50
13380  0.0357761  -50
13385  0.0356164  -50
13390  0.0354574  -50
13395  0.0352992  -50
13400  0.0351417  -50
13405  0.0349849  -50
13410  0.0348288  -50
13415  0.0346735  -50
13420  0.0345189  -50
13425  0.034365  -50
13430  0.0342118  -50
13435  0.0340593  -50
13440  0.0339075  -50
13445  0.0337565  -50
13450  0.0336061  -50
13455  0.0334564  -50
13460  0.0333074  -50
13465  0.0331591  -50
13470  0.0330114  -50
13475  0.0328645  -50
13480  0.0327182  -50
13485  0.0325726  -50
13490  0.0324277  -50
13495  0.0322834  -50
13500  0.0321399  -50
13505  0.0319969  -50
13510  0.0318547  -50
13515  0.031713  -50
13520  0.0315721  -50
13525  0.0314318  -50
13530  0.0312921  -50
13535  0.0311531  -50
13540  0.0310147  -50
13545  0.030877  -50
13550  0.0307399  -50
13555  0.0306034  -50
13560  0.0304676  -50
13565  0.0303324  -50
13570  0.0301978  -50
13575  0.0300638  -50
13580  0.0299305  -50
13585  0.0297977  -50
13590  0.0296656  -50
13595  0.0295341  -50
13600  0.0294032  -50
13605  0.0292729  -50
13610  0.0291432  -50
13615  0.0290141  -50
13620  0.0288856  -50
13625  0.0287576  -50
13630  0.0286303  -50
13635  0.0285036  -50
13640  0.0283774  -50
13645  0.0282519  -50
13650  0.0281269  -50
13655  0.0280024  -50
13660  0.0278786  -50
13665  0.0277553  -50
13670  0.0276326  -50
13675  0.0275105  -50
13680  0.0273889  -50
13685  0.0272679  -50
13690  0.0271475  -50
13695  0.0270276  -50
13700  0.0269082  -50
13705  0.0267894  -50
13710  0.0266712  -50
13715  0.0265535  -50
13720  0.0264363  -50
13725  0.0263197  -50
13730  0.0262036  -50
13735  0.0260881  -50
13740  0.0259731  -50
13745  0.0258586  -50
13750  0.0257446  -50
13755  0.0256312  -50
13760  0.0255183  -50
13765  0.0254059  -50
13770  0.0252941  -50
13775  0.0251827  -50
13780  0.0250719  -50
13785  0.0249615  -50
13790  0.0248517  -50
13795  0.0247424  -50
13800  0.0246336  -50
13805  0.0245253  -50
13810  0.0244175  -50
13815  0.0243102  -50
13820  0.0242034  -50
13825  0.0240971  -50
13830  0.0239913  -50
13835  0.0238859  -50
13840  0.0237811  -50
13845  0.0236767  -50
13850  0.0235728  -50
13855  0.0234694  -50
13860  0.0233665  -50
13865  0.023264  -50
13870  0.023162  -50
13875  0.0230605  -50
13880  0.0229595  -50
13885  0.0228589  -50
13890  0.0227588  -50
13895  0.0226591  -50
13900  0.0225599  -50
13905  0.0224612  -50
13910  0.0223629  -50
13915  0.0222651  -50
13920  0.0221677  -50
13925  0.0220708  -50
13930  0.0219743  -50
13935  0.0218783  -50
13940  0.0217827  -50
13945  0.0216875  -50
13950  0.0215928  -50
13955  0.0214986  -50
13960  0.0214047  -50
13965  0.0213113  -50
13970  0.0212183  -50
13975  0.0211258  -50
13980  0.0210337  -50
13985  0.020942  -50
13990  0.0208507  -50
13995  0.0207598  -50
14000  0.0206694  -50
14005  0.0205794  -50
14010  0.0204898  -50
14015  0.0204006  -50
14020  0.0203118  -50
14025  0.0202235  -50
14030  0.0201355  -50
14035  0.020048  -50
14040  0.0199608  -50
14045  0.0198741  -50
14050  0.0197877  -50
14055  0.0197018  -50
14060  0.0196162  -50
14065  0.0195311  -50
14070  0.0194463  -50
14075  0.0193619  -50
14080  0.0192779  -50
14085  0.0191944  -50
14090  0.0191111  -50
14095  0.0190283  -50
14100  0.0189459  -50
14105  0.0188638  -50
14110  0.0187821  -50
14115  0.0187008  -50
14120  0.0186199  -50
14125  0.0185393  -50
14130  0.0184591  -50
14135  0.0183793  -50
14140  0.0182999  -50
14145  0.0182208  -50
14150  0.0181421  -50
14155  0.0180637  -50
14160  0.0179857  -50
14165  0.0179081  -50
14170  0.0178308  -50
14175  0.0177539  -50
14180  0.0176773  -50
14185  0.0176011  -50
14190  0.0175252  -50
14195  0.0174497  -50
14200  0.0173746  -50
14205  0.0172997  -50
14210  0.0172253  -50
14215  0.0171511  -50
14220  0.0170774  -50
14225  0.0170039  -50
14230  0.0169308  -50
14235  0.016858  -50
14240  0.0167856  -50
14245  0.0167135  -50
14250  0.0166417  -50
14255  0.0165703  -50
14260  0.0164992  -50
14265  0.0164284  -50
14270  0.016358  -50
14275  0.0162878  -50
14280  0.016218  -50
14285  0.0161486  -50
14290  0.0160794  -50
14295  0.0160106  -50
14300  0.015942  -50
14305  0.0158738  -50
14310  0.0158059  -50
14315  0.0157384  -50
14320  0.0156711  -50
14325  0.0156041  -50
14330  0.0155375  -50
14335  0.0154711  -50
14340  0.0154051  -50
14345  0.0153394  -50
14350  0.015274  -50
14355  0.0152088  -50
14360  0.015144  -50
14365  0.0150795  -50
14370  0.0150152  -50
14375  0.0149513  -50
14380  0.0148877  -50
14385  0.0148243  -50
14390  0.0147613  -50
14395  0.0146985  -50
14400  0.014636  -50
14405  0.0145739  -50
14410  0.014512  -50
14415  0.0144504  -50
14420  0.014389  -50
14425  0.014328  -50
14430  0.0142672  -50
14435  0.0142067  -50
14440  0.0141465  -50
14445  0.0140866  -50
14450  0.014027  -50
14455  0.0139676  -50
14460  0.0139085  -50
14465  0.0138497  -50
14470  0.0137911  -50
14475  0.0137328  -50
14480  0.0136748  -50
14485  0.0136171  -50
14490  0.0135596  -50
14495  0.0135024  -50
14500  0.0134454  -50
14505  0.0133887  -50
14510  0.0133323  -50
14515  0.0132761  -50
14520  0.0132202  -50
14525  0.0131646  -50
14530  0.0131092  -50
14535  0.013054  -50
14540  0.0129991  -50
14545  0.0129445  -50
14550  0.0128901  -50
14555  0.012836  -50
14560  0.0127821  -50
14565  0.0127285  -50
14570  0.0126751  -50
14575  0.012622  -50
14580  0.0125691  -50
14585  0.0125164  -50
14590  0.012464  -50
14595  0.0124119  -50
14600  0.0123599  -50
14605  0.0123083  -50
14610  0.0122568  -50
14615  0.0122056  -50
14620  0.0121546  -50
14625  0.0121039  -50
14630  0.0120534  -50
14635  0.0120031  -50
14640  0.0119531  -50
14645  0.0119033  -50
14650  0.0118537  -50
14655  0.0118044  -50
14660  0.0117552  -50
14665  0.0117063  -50
14670  0.0116577  -50
14675  0.0116092  -50
14680  0.011561  -50
14685  0.011513  -50
14690  0.0114652  -50
14695  0.0114177  -50
14700  0.0113703  -50
14705  0.0113232  -50
14710  0.0112763  -50
14715  0.0112296  -50
14720  0.0111832  -50
14725  0.0111369  -50
14730  0.0110909  -50
14735  0.011045  -50
14740  0.0109994  -50
14745  0.010954  -50
14750  0.0109088  -50
14755  0.0108638  -50
14760  0.010819  -50
14765  0.0107745  -50
14770  0.0107301  -50
14775  0.0106859  -50
14780  0.010642  -50
14785  0.0105982  -50
14790  0.0105547  -50
14795  0.0105113  -50
14800  0.0104681  -50
14805  0.0104252  -50
14810  0.0103824  -50
14815  0.0103399  -50
14820  0.0102975  -50
14825  0.0102553  -50
14830  0.0102134  -50
14835  0.0101716  -50
14840  0.01013  -50
14845  0.0100886  -50
14850  0.0100474  -50
14855  0.0100064  -50
14860  0.00996555  -50
14865  0.00992491  -50
14870  0.00988446  -50
14875  0.00984419  -50
14880  0.00980412  -50
14885  0.00976422  -50
14890  0.00972451  -50
14895  0.00968499  -50
14900  0.00964564  -50
14905  0.00960648  -50
14910  0.0095675  -50
14915  0.0095287  -50
14920  0.00949007  -50
14925  0.00945163  -50
14930  0.00941336  -50
14935  0.00937527  -50
14940  0.00933736  -50
14945  0.00929962  -50
14950  0.00926205  -50
14955  0.00922466  -50
14960  0.00918744  -50
