0.005  2.32231e-17  -80
5.005  1.38277e-09  -80
10.005  5.31434e-09  -80
15.005  1.13477e-08  -80
20.005  1.91055e-08  -80
25.005  2.82699e-08  -80
30.005  3.85728e-08  -80
35.005  4.97874e-08  -80
40.005  6.17224e-08  -80
45.005  7.4216e-08  -80
50.005  8.71313e-08  -80
55.005  1.00353e-07  -80
60.005  1.13783e-07  -80
65.005  1.27339e-07  -80
70.005  1.40952e-07  -80
75.005  1.54564e-07  -80
80.005  1.68127e-07  -80
85.005  1.81599e-07  -80
90.005  1.94947e-07  -80
95.005  2.08143e-07  -80
100.005  2.21164e-07  -80
105.005  2.33992e-07  -80
110.005  2.46612e-07  -80
115.005  2.59012e-07  -80
120.005  2.71184e-07  -80
125.005  2.83119e-07  -80
130.005  2.94815e-07  -80
135.005  3.06266e-07  -80
140.005  3.17472e-07  -80
145.005  3.28432e-07  -80
150.005  3.39145e-07  -80
155.005  3.49614e-07  -80
160.005  3.5984e-07  -80
165.005  3.69825e-07  -80
170.005  3.79573e-07  -80
175.005  3.89086e-07  -80
180.005  3.98367e-07  -80
185.005  4.07422e-07  -80
190.005  4.16254e-07  -80
195.005  4.24866e-07  -80
200.005  4.33264e-07  -80
205.005  4.41452e-07  -80
210.005  4.49433e-07  -80
215.005  4.57213e-07  -80
220.005  4.64796e-07  -80
225.005  4.72187e-07  -80
230.005  4.79389e-07  -80
235.005  4.86408e-07  -80
240.005  4.93247e-07  -80
245.005  4.99911e-07  -80
250.005  5.06404e-07  -80
255.005  5.1273e-07  -80
260.005  5.18893e-07  -80
265.005  5.24898e-07  -80
270.005  5.30748e-07  -80
275.005  5.36447e-07  -80
280.005  5.41999e-07  -80
285.005  5.47407e-07  -80
290.005  5.52676e-07  -80
295.005  5.57809e-07  -80
300.005  5.62808e-07  -80
305.005  5.67679e-07  -80
310.005  5.72423e-07  -80
315.005  5.77044e-07  -80
320.005  5.81546e-07  -80
325.005  5.85931e-07  -80
330.005  5.90202e-07  -80
335.005  5.94363e-07  -80
340.005  5.98416e-07  -80
345.005  6.02363e-07  -80
350.005  6.06209e-07  -80
355.005  6.09954e-07  -80
360.005  6.13603e-07  -80
365.005  6.17156e-07  -80
370.005  6.20618e-07  -80
375.005  6.23989e-07  -80
380.005  6.27274e-07  -80
385.005  6.30473e-07  -80
390.005  6.33589e-07  -80
395.005  6.36624e-07  -80
400.005  6.3958e-07  -80
405.005  6.4246e-07  -80
410.005  6.45264e-07  -80
415.005  6.47996e-07  -80
420.005  6.50658e-07  -80
425.005  6.5325e-07  -80
430.005  6.55774e-07  -80
435.005  6.58234e-07  -80
440.005  6.60629e-07  -80
445.005  6.62962e-07  -80
450.005  6.65235e-07  -80
455.005  6.67448e-07  -80
460.005  6.69605e-07  -80
465.005  6.71705e-07  -80
470.005  6.7375e-07  -80
475.005  6.75743e-07  -80
480.005  6.77684e-07  -80
485.005  6.79574e-07  -80
490.005  6.81415e-07  -80
495.005  6.83209e-07  -80
500.005  6.84956e-07  -80
505.005  6.86658e-07  -80
510.005  6.88315e-07  -80
515.005  6.89929e-07  -80
520.005  6.91502e-07  -80
525.005  6.93034e-07  -80
530.005  6.94525e-07  -80
535.005  6.95979e-07  -80
540.005  6.97394e-07  -80
545.005  6.98773e-07  -80
550.005  7.00116e-07  -80
555.005  7.01424e-07  -80
560.005  7.02698e-07  -80
565.005  7.03939e-07  -80
570.005  7.05147e-07  -80
575.005  7.06325e-07  -80
580.005  7.07472e-07  -80
585.005  7.08589e-07  -80
590.005  7.09677e-07  -80
595.005  7.10737e-07  -80
600.005  7.11769e-07  -80
605.005  7.12774e-07  -80
610.005  7.13754e-07  -80
615.005  7.14708e-07  -80
620.005  7.15637e-07  -80
625.005  7.16542e-07  -80
630.005  7.17423e-07  -80
635.005  7.18282e-07  -80
640.005  7.19118e-07  -80
645.005  7.19933e-07  -80
650.005  7.20727e-07  -80
655.005  7.215e-07  -80
660.005  7.22252e-07  -80
665.005  7.22986e-07  -80
670.005  7.237e-07  -80
675.005  7.24396e-07  -80
680.005  7.25073e-07  -80
685.005  7.25733e-07  -80
690.005  7.26376e-07  -80
695.005  7.27002e-07  -80
700.005  7.27612e-07  -80
705.005  7.28207e-07  -80
710.005  7.28785e-07  -80
715.005  7.29349e-07  -80
720.005  7.29898e-07  -80
725.005  7.30433e-07  -80
730.005  7.30954e-07  -80
735.005  7.31461e-07  -80
740.005  7.31955e-07  -80
745.005  7.32437e-07  -80
750.005  7.32905e-07  -80
755.005  7.33362e-07  -80
760.005  7.33807e-07  -80
765.005  7.3424e-07  -80
770.005  7.34662e-07  -80
775.005  7.35073e-07  -80
780.005  7.35474e-07  -80
785.005  7.35864e-07  -80
790.005  7.36244e-07  -80
795.005  7.36614e-07  -80
800.005  7.36974e-07  -80
805.005  7.37325e-07  -80
810.005  7.37667e-07  -80
815.005  7.38e-07  -80
820.005  7.38325e-07  -80
825.005  7.38641e-07  -80
830.005  7.38949e-07  -80
835.005  7.39248e-07  -80
840.005  7.3954e-07  -80
845.005  7.39825e-07  -80
850.005  7.40102e-07  -80
855.005  7.40372e-07  -80
860.005  7.40635e-07  -80
865.005  7.40891e-07  -80
870.005  7.4114e-07  -80
875.005  7.41383e-07  -80
880.005  7.4162e-07  -80
885.005  7.4185e-07  -80
890.005  7.42074e-07  -80
895.005  7.42293e-07  -80
900.005  7.42506e-07  -80
905.005  7.42714e-07  -80
910.005  7.42916e-07  -80
915.005  7.43112e-07  -80
920.005  7.43304e-07  -80
925.005  7.43491e-07  -80
930.005  7.43673e-07  -80
935.005  7.4385e-07  -80
940.005  7.44022e-07  -80
945.005  7.4419e-07  -80
950.005  7.44354e-07  -80
955.005  7.44514e-07  -80
960.005  7.44669e-07  -80
965.005  7.4482e-07  -80
970.005  7.44968e-07  -80
975.005  7.45111e-07  -80
980.005  7.45251e-07  -80
985.005  7.45387e-07  -80
990.005  7.4552e-07  -80
995.005  7.45649e-07  -80
1000  7.45775e-07  -80
1005  7.45897e-07  -80
1010  7.46017e-07  -80
1015  7.46133e-07  -80
1020  7.46246e-07  -80
1025  7.46357e-07  -80
1030  7.46464e-07  -80
1035  7.46569e-07  -80
1040  7.46671e-07  -80
1045  7.4677e-07  -80
1050  7.46867e-07  -80
1055  7.46961e-07  -80
1060  7.47053e-07  -80
1065.01  7.47142e-07  -80
1070.01  7.47229e-07  -80
1075.01  7.47314e-07  -80
1080.01  7.47397e-07  -80
1085.01  7.47477e-07  -80
1090.01  7.47556e-07  -80
1095.01  7.47632e-07  -80
1100.01  7.47706e-07  -80
1105.01  7.47779e-07  -80
1110.01  7.47849e-07  -80
1115.01  7.47918e-07  -80
1120.01  7.47985e-07  -80
1125.01  7.4805e-07  -80
1130.01  7.48114e-07  -80
1135.01  7.48175e-07  -80
1140.01  7.48236e-07  -80
1145.01  7.48294e-07  -80
1150.01  7.48352e-07  -80
1155.01  7.48407e-07  -80
1160.01  7.48461e-07  -80
1165.01  7.48514e-07  -80
1170.01  7.48566e-07  -80
1175.01  7.48616e-07  -80
1180.01  7.48665e-07  -80
1185.01  7.48712e-07  -80
1190.01  7.48758e-07  -80
1195.01  7.48804e-07  -80
1200.01  7.48848e-07  -80
1205.01  7.4889e-07  -80
1210.01  7.48932e-07  -80
1215.01  7.48973e-07  -80
1220.01  7.49012e-07  -80
1225.01  7.49051e-07  -80
1230.01  7.49088e-07  -80
1235.01  7.49125e-07  -80
1240.01  7.4916e-07  -80
1245.01  7.49195e-07  -80
1250.01  7.49229e-07  -80
1255.01  7.49262e-07  -80
1260.01  7.49294e-07  -80
1265.01  7.49325e-07  -80
1270.01  7.49355e-07  -80
1275.01  7.49385e-07  -80
1280.01  7.49414e-07  -80
1285.01  7.49442e-07  -80
1290.01  7.49469e-07  -80
1295.01  7.49496e-07  -80
1300.01  7.49522e-07  -80
1305.01  7.49547e-07  -80
1310.01  7.49572e-07  -80
1315.01  7.49596e-07  -80
1320.01  7.49619e-07  -80
1325.01  7.49642e-07  -80
1330.01  7.49664e-07  -80
1335.01  7.49686e-07  -80
1340.01  7.49707e-07  -80
1345.01  7.49727e-07  -80
1350.01  7.49747e-07  -80
1355.01  7.49767e-07  -80
1360.01  7.49786e-07  -80
1365.01  7.49804e-07  -80
1370.01  7.49822e-07  -80
1375.01  7.49839e-07  -80
1380.01  7.49857e-07  -80
1385.01  7.49873e-07  -80
1390.01  7.49889e-07  -80
1395.01  7.49905e-07  -80
1400.01  7.4992e-07  -80
1405.01  7.49935e-07  -80
1410.01  7.4995e-07  -80
1415.01  7.49964e-07  -80
1420.01  7.49978e-07  -80
1425.01  7.49991e-07  -80
1430.01  7.50004e-07  -80
1435.01  7.50017e-07  -80
1440.01  7.5003e-07  -80
1445.01  7.50042e-07  -80
1450.01  7.50054e-07  -80
1455.01  7.50065e-07  -80
1460.01  7.50076e-07  -80
1465.01  7.50087e-07  -80
1470.01  7.50098e-07  -80
1475.01  7.50108e-07  -80
1480.01  7.50118e-07  -80
1485.01  7.50128e-07  -80
1490.01  7.50137e-07  -80
1495.01  7.50147e-07  -80
1500.01  7.50156e-07  -80
1505.01  7.50165e-07  -80
1510.01  7.50173e-07  -80
1515.01  7.50182e-07  -80
1520.01  7.5019e-07  -80
1525.01  7.50198e-07  -80
1530.01  7.50206e-07  -80
1535.01  7.50213e-07  -80
1540.01  7.5022e-07  -80
1545.01  7.50228e-07  -80
1550.01  7.50235e-07  -80
1555.01  7.50241e-07  -80
1560.01  7.50248e-07  -80
1565.01  7.50254e-07  -80
1570.01  7.50261e-07  -80
1575.01  7.50267e-07  -80
1580.01  7.50273e-07  -80
1585.01  7.50278e-07  -80
1590.01  7.50284e-07  -80
1595.01  7.5029e-07  -80
1600.01  7.50295e-07  -80
1605.01  7.503e-07  -80
1610.01  7.50305e-07  -80
1615.01  7.5031e-07  -80
1620.01  7.50315e-07  -80
1625.01  7.5032e-07  -80
1630.01  7.50324e-07  -80
1635.01  7.50329e-07  -80
1640.01  7.50333e-07  -80
1645.01  7.50337e-07  -80
1650.01  7.50341e-07  -80
1655.01  7.50345e-07  -80
1660.01  7.50349e-07  -80
1665.01  7.50353e-07  -80
1670.01  7.50357e-07  -80
1675.01  7.50361e-07  -80
1680.01  7.50364e-07  -80
1685.01  7.50367e-07  -80
1690.01  7.50371e-07  -80
1695.01  7.50374e-07  -80
1700.01  7.50377e-07  -80
1705.01  7.5038e-07  -80
1710.01  7.50383e-07  -80
1715.01  7.50386e-07  -80
1720.01  7.50389e-07  -80
1725.01  7.50392e-07  -80
1730.01  7.50395e-07  -80
1735.01  7.50397e-07  -80
1740.01  7.504e-07  -80
1745.01  7.50402e-07  -80
1750.01  7.50405e-07  -80
1755.01  7.50407e-07  -80
1760.01  7.50409e-07  -80
1765.01  7.50412e-07  -80
1770.01  7.50414e-07  -80
1775.01  7.50416e-07  -80
1780.01  7.50418e-07  -80
1785.01  7.5042e-07  -80
1790.01  7.50422e-07  -80
1795.01  7.50424e-07  -80
1800.01  7.50426e-07  -80
1805.01  7.50428e-07  -80
1810.01  7.50429e-07  -80
1815.01  7.50431e-07  -80
1820.01  7.50433e-07  -80
1825.01  7.50434e-07  -80
1830.01  7.50436e-07  -80
1835.01  7.50438e-07  -80
1840.01  7.50439e-07  -80
1845.01  7.50441e-07  -80
1850.01  7.50442e-07  -80
1855.01  7.50443e-07  -80
1860.01  7.50445e-07  -80
1865.01  7.50446e-07  -80
1870.01  7.50447e-07  -80
1875.01  7.50449e-07  -80
1880.01  7.5045e-07  -80
1885.01  7.50451e-07  -80
1890.01  7.50452e-07  -80
1895.01  7.50453e-07  -80
1900.01  7.50454e-07  -80
1905.01  7.50456e-07  -80
1910.01  7.50457e-07  -80
1915.01  7.50458e-07  -80
1920.01  7.50459e-07  -80
1925.01  7.5046e-07  -80
1930.01  7.50461e-07  -80
1935.01  7.50461e-07  -80
1940.01  7.50462e-07  -80
1945.01  7.50463e-07  -80
1950.01  7.50464e-07  -80
1955.01  7.50465e-07  -80
1960.01  7.50466e-07  -80
1965.01  7.50466e-07  -80
1970.01  7.50467e-07  -80
1975.01  7.50468e-07  -80
1980.01  7.50469e-07  -80
1985.01  7.50469e-07  -80
1990.01  7.5047e-07  -80
1995.01  7.50471e-07  -80
2000.01  7.50471e-07  -80
2005.01  7.50472e-07  -80
2010.01  7.50473e-07  -80
2015.01  7.50473e-07  -80
2020.01  7.50474e-07  -80
2025.01  7.50474e-07  -80
2030.01  7.50475e-07  -80
2035.01  7.50476e-07  -80
2040.01  7.50476e-07  -80
2045.01  7.50477e-07  -80
2050.01  7.50477e-07  -80
2055.01  7.50478e-07  -80
2060.01  7.50478e-07  -80
2065.01  7.50479e-07  -80
2070.01  7.50479e-07  -80
2075.01  7.50479e-07  -80
2080.01  7.5048e-07  -80
2085.01  7.5048e-07  -80
2090.01  7.50481e-07  -80
2095.01  7.50481e-07  -80
2100.01  7.50481e-07  -80
2105.01  7.50482e-07  -80
2110.01  7.50482e-07  -80
2115.01  7.50483e-07  -80
2120.01  7.50483e-07  -80
2125.01  7.50483e-07  -80
2130.01  7.50484e-07  -80
2135.01  7.50484e-07  -80
2140.01  7.50484e-07  -80
2145.01  7.50485e-07  -80
2150.01  7.50485e-07  -80
2155.01  7.50485e-07  -80
2160.01  7.50485e-07  -80
2165.01  7.50486e-07  -80
2170.01  7.50486e-07  -80
2175.01  7.50486e-07  -80
2180.01  7.50486e-07  -80
2185.01  7.50487e-07  -80
2190.01  7.50487e-07  -80
2195.01  7.50487e-07  -80
2200.01  7.50487e-07  -80
2205.01  7.50488e-07  -80
2210.01  7.50488e-07  -80
2215.01  7.50488e-07  -80
2220.01  7.50488e-07  -80
2225.01  7.50488e-07  -80
2230.01  7.50489e-07  -80
2235.01  7.50489e-07  -80
2240.01  7.50489e-07  -80
2245.01  7.50489e-07  -80
2250.01  7.50489e-07  -80
2255.01  7.5049e-07  -80
2260.01  7.5049e-07  -80
2265.01  7.5049e-07  -80
2270.01  7.5049e-07  -80
2275.01  7.5049e-07  -80
2280.01  7.5049e-07  -80
2285.01  7.5049e-07  -80
2290.01  7.50491e-07  -80
2295.01  7.50491e-07  -80
2300.01  7.50491e-07  -80
2305.01  7.50491e-07  -80
2310.01  7.50491e-07  -80
2315.01  7.50491e-07  -80
2320.01  7.50491e-07  -80
2325.01  7.50492e-07  -80
2330.01  7.50492e-07  -80
2335.01  7.50492e-07  -80
2340.01  7.50492e-07  -80
2345.01  7.50492e-07  -80
2350.01  7.50492e-07  -80
2355.01  7.50492e-07  -80
2360.01  7.50492e-07  -80
2365.01  7.50492e-07  -80
2370.01  7.50492e-07  -80
2375.01  7.50493e-07  -80
2380.01  7.50493e-07  -80
2385.01  7.50493e-07  -80
2390.01  7.50493e-07  -80
2395.01  7.50493e-07  -80
2400.01  7.50493e-07  -80
2405.01  7.50493e-07  -80
2410.01  7.50493e-07  -80
2415.01  7.50493e-07  -80
2420.01  7.50493e-07  -80
2425.01  7.50493e-07  -80
2430.01  7.50493e-07  -80
2435.01  7.50493e-07  -80
2440.01  7.50494e-07  -80
2445.01  7.50494e-07  -80
2450.01  7.50494e-07  -80
2455.01  7.50494e-07  -80
2460.01  7.50494e-07  -80
2465.01  7.50494e-07  -80
2470.01  7.50494e-07  -80
2475.01  7.50494e-07  -80
2480.01  7.50494e-07  -80
2485.01  7.50494e-07  -80
2490.01  7.50494e-07  -80
2495.01  7.50494e-07  -80
2500.01  7.50494e-07  -80
2505.01  7.50494e-07  -80
2510.01  7.50494e-07  -80
2515.01  7.50494e-07  -80
2520.01  7.50494e-07  -80
2525.01  7.50494e-07  -80
2530.01  7.50494e-07  -80
2535.01  7.50494e-07  -80
2540.01  7.50495e-07  -80
2545.01  7.50495e-07  -80
2550.01  7.50495e-07  -80
2555.01  7.50495e-07  -80
2560.01  7.50495e-07  -80
2565.01  7.50495e-07  -80
2570.01  7.50495e-07  -80
2575.01  7.50495e-07  -80
2580.01  7.50495e-07  -80
2585.01  7.50495e-07  -80
2590.01  7.50495e-07  -80
2595.01  7.50495e-07  -80
2600.01  7.50495e-07  -80
2605.01  7.50495e-07  -80
2610.01  7.50495e-07  -80
2615.01  7.50495e-07  -80
2620.01  7.50495e-07  -80
2625.01  7.50495e-07  -80
2630.01  7.50495e-07  -80
2635.01  7.50495e-07  -80
2640.01  7.50495e-07  -80
2645.01  7.50495e-07  -80
2650.01  7.50495e-07  -80
2655.01  7.50495e-07  -80
2660.01  7.50495e-07  -80
2665.01  7.50495e-07  -80
2670.01  7.50495e-07  -80
2675.01  7.50495e-07  -80
2680.01  7.50495e-07  -80
2685.01  7.50495e-07  -80
2690.01  7.50495e-07  -80
2695.01  7.50495e-07  -80
2700.01  7.50495e-07  -80
2705.01  7.50495e-07  -80
2710.01  7.50495e-07  -80
2715.01  7.50495e-07  -80
2720.01  7.50495e-07  -80
2725.01  7.50495e-07  -80
2730.01  7.50495e-07  -80
2735.01  7.50495e-07  -80
2740.01  7.50495e-07  -80
2745.01  7.50495e-07  -80
2750.01  7.50495e-07  -80
2755.01  7.50495e-07  -80
2760.01  7.50495e-07  -80
2765.01  7.50496e-07  -80
2770.01  7.50496e-07  -80
2775.01  7.50496e-07  -80
2780.01  7.50496e-07  -80
2785.01  7.50496e-07  -80
2790.01  7.50496e-07  -80
2795.01  7.50496e-07  -80
2800.01  7.50496e-07  -80
2805.01  7.50496e-07  -80
2810.01  7.50496e-07  -80
2815.01  7.50496e-07  -80
2820.01  7.50496e-07  -80
2825.01  7.50496e-07  -80
2830.01  7.50496e-07  -80
2835.01  7.50496e-07  -80
2840.01  7.50496e-07  -80
2845.01  7.50496e-07  -80
2850.01  7.50496e-07  -80
2855.01  7.50496e-07  -80
2860.01  7.50496e-07  -80
2865.01  7.50496e-07  -80
2870.01  7.50496e-07  -80
2875.01  7.50496e-07  -80
2880.01  7.50496e-07  -80
2885.01  7.50496e-07  -80
2890.01  7.50496e-07  -80
2895.01  7.50496e-07  -80
2900.01  7.50496e-07  -80
2905.01  7.50496e-07  -80
2910.01  7.50496e-07  -80
2915.01  7.50496e-07  -80
2920.01  7.50496e-07  -80
2925.01  7.50496e-07  -80
2930.01  7.50496e-07  -80
2935.01  7.50496e-07  -80
2940.01  7.50496e-07  -80
2945.01  7.50496e-07  -80
2950.01  7.50496e-07  -80
2955.01  7.50496e-07  -80
2960.01  7.50496e-07  -80
2965.01  7.50496e-07  -80
2970.01  7.50496e-07  -80
2975.01  7.50496e-07  -80
2980.01  7.50496e-07  -80
2985.01  7.50496e-07  -80
2990.01  7.50496e-07  -80
2995.01  7.50496e-07  -80
3000.01  7.50496e-07  -80
3005.01  7.50496e-07  -80
3010.01  7.50496e-07  -80
3015.01  7.50496e-07  -80
3020.01  7.50496e-07  -80
3025.01  7.50496e-07  -80
3030.01  7.50496e-07  -80
3035.01  7.50496e-07  -80
3040.01  7.50496e-07  -80
3045.01  7.50496e-07  -80
3050.01  7.50496e-07  -80
3055.01  7.50496e-07  -80
3060.01  7.50496e-07  -80
3065.01  7.50496e-07  -80
3070.01  7.50496e-07  -80
3075.01  7.50496e-07  -80
3080.01  7.50496e-07  -80
3085.01  7.50496e-07  -80
3090.01  7.50496e-07  -80
3095.01  7.50496e-07  -80
3100.01  7.50496e-07  -80
3105.01  7.50496e-07  -80
3110.01  7.50496e-07  -80
3115.01  7.50496e-07  -80
3120.01  7.50496e-07  -80
3125.01  7.50496e-07  -80
3130.01  7.50496e-07  -80
3135.01  7.50496e-07  -80
3140.01  7.50496e-07  -80
3145.01  7.50496e-07  -80
3150.01  7.50496e-07  -80
3155.01  7.50496e-07  -80
3160.01  7.50496e-07  -80
3165.01  7.50496e-07  -80
3170.01  7.50496e-07  -80
3175.01  7.50496e-07  -80
3180.01  7.50496e-07  -80
3185.01  7.50496e-07  -80
3190.01  7.50496e-07  -80
3195.01  7.50496e-07  -80
3200.01  7.50496e-07  -80
3205.01  7.50496e-07  -80
3210.01  7.50496e-07  -80
3215.01  7.50496e-07  -80
3220.01  7.50496e-07  -80
3225.01  7.50496e-07  -80
3230.01  7.50496e-07  -80
3235.01  7.50496e-07  -80
3240.01  7.50496e-07  -80
3245.01  7.50496e-07  -80
3250.01  7.50496e-07  -80
3255.01  7.50496e-07  -80
3260.01  7.50496e-07  -80
3265.01  7.50496e-07  -80
3270.01  7.50496e-07  -80
3275.01  7.50496e-07  -80
3280.01  7.50496e-07  -80
3285.01  7.50496e-07  -80
3290.01  7.50496e-07  -80
3295.01  7.50496e-07  -80
3300.01  7.50496e-07  -80
3305.01  7.50496e-07  -80
3310.01  7.50496e-07  -80
3315.01  7.50496e-07  -80
3320.01  7.50496e-07  -80
3325.01  7.50496e-07  -80
3330.01  7.50496e-07  -80
3335.01  7.50496e-07  -80
3340.01  7.50496e-07  -80
3345.01  7.50496e-07  -80
3350.01  7.50496e-07  -80
3355.01  7.50496e-07  -80
3360.01  7.50496e-07  -80
3365.01  7.50496e-07  -80
3370.01  7.50496e-07  -80
3375.01  7.50496e-07  -80
3380.01  7.50496e-07  -80
3385.01  7.50496e-07  -80
3390.01  7.50496e-07  -80
3395.01  7.50496e-07  -80
3400.01  7.50496e-07  -80
3405.01  7.50496e-07  -80
3410.01  7.50496e-07  -80
3415.01  7.50496e-07  -80
3420.01  7.50496e-07  -80
3425.01  7.50496e-07  -80
3430.01  7.50496e-07  -80
3435.01  7.50496e-07  -80
3440.01  7.50496e-07  -80
3445.01  7.50496e-07  -80
3450.01  7.50496e-07  -80
3455.01  7.50496e-07  -80
3460.01  7.50496e-07  -80
3465.01  7.50496e-07  -80
3470.01  7.50496e-07  -80
3475.01  7.50496e-07  -80
3480.01  7.50496e-07  -80
3485.01  7.50496e-07  -80
3490.01  7.50496e-07  -80
3495.01  7.50496e-07  -80
3500.01  7.50496e-07  -80
3505.01  7.50496e-07  -80
3510.01  7.50496e-07  -80
3515.01  7.50496e-07  -80
3520.01  7.50496e-07  -80
3525.01  7.50496e-07  -80
3530.01  7.50496e-07  -80
3535.01  7.50496e-07  -80
3540.01  7.50496e-07  -80
3545.01  7.50496e-07  -80
3550.01  7.50496e-07  -80
3555.01  7.50496e-07  -80
3560.01  7.50496e-07  -80
3565.01  7.50496e-07  -80
3570.01  7.50496e-07  -80
3575.01  7.50496e-07  -80
3580.01  7.50496e-07  -80
3585.01  7.50496e-07  -80
3590.01  7.50496e-07  -80
3595.01  7.50496e-07  -80
3600.01  7.50496e-07  -80
3605.01  7.50496e-07  -80
3610.01  7.50496e-07  -80
3615.01  7.50496e-07  -80
3620.01  7.50496e-07  -80
3625.01  7.50496e-07  -80
3630.01  7.50496e-07  -80
3635.01  7.50496e-07  -80
3640.01  7.50496e-07  -80
3645.01  7.50496e-07  -80
3650.01  7.50496e-07  -80
3655.01  7.50496e-07  -80
3660.01  7.50496e-07  -80
3665.01  7.50496e-07  -80
3670.01  7.50496e-07  -80
3675.01  7.50496e-07  -80
3680.01  7.50496e-07  -80
3685.01  7.50496e-07  -80
3690.01  7.50496e-07  -80
3695.01  7.50496e-07  -80
3700.01  7.50496e-07  -80
3705.01  7.50496e-07  -80
3710.01  7.50496e-07  -80
3715.01  7.50496e-07  -80
3720.01  7.50496e-07  -80
3725.01  7.50496e-07  -80
3730.01  7.50496e-07  -80
3735.01  7.50496e-07  -80
3740.01  7.50496e-07  -80
3745.01  7.50496e-07  -80
3750.01  7.50496e-07  -80
3755.01  7.50496e-07  -80
3760.01  7.50496e-07  -80
3765.01  7.50496e-07  -80
3770.01  7.50496e-07  -80
3775.01  7.50496e-07  -80
3780.01  7.50496e-07  -80
3785.01  7.50496e-07  -80
3790.01  7.50496e-07  -80
3795.01  7.50496e-07  -80
3800.01  7.50496e-07  -80
3805.01  7.50496e-07  -80
3810.01  7.50496e-07  -80
3815.01  7.50496e-07  -80
3820.01  7.50496e-07  -80
3825.01  7.50496e-07  -80
3830.01  7.50496e-07  -80
3835.01  7.50496e-07  -80
3840.01  7.50496e-07  -80
3845.01  7.50496e-07  -80
3850.01  7.50496e-07  -80
3855.01  7.50496e-07  -80
3860.01  7.50496e-07  -80
3865.01  7.50496e-07  -80
3870.01  7.50496e-07  -80
3875.01  7.50496e-07  -80
3880.01  7.50496e-07  -80
3885.01  7.50496e-07  -80
3890.01  7.50496e-07  -80
3895.01  7.50496e-07  -80
3900.01  7.50496e-07  -80
3905.01  7.50496e-07  -80
3910.01  7.50496e-07  -80
3915.01  7.50496e-07  -80
3920.01  7.50496e-07  -80
3925.01  7.50496e-07  -80
3930.01  7.50496e-07  -80
3935.01  7.50496e-07  -80
3940.01  7.50496e-07  -80
3945.01  7.50496e-07  -80
3950.01  7.50496e-07  -80
3955.01  7.50496e-07  -80
3960.01  7.50496e-07  -80
3965.01  7.50496e-07  -80
3970.01  7.50496e-07  -80
3975.01  7.50496e-07  -80
3980.01  7.50496e-07  -80
3985.01  7.50496e-07  -80
3990.01  7.50496e-07  -80
3995.01  7.50496e-07  -80
4000.01  7.50496e-07  -80
4005.01  7.50496e-07  -80
4010.01  7.50496e-07  -80
4015.01  7.50496e-07  -80
4020.01  7.50496e-07  -80
4025.01  7.50496e-07  -80
4030.01  7.50496e-07  -80
4035.01  7.50496e-07  -80
4040.01  7.50496e-07  -80
4045.01  7.50496e-07  -80
4050.01  7.50496e-07  -80
4055.01  7.50496e-07  -80
4060.01  7.50496e-07  -80
4065.01  7.50496e-07  -80
4070.01  7.50496e-07  -80
4075.01  7.50496e-07  -80
4080.01  7.50496e-07  -80
4085.01  7.50496e-07  -80
4090.01  7.50496e-07  -80
4095.01  7.50496e-07  -80
4100.01  7.50496e-07  -80
4105.01  7.50496e-07  -80
4110.01  7.50496e-07  -80
4115.01  7.50496e-07  -80
4120.01  7.50496e-07  -80
4125.01  7.50496e-07  -80
4130.01  7.50496e-07  -80
4135.01  7.50496e-07  -80
4140.01  7.50496e-07  -80
4145.01  7.50496e-07  -80
4150.01  7.50496e-07  -80
4155.01  7.50496e-07  -80
4160.01  7.50496e-07  -80
4165.01  7.50496e-07  -80
4170.01  7.50496e-07  -80
4175.01  7.50496e-07  -80
4180.01  7.50496e-07  -80
4185.01  7.50496e-07  -80
4190.01  7.50496e-07  -80
4195.01  7.50496e-07  -80
4200.01  7.50496e-07  -80
4205.01  7.50496e-07  -80
4210.01  7.50496e-07  -80
4215.01  7.50496e-07  -80
4220.01  7.50496e-07  -80
4225.01  7.50496e-07  -80
4230.01  7.50496e-07  -80
4235.01  7.50496e-07  -80
4240.01  7.50496e-07  -80
4245.01  7.50496e-07  -80
4250.01  7.50496e-07  -80
4255.01  7.50496e-07  -80
4260.01  7.50496e-07  -80
4265.01  7.50496e-07  -80
4270.01  7.50496e-07  -80
4275.01  7.50496e-07  -80
4280.01  7.50496e-07  -80
4285.01  7.50496e-07  -80
4290.01  7.50496e-07  -80
4295.01  7.50496e-07  -80
4300.01  7.50496e-07  -80
4305.01  7.50496e-07  -80
4310.01  7.50496e-07  -80
4315.01  7.50496e-07  -80
4320.01  7.50496e-07  -80
4325.01  7.50496e-07  -80
4330.01  7.50496e-07  -80
4335.01  7.50496e-07  -80
4340.01  7.50496e-07  -80
4345.01  7.50496e-07  -80
4350.01  7.50496e-07  -80
4355.01  7.50496e-07  -80
4360.01  7.50496e-07  -80
4365.01  7.50496e-07  -80
4370.01  7.50496e-07  -80
4375.01  7.50496e-07  -80
4380.01  7.50496e-07  -80
4385.01  7.50496e-07  -80
4390.01  7.50496e-07  -80
4395.01  7.50496e-07  -80
4400.01  7.50496e-07  -80
4405.01  7.50496e-07  -80
4410.01  7.50496e-07  -80
4415.01  7.50496e-07  -80
4420.01  7.50496e-07  -80
4425.01  7.50496e-07  -80
4430.01  7.50496e-07  -80
4435.01  7.50496e-07  -80
4440.01  7.50496e-07  -80
4445.01  7.50496e-07  -80
4450.01  7.50496e-07  -80
4455.01  7.50496e-07  -80
4460.01  7.50496e-07  -80
4465.01  7.50496e-07  -80
4470.01  7.50496e-07  -80
4475.01  7.50496e-07  -80
4480.01  7.50496e-07  -80
4485.01  7.50496e-07  -80
4490.01  7.50496e-07  -80
4495.01  7.50496e-07  -80
4500.01  7.50496e-07  -80
4505.01  7.50496e-07  -80
4510.01  7.50496e-07  -80
4515.01  7.50496e-07  -80
4520.01  7.50496e-07  -80
4525.01  7.50496e-07  -80
4530.01  7.50496e-07  -80
4535.01  7.50496e-07  -80
4540.01  7.50496e-07  -80
4545.01  7.50496e-07  -80
4550.01  7.50496e-07  -80
4555.01  7.50496e-07  -80
4560.01  7.50496e-07  -80
4565.01  7.50496e-07  -80
4570.01  7.50496e-07  -80
4575.01  7.50496e-07  -80
4580.01  7.50496e-07  -80
4585.01  7.50496e-07  -80
4590.01  7.50496e-07  -80
4595.01  7.50496e-07  -80
4600.01  7.50496e-07  -80
4605.01  7.50496e-07  -80
4610.01  7.50496e-07  -80
4615.01  7.50496e-07  -80
4620.01  7.50496e-07  -80
4625.01  7.50496e-07  -80
4630.01  7.50496e-07  -80
4635.01  7.50496e-07  -80
4640.01  7.50496e-07  -80
4645.01  7.50496e-07  -80
4650.01  7.50496e-07  -80
4655.01  7.50496e-07  -80
4660.01  7.50496e-07  -80
4665.01  7.50496e-07  -80
4670.01  7.50496e-07  -80
4675.01  7.50496e-07  -80
4680.01  7.50496e-07  -80
4685.01  7.50496e-07  -80
4690.01  7.50496e-07  -80
4695.01  7.50496e-07  -80
4700.01  7.50496e-07  -80
4705.01  7.50496e-07  -80
4710.01  7.50496e-07  -80
4715.01  7.50496e-07  -80
4720.01  7.50496e-07  -80
4725.01  7.50496e-07  -80
4730.01  7.50496e-07  -80
4735.01  7.50496e-07  -80
4740.01  7.50496e-07  -80
4745.01  7.50496e-07  -80
4750.01  7.50496e-07  -80
4755.01  7.50496e-07  -80
4760.01  7.50496e-07  -80
4765.01  7.50496e-07  -80
4770.01  7.50496e-07  -80
4775.01  7.50496e-07  -80
4780.01  7.50496e-07  -80
4785.01  7.50496e-07  -80
4790.01  7.50496e-07  -80
4795.01  7.50496e-07  -80
4800.01  7.50496e-07  -80
4805.01  7.50496e-07  -80
4810.01  7.50496e-07  -80
4815.01  7.50496e-07  -80
4820.01  7.50496e-07  -80
4825.01  7.50496e-07  -80
4830.01  7.50496e-07  -80
4835.01  7.50496e-07  -80
4840.01  7.50496e-07  -80
4845.01  7.50496e-07  -80
4850.01  7.50496e-07  -80
4855.01  7.50496e-07  -80
4860.01  7.50496e-07  -80
4865.01  7.50496e-07  -80
4870.01  7.50496e-07  -80
4875.01  7.50496e-07  -80
4880.01  7.50496e-07  -80
4885.01  7.50496e-07  -80
4890.01  7.50496e-07  -80
4895.01  7.50496e-07  -80
4900.01  7.50496e-07  -80
4905.01  7.50496e-07  -80
4910.01  7.50496e-07  -80
4915.01  7.50496e-07  -80
4920.01  7.50496e-07  -80
4925.01  7.50496e-07  -80
4930.01  7.50496e-07  -80
4935.01  7.50496e-07  -80
4940.01  7.50496e-07  -80
4945.01  7.50496e-07  -80
4950.01  7.50496e-07  -80
4955.01  7.50496e-07  -80
4960.01  7.50496e-07  -80
4965.01  7.50496e-07  -80
4970.01  7.50496e-07  -80
4975.01  7.50496e-07  -80
4980.01  7.50496e-07  -80
4985.01  7.50496e-07  -80
4990.01  7.50496e-07  -80
4995.01  7.50496e-07  -80
5000.01  7.50496e-07  -80
5005.01  7.50496e-07  -80
5010.01  7.50496e-07  -80
5015.01  7.50496e-07  -80
5020.01  7.50496e-07  -80
5025.01  7.50496e-07  -80
5030.01  7.50496e-07  -80
5035.01  7.50496e-07  -80
5040.01  7.50496e-07  -80
5045.01  7.50496e-07  -80
5050.01  7.50496e-07  -80
5055.01  7.50496e-07  -80
5060.01  7.50496e-07  -80
5065.01  7.50496e-07  -80
5070.01  7.50496e-07  -80
5075.01  7.50496e-07  -80
5080.01  7.50496e-07  -80
5085.01  7.50496e-07  -80
5090.01  7.50496e-07  -80
5095.01  7.50496e-07  -80
5100.01  7.50496e-07  -80
5105.01  7.50496e-07  -80
5110.01  7.50496e-07  -80
5115.01  7.50496e-07  -80
5120.01  7.50496e-07  -80
5125.01  7.50496e-07  -80
5130.01  7.50496e-07  -80
5135.01  7.50496e-07  -80
5140.01  7.50496e-07  -80
5145.01  7.50496e-07  -80
5150.01  7.50496e-07  -80
5155.01  7.50496e-07  -80
5160.01  7.50496e-07  -80
5165.01  7.50496e-07  -80
5170.01  7.50496e-07  -80
5175.01  7.50496e-07  -80
5180.01  7.50496e-07  -80
5185.01  7.50496e-07  -80
5190.01  7.50496e-07  -80
5195.01  7.50496e-07  -80
5200.01  7.50496e-07  -80
5205.01  7.50496e-07  -80
5210.01  7.50496e-07  -80
5215.01  7.50496e-07  -80
5220.01  7.50496e-07  -80
5225.01  7.50496e-07  -80
5230.01  7.50496e-07  -80
5235.01  7.50496e-07  -80
5240.01  7.50496e-07  -80
5245.01  7.50496e-07  -80
5250.01  7.50496e-07  -80
5255.01  7.50496e-07  -80
5260.01  7.50496e-07  -80
5265.01  7.50496e-07  -80
5270.01  7.50496e-07  -80
5275.01  7.50496e-07  -80
5280.01  7.50496e-07  -80
5285.01  7.50496e-07  -80
5290.01  7.50496e-07  -80
5295.01  7.50496e-07  -80
5300.01  7.50496e-07  -80
5305.01  7.50496e-07  -80
5310.01  7.50496e-07  -80
5315.01  7.50496e-07  -80
5320.01  7.50496e-07  -80
5325.01  7.50496e-07  -80
5330.01  7.50496e-07  -80
5335.01  7.50496e-07  -80
5340.01  7.50496e-07  -80
5345.01  7.50496e-07  -80
5350.01  7.50496e-07  -80
5355.01  7.50496e-07  -80
5360.01  7.50496e-07  -80
5365.01  7.50496e-07  -80
5370.01  7.50496e-07  -80
5375.01  7.50496e-07  -80
5380.01  7.50496e-07  -80
5385.01  7.50496e-07  -80
5390.01  7.50496e-07  -80
5395.01  7.50496e-07  -80
5400.01  7.50496e-07  -80
5405.01  7.50496e-07  -80
5410.01  7.50496e-07  -80
5415.01  7.50496e-07  -80
5420.01  7.50496e-07  -80
5425.01  7.50496e-07  -80
5430.01  7.50496e-07  -80
5435.01  7.50496e-07  -80
5440.01  7.50496e-07  -80
5445.01  7.50496e-07  -80
5450.01  7.50496e-07  -80
5455.01  7.50496e-07  -80
5460.01  7.50496e-07  -80
5465.01  7.50496e-07  -80
5470.01  7.50496e-07  -80
5475.01  7.50496e-07  -80
5480.01  7.50496e-07  -80
5485.01  7.50496e-07  -80
5490.01  7.50496e-07  -80
5495.01  7.50496e-07  -80
5500.01  7.50496e-07  -80
5505.01  7.50496e-07  -80
5510.01  7.50496e-07  -80
5515.01  7.50496e-07  -80
5520.01  7.50496e-07  -80
5525.01  7.50496e-07  -80
5530.01  7.50496e-07  -80
5535.01  7.50496e-07  -80
5540.01  7.50496e-07  -80
5545.01  7.50496e-07  -80
5550.01  7.50496e-07  -80
5555.01  7.50496e-07  -80
5560.01  7.50496e-07  -80
5565.01  7.50496e-07  -80
5570.01  7.50496e-07  -80
5575.01  7.50496e-07  -80
5580.01  7.50496e-07  -80
5585.01  7.50496e-07  -80
5590.01  7.50496e-07  -80
5595.01  7.50496e-07  -80
5600.01  7.50496e-07  -80
5605.01  7.50496e-07  -80
5610.01  7.50496e-07  -80
5615.01  7.50496e-07  -80
5620.01  7.50496e-07  -80
5625.01  7.50496e-07  -80
5630.01  7.50496e-07  -80
5635.01  7.50496e-07  -80
5640.01  7.50496e-07  -80
5645.01  7.50496e-07  -80
5650.01  7.50496e-07  -80
5655.01  7.50496e-07  -80
5660.01  7.50496e-07  -80
5665.01  7.50496e-07  -80
5670.01  7.50496e-07  -80
5675.01  7.50496e-07  -80
5680.01  7.50496e-07  -80
5685.01  7.50496e-07  -80
5690.01  7.50496e-07  -80
5695.01  7.50496e-07  -80
5700.01  7.50496e-07  -80
5705.01  7.50496e-07  -80
5710.01  7.50496e-07  -80
5715.01  7.50496e-07  -80
5720.01  7.50496e-07  -80
5725.01  7.50496e-07  -80
5730.01  7.50496e-07  -80
5735.01  7.50496e-07  -80
5740.01  7.50496e-07  -80
5745.01  7.50496e-07  -80
5750.01  7.50496e-07  -80
5755.01  7.50496e-07  -80
5760.01  7.50496e-07  -80
5765.01  7.50496e-07  -80
5770.01  7.50496e-07  -80
5775.01  7.50496e-07  -80
5780.01  7.50496e-07  -80
5785.01  7.50496e-07  -80
5790.01  7.50496e-07  -80
5795.01  7.50496e-07  -80
5800.01  7.50496e-07  -80
5805.01  7.50496e-07  -80
5810.01  7.50496e-07  -80
5815.01  7.50496e-07  -80
5820.01  7.50496e-07  -80
5825.01  7.50496e-07  -80
5830.01  7.50496e-07  -80
5835.01  7.50496e-07  -80
5840.01  7.50496e-07  -80
5845.01  7.50496e-07  -80
5850.01  7.50496e-07  -80
5855.01  7.50496e-07  -80
5860.01  7.50496e-07  -80
5865.01  7.50496e-07  -80
5870.01  7.50496e-07  -80
5875.01  7.50496e-07  -80
5880.01  7.50496e-07  -80
5885.01  7.50496e-07  -80
5890.01  7.50496e-07  -80
5895.01  7.50496e-07  -80
5900.01  7.50496e-07  -80
5905.01  7.50496e-07  -80
5910.01  7.50496e-07  -80
5915.01  7.50496e-07  -80
5920.01  7.50496e-07  -80
5925.01  7.50496e-07  -80
5930.01  7.50496e-07  -80
5935.01  7.50496e-07  -80
5940.01  7.50496e-07  -80
5945.01  7.50496e-07  -80
5950.01  7.50496e-07  -80
5955.01  7.50496e-07  -80
5960.01  7.50496e-07  -80
5965.01  7.50496e-07  -80
5970.01  7.50496e-07  -80
5975.01  7.50496e-07  -80
5980.01  7.50496e-07  -80
5985.01  7.50496e-07  -80
5990.01  7.50496e-07  -80
5995.01  7.50496e-07  -80
6000.01  7.50496e-07  -80
6005.01  7.50496e-07  -80
6010.01  7.50496e-07  -80
6015.01  7.50496e-07  -80
6020.01  7.50496e-07  -80
6025.01  7.50496e-07  -80
6030.01  7.50496e-07  -80
6035.01  7.50496e-07  -80
6040.01  7.50496e-07  -80
6045.01  7.50496e-07  -80
6050.01  7.50496e-07  -80
6055.01  7.50496e-07  -80
6060.01  7.50496e-07  -80
6065.01  7.50496e-07  -80
6070.01  7.50496e-07  -80
6075.01  7.50496e-07  -80
6080.01  7.50496e-07  -80
6085.01  7.50496e-07  -80
6090.01  7.50496e-07  -80
6095.01  7.50496e-07  -80
6100.01  7.50496e-07  -80
6105.01  7.50496e-07  -80
6110.01  7.50496e-07  -80
6115.01  7.50496e-07  -80
6120.01  7.50496e-07  -80
6125.01  7.50496e-07  -80
6130.01  7.50496e-07  -80
6135.01  7.50496e-07  -80
6140.01  7.50496e-07  -80
6145.01  7.50496e-07  -80
6150.01  7.50496e-07  -80
6155.01  7.50496e-07  -80
6160.01  7.50496e-07  -80
6165.01  7.50496e-07  -80
6170.01  7.50496e-07  -80
6175.01  7.50496e-07  -80
6180.01  7.50496e-07  -80
6185.01  7.50496e-07  -80
6190.01  7.50496e-07  -80
6195.01  7.50496e-07  -80
6200.01  7.50496e-07  -80
6205.01  7.50496e-07  -80
6210.01  7.50496e-07  -80
6215.01  7.50496e-07  -80
6220.01  7.50496e-07  -80
6225.01  7.50496e-07  -80
6230.01  7.50496e-07  -80
6235.01  7.50496e-07  -80
6240.01  7.50496e-07  -80
6245.01  7.50496e-07  -80
6250.01  7.50496e-07  -80
6255.01  7.50496e-07  -80
6260.01  7.50496e-07  -80
6265.01  7.50496e-07  -80
6270.01  7.50496e-07  -80
6275.01  7.50496e-07  -80
6280.01  7.50496e-07  -80
6285.01  7.50496e-07  -80
6290.01  7.50496e-07  -80
6295.01  7.50496e-07  -80
6300.01  7.50496e-07  -80
6305.01  7.50496e-07  -80
6310.01  7.50496e-07  -80
6315.01  7.50496e-07  -80
6320.01  7.50496e-07  -80
6325.01  7.50496e-07  -80
6330.01  7.50496e-07  -80
6335.01  7.50496e-07  -80
6340.01  7.50496e-07  -80
6345.01  7.50496e-07  -80
6350.01  7.50496e-07  -80
6355.01  7.50496e-07  -80
6360.01  7.50496e-07  -80
6365.01  7.50496e-07  -80
6370.01  7.50496e-07  -80
6375.01  7.50496e-07  -80
6380.01  7.50496e-07  -80
6385.01  7.50496e-07  -80
6390.01  7.50496e-07  -80
6395.01  7.50496e-07  -80
6400.01  7.50496e-07  -80
6405.01  7.50496e-07  -80
6410.01  7.50496e-07  -80
6415.01  7.50496e-07  -80
6420.01  7.50496e-07  -80
6425.01  7.50496e-07  -80
6430.01  7.50496e-07  -80
6435.01  7.50496e-07  -80
6440.01  7.50496e-07  -80
6445.01  7.50496e-07  -80
6450.01  7.50496e-07  -80
6455.01  7.50496e-07  -80
6460.01  7.50496e-07  -80
6465.01  7.50496e-07  -80
6470.01  7.50496e-07  -80
6475.01  7.50496e-07  -80
6480.01  7.50496e-07  -80
6485.01  7.50496e-07  -80
6490.01  7.50496e-07  -80
6495.01  7.50496e-07  -80
6500.01  7.50496e-07  -80
6505.01  7.50496e-07  -80
6510.01  7.50496e-07  -80
6515.01  7.50496e-07  -80
6520.01  7.50496e-07  -80
6525.01  7.50496e-07  -80
6530.01  7.50496e-07  -80
6535.01  7.50496e-07  -80
6540.01  7.50496e-07  -80
6545.01  7.50496e-07  -80
6550.01  7.50496e-07  -80
6555.01  7.50496e-07  -80
6560.01  7.50496e-07  -80
6565.01  7.50496e-07  -80
6570.01  7.50496e-07  -80
6575.01  7.50496e-07  -80
6580.01  7.50496e-07  -80
6585.01  7.50496e-07  -80
6590.01  7.50496e-07  -80
6595.01  7.50496e-07  -80
6600.01  7.50496e-07  -80
6605.01  7.50496e-07  -80
6610.01  7.50496e-07  -80
6615.01  7.50496e-07  -80
6620.01  7.50496e-07  -80
6625.01  7.50496e-07  -80
6630.01  7.50496e-07  -80
6635.01  7.50496e-07  -80
6640.01  7.50496e-07  -80
6645.01  7.50496e-07  -80
6650.01  7.50496e-07  -80
6655.01  7.50496e-07  -80
6660.01  7.50496e-07  -80
6665.01  7.50496e-07  -80
6670.01  7.50496e-07  -80
6675.01  7.50496e-07  -80
6680.01  7.50496e-07  -80
6685.01  7.50496e-07  -80
6690.01  7.50496e-07  -80
6695.01  7.50496e-07  -80
6700.01  7.50496e-07  -80
6705.01  7.50496e-07  -80
6710.01  7.50496e-07  -80
6715.01  7.50496e-07  -80
6720.01  7.50496e-07  -80
6725.01  7.50496e-07  -80
6730.01  7.50496e-07  -80
6735.01  7.50496e-07  -80
6740.01  7.50496e-07  -80
6745.01  7.50496e-07  -80
6750.01  7.50496e-07  -80
6755.01  7.50496e-07  -80
6760.01  7.50496e-07  -80
6765.01  7.50496e-07  -80
6770.01  7.50496e-07  -80
6775.01  7.50496e-07  -80
6780.01  7.50496e-07  -80
6785.01  7.50496e-07  -80
6790.01  7.50496e-07  -80
6795.01  7.50496e-07  -80
6800.01  7.50496e-07  -80
6805.01  7.50496e-07  -80
6810.01  7.50496e-07  -80
6815.01  7.50496e-07  -80
6820.01  7.50496e-07  -80
6825.01  7.50496e-07  -80
6830.01  7.50496e-07  -80
6835.01  7.50496e-07  -80
6840.01  7.50496e-07  -80
6845.01  7.50496e-07  -80
6850.01  7.50496e-07  -80
6855.01  7.50496e-07  -80
6860.01  7.50496e-07  -80
6865.01  7.50496e-07  -80
6870.01  7.50496e-07  -80
6875.01  7.50496e-07  -80
6880.01  7.50496e-07  -80
6885.01  7.50496e-07  -80
6890.01  7.50496e-07  -80
6895.01  7.50496e-07  -80
6900.01  7.50496e-07  -80
6905.01  7.50496e-07  -80
6910.01  7.50496e-07  -80
6915.01  7.50496e-07  -80
6920.01  7.50496e-07  -80
6925.01  7.50496e-07  -80
6930.01  7.50496e-07  -80
6935.01  7.50496e-07  -80
6940.01  7.50496e-07  -80
6945.01  7.50496e-07  -80
6950.01  7.50496e-07  -80
6955.01  7.50496e-07  -80
6960.01  7.50496e-07  -80
6965.01  7.50496e-07  -80
6970.01  7.50496e-07  -80
6975.01  7.50496e-07  -80
6980.01  7.50496e-07  -80
6985.01  7.50496e-07  -80
6990.01  7.50496e-07  -80
6995.01  7.50496e-07  -80
7000.01  7.50496e-07  -80
7005.01  7.50496e-07  -80
7010.01  7.50496e-07  -80
7015.01  7.50496e-07  -80
7020.01  7.50496e-07  -80
7025.01  7.50496e-07  -80
7030.01  7.50496e-07  -80
7035.01  7.50496e-07  -80
7040.01  7.50496e-07  -80
7045.01  7.50496e-07  -80
7050.01  7.50496e-07  -80
7055.01  7.50496e-07  -80
7060.01  7.50496e-07  -80
7065.01  7.50496e-07  -80
7070.01  7.50496e-07  -80
7075.01  7.50496e-07  -80
7080.01  7.50496e-07  -80
7085.01  7.50496e-07  -80
7090.01  7.50496e-07  -80
7095.01  7.50496e-07  -80
7100.01  7.50496e-07  -80
7105.01  7.50496e-07  -80
7110.01  7.50496e-07  -80
7115.01  7.50496e-07  -80
7120.01  7.50496e-07  -80
7125.01  7.50496e-07  -80
7130.01  7.50496e-07  -80
7135.01  7.50496e-07  -80
7140.01  7.50496e-07  -80
7145.01  7.50496e-07  -80
7150.01  7.50496e-07  -80
7155.01  7.50496e-07  -80
7160.01  7.50496e-07  -80
7165.01  7.50496e-07  -80
7170.01  7.50496e-07  -80
7175.01  7.50496e-07  -80
7180.01  7.50496e-07  -80
7185.01  7.50496e-07  -80
7190.01  7.50496e-07  -80
7195.01  7.50496e-07  -80
7200.01  7.50496e-07  -80
7205.01  7.50496e-07  -80
7210.01  7.50496e-07  -80
7215.01  7.50496e-07  -80
7220.01  7.50496e-07  -80
7225.01  7.50496e-07  -80
7230.01  7.50496e-07  -80
7235.01  7.50496e-07  -80
7240.01  7.50496e-07  -80
7245.01  7.50496e-07  -80
7250.01  7.50496e-07  -80
7255.01  7.50496e-07  -80
7260.01  7.50496e-07  -80
7265.01  7.50496e-07  -80
7270.01  7.50496e-07  -80
7275.01  7.50496e-07  -80
7280.01  7.50496e-07  -80
7285.01  7.50496e-07  -80
7290.01  7.50496e-07  -80
7295.01  7.50496e-07  -80
7300.01  7.50496e-07  -80
7305.01  7.50496e-07  -80
7310.01  7.50496e-07  -80
7315.01  7.50496e-07  -80
7320.01  7.50496e-07  -80
7325.01  7.50496e-07  -80
7330.01  7.50496e-07  -80
7335.01  7.50496e-07  -80
7340.01  7.50496e-07  -80
7345.01  7.50496e-07  -80
7350.01  7.50496e-07  -80
7355.01  7.50496e-07  -80
7360.01  7.50496e-07  -80
7365.01  7.50496e-07  -80
7370.01  7.50496e-07  -80
7375.01  7.50496e-07  -80
7380.01  7.50496e-07  -80
7385.01  7.50496e-07  -80
7390.01  7.50496e-07  -80
7395.01  7.50496e-07  -80
7400.01  7.50496e-07  -80
7405.01  7.50496e-07  -80
7410.01  7.50496e-07  -80
7415.01  7.50496e-07  -80
7420.01  7.50496e-07  -80
7425.01  7.50496e-07  -80
7430.01  7.50496e-07  -80
7435.01  7.50496e-07  -80
7440.01  7.50496e-07  -80
7445.01  7.50496e-07  -80
7450.01  7.50496e-07  -80
7455.01  7.50496e-07  -80
7460.01  7.50496e-07  -80
7465.01  7.50496e-07  -80
7470.01  7.50496e-07  -80
7475.01  7.50496e-07  -80
7480.01  7.50496e-07  -80
7485.01  7.50496e-07  -80
7490.01  7.50496e-07  -80
7495.01  7.50496e-07  -80
7500.01  7.50496e-07  -80
7505.01  7.50496e-07  -80
7510.01  7.50496e-07  -80
7515.01  7.50496e-07  -80
7520.01  7.50496e-07  -80
7525.01  7.50496e-07  -80
7530.01  7.50496e-07  -80
7535.01  7.50496e-07  -80
7540.01  7.50496e-07  -80
7545.01  7.50496e-07  -80
7550.01  7.50496e-07  -80
7555.01  7.50496e-07  -80
7560.01  7.50496e-07  -80
7565.01  7.50496e-07  -80
7570.01  7.50496e-07  -80
7575.01  7.50496e-07  -80
7580.01  7.50496e-07  -80
7585.01  7.50496e-07  -80
7590.01  7.50496e-07  -80
7595.01  7.50496e-07  -80
7600.01  7.50496e-07  -80
7605.01  7.50496e-07  -80
7610.01  7.50496e-07  -80
7615.01  7.50496e-07  -80
7620.01  7.50496e-07  -80
7625.01  7.50496e-07  -80
7630.01  7.50496e-07  -80
7635.01  7.50496e-07  -80
7640.01  7.50496e-07  -80
7645.01  7.50496e-07  -80
7650.01  7.50496e-07  -80
7655.01  7.50496e-07  -80
7660.01  7.50496e-07  -80
7665.01  7.50496e-07  -80
7670.01  7.50496e-07  -80
7675.01  7.50496e-07  -80
7680.01  7.50496e-07  -80
7685.01  7.50496e-07  -80
7690.01  7.50496e-07  -80
7695.01  7.50496e-07  -80
7700.01  7.50496e-07  -80
7705.01  7.50496e-07  -80
7710.01  7.50496e-07  -80
7715.01  7.50496e-07  -80
7720.01  7.50496e-07  -80
7725.01  7.50496e-07  -80
7730.01  7.50496e-07  -80
7735.01  7.50496e-07  -80
7740.01  7.50496e-07  -80
7745.01  7.50496e-07  -80
7750.01  7.50496e-07  -80
7755.01  7.50496e-07  -80
7760.01  7.50496e-07  -80
7765.01  7.50496e-07  -80
7770.01  7.50496e-07  -80
7775.01  7.50496e-07  -80
7780.01  7.50496e-07  -80
7785.01  7.50496e-07  -80
7790.01  7.50496e-07  -80
7795.01  7.50496e-07  -80
7800.01  7.50496e-07  -80
7805.01  7.50496e-07  -80
7810.01  7.50496e-07  -80
7815.01  7.50496e-07  -80
7820.01  7.50496e-07  -80
7825.01  7.50496e-07  -80
7830.01  7.50496e-07  -80
7835.01  7.50496e-07  -80
7840.01  7.50496e-07  -80
7845.01  7.50496e-07  -80
7850.01  7.50496e-07  -80
7855.01  7.50496e-07  -80
7860.01  7.50496e-07  -80
7865.01  7.50496e-07  -80
7870.01  7.50496e-07  -80
7875.01  7.50496e-07  -80
7880.01  7.50496e-07  -80
7885.01  7.50496e-07  -80
7890.01  7.50496e-07  -80
7895.01  7.50496e-07  -80
7900.01  7.50496e-07  -80
7905.01  7.50496e-07  -80
7910.01  7.50496e-07  -80
7915.01  7.50496e-07  -80
7920.01  7.50496e-07  -80
7925.01  7.50496e-07  -80
7930.01  7.50496e-07  -80
7935.01  7.50496e-07  -80
7940.01  7.50496e-07  -80
7945.01  7.50496e-07  -80
7950.01  7.50496e-07  -80
7955.01  7.50496e-07  -80
7960.01  7.50496e-07  -80
7965.01  7.50496e-07  -80
7970.01  7.50496e-07  -80
7975.01  7.50496e-07  -80
7980.01  7.50496e-07  -80
7985.01  7.50496e-07  -80
7990.01  7.50496e-07  -80
7995.01  7.50496e-07  -80
8000.01  7.50496e-07  -80
8005.01  7.50496e-07  -80
8010.01  7.50496e-07  -80
8015.01  7.50496e-07  -80
8020.01  7.50496e-07  -80
8025.01  7.50496e-07  -80
8030.01  7.50496e-07  -80
8035.01  7.50496e-07  -80
8040.01  7.50496e-07  -80
8045.01  7.50496e-07  -80
8050.01  7.50496e-07  -80
8055.01  7.50496e-07  -80
8060.01  7.50496e-07  -80
8065.01  7.50496e-07  -80
8070.01  7.50496e-07  -80
8075.01  7.50496e-07  -80
8080.01  7.50496e-07  -80
8085.01  7.50496e-07  -80
8090.01  7.50496e-07  -80
8095.01  7.50496e-07  -80
8100.01  7.50496e-07  -80
8105.01  7.50496e-07  -80
8110.01  7.50496e-07  -80
8115.01  7.50496e-07  -80
8120.01  7.50496e-07  -80
8125.01  7.50496e-07  -80
8130.01  7.50496e-07  -80
8135.01  7.50496e-07  -80
8140.01  7.50496e-07  -80
8145.01  7.50496e-07  -80
8150.01  7.50496e-07  -80
8155.01  7.50496e-07  -80
8160.01  7.50496e-07  -80
8165.01  7.50496e-07  -80
8170.01  7.50496e-07  -80
8175.01  7.50496e-07  -80
8180.01  7.50496e-07  -80
8185.01  7.50496e-07  -80
8190.01  7.50496e-07  -80
8195.01  7.50496e-07  -80
8200.01  7.50496e-07  -80
8205.01  7.50496e-07  -80
8210.01  7.50496e-07  -80
8215.01  7.50496e-07  -80
8220.01  7.50496e-07  -80
8225.01  7.50496e-07  -80
8230.01  7.50496e-07  -80
8235.01  7.50496e-07  -80
8240.01  7.50496e-07  -80
8245.01  7.50496e-07  -80
8250.01  7.50496e-07  -80
8255.01  7.50496e-07  -80
8260.01  7.50496e-07  -80
8265.01  7.50496e-07  -80
8270.01  7.50496e-07  -80
8275.01  7.50496e-07  -80
8280.01  7.50496e-07  -80
8285.01  7.50496e-07  -80
8290.01  7.50496e-07  -80
8295.01  7.50496e-07  -80
8300.01  7.50496e-07  -80
8305.01  7.50496e-07  -80
8310.01  7.50496e-07  -80
8315.01  7.50496e-07  -80
8320.01  7.50496e-07  -80
8325.01  7.50496e-07  -80
8330.01  7.50496e-07  -80
8335.01  7.50496e-07  -80
8340.01  7.50496e-07  -80
8345.01  7.50496e-07  -80
8350.01  7.50496e-07  -80
8355.01  7.50496e-07  -80
8360.01  7.50496e-07  -80
8365.01  7.50496e-07  -80
8370.01  7.50496e-07  -80
8375.01  7.50496e-07  -80
8380.01  7.50496e-07  -80
8385.01  7.50496e-07  -80
8390.01  7.50496e-07  -80
8395.01  7.50496e-07  -80
8400.01  7.50496e-07  -80
8405.01  7.50496e-07  -80
8410.01  7.50496e-07  -80
8415.01  7.50496e-07  -80
8420.01  7.50496e-07  -80
8425.01  7.50496e-07  -80
8430.01  7.50496e-07  -80
8435.01  7.50496e-07  -80
8440.01  7.50496e-07  -80
8445.01  7.50496e-07  -80
8450.01  7.50496e-07  -80
8455.01  7.50496e-07  -80
8460.01  7.50496e-07  -80
8465.01  7.50496e-07  -80
8470.01  7.50496e-07  -80
8475.01  7.50496e-07  -80
8480.01  7.50496e-07  -80
8485.01  7.50496e-07  -80
8490.01  7.50496e-07  -80
8495.01  7.50496e-07  -80
8500.01  7.50496e-07  -80
8505.01  7.50496e-07  -80
8510.01  7.50496e-07  -80
8515.01  7.50496e-07  -80
8520.01  7.50496e-07  -80
8525.01  7.50496e-07  -80
8530.01  7.50496e-07  -80
8535.01  7.50496e-07  -80
8540.01  7.50496e-07  -80
8545.01  7.50496e-07  -80
8550.01  7.50496e-07  -80
8555.01  7.50496e-07  -80
8560.01  7.50496e-07  -80
8565.01  7.50496e-07  -80
8570.01  7.50496e-07  -80
8575.01  7.50496e-07  -80
8580.01  7.50496e-07  -80
8585.01  7.50496e-07  -80
8590.01  7.50496e-07  -80
8595.01  7.50496e-07  -80
8600.01  7.50496e-07  -80
8605.01  7.50496e-07  -80
8610.01  7.50496e-07  -80
8615.01  7.50496e-07  -80
8620.01  7.50496e-07  -80
8625.01  7.50496e-07  -80
8630.01  7.50496e-07  -80
8635.01  7.50496e-07  -80
8640.01  7.50496e-07  -80
8645.01  7.50496e-07  -80
8650.01  7.50496e-07  -80
8655.01  7.50496e-07  -80
8660.01  7.50496e-07  -80
8665.01  7.50496e-07  -80
8670.01  7.50496e-07  -80
8675.01  7.50496e-07  -80
8680.01  7.50496e-07  -80
8685.01  7.50496e-07  -80
8690.01  7.50496e-07  -80
8695.01  7.50496e-07  -80
8700.01  7.50496e-07  -80
8705.01  7.50496e-07  -80
8710.01  7.50496e-07  -80
8715.01  7.50496e-07  -80
8720.01  7.50496e-07  -80
8725.01  7.50496e-07  -80
8730.01  7.50496e-07  -80
8735.01  7.50496e-07  -80
8740.01  7.50496e-07  -80
8745.01  7.50496e-07  -80
8750.01  7.50496e-07  -80
8755.01  7.50496e-07  -80
8760.01  7.50496e-07  -80
8765.01  7.50496e-07  -80
8770.01  7.50496e-07  -80
8775.01  7.50496e-07  -80
8780.01  7.50496e-07  -80
8785.01  7.50496e-07  -80
8790.01  7.50496e-07  -80
8795.01  7.50496e-07  -80
8800.01  7.50496e-07  -80
8805.01  7.50496e-07  -80
8810.01  7.50496e-07  -80
8815.01  7.50496e-07  -80
8820.01  7.50496e-07  -80
8825.01  7.50496e-07  -80
8830.01  7.50496e-07  -80
8835.01  7.50496e-07  -80
8840.01  7.50496e-07  -80
8845.01  7.50496e-07  -80
8850.01  7.50496e-07  -80
8855.01  7.50496e-07  -80
8860.01  7.50496e-07  -80
8865.01  7.50496e-07  -80
8870.01  7.50496e-07  -80
8875.01  7.50496e-07  -80
8880.01  7.50496e-07  -80
8885.01  7.50496e-07  -80
8890.01  7.50496e-07  -80
8895.01  7.50496e-07  -80
8900.01  7.50496e-07  -80
8905.01  7.50496e-07  -80
8910.01  7.50496e-07  -80
8915.01  7.50496e-07  -80
8920.01  7.50496e-07  -80
8925.01  7.50496e-07  -80
8930.01  7.50496e-07  -80
8935.01  7.50496e-07  -80
8940.01  7.50496e-07  -80
8945.01  7.50496e-07  -80
8950.01  7.50496e-07  -80
8955.01  7.50496e-07  -80
8960.01  7.50496e-07  -80
8965.01  7.50496e-07  -80
8970.01  7.50496e-07  -80
8975.01  7.50496e-07  -80
8980.01  7.50496e-07  -80
8985.01  7.50496e-07  -80
8990.01  7.50496e-07  -80
8995.01  7.50496e-07  -80
9000.01  7.50496e-07  -80
9005.01  7.50496e-07  -80
9010.01  7.50496e-07  -80
9015.01  7.50496e-07  -80
9020.01  7.50496e-07  -80
9025.01  7.50496e-07  -80
9030.01  7.50496e-07  -80
9035.01  7.50496e-07  -80
9040.01  7.50496e-07  -80
9045.01  7.50496e-07  -80
9050.01  7.50496e-07  -80
9055.01  7.50496e-07  -80
9060.01  7.50496e-07  -80
9065.01  7.50496e-07  -80
9070.01  7.50496e-07  -80
9075.01  7.50496e-07  -80
9080.01  7.50496e-07  -80
9085.01  7.50496e-07  -80
9090.01  7.50496e-07  -80
9095.01  7.50496e-07  -80
9100.01  7.50496e-07  -80
9105.01  7.50496e-07  -80
9110.01  7.50496e-07  -80
9115.01  7.50496e-07  -80
9120.01  7.50496e-07  -80
9125.01  7.50496e-07  -80
9130.01  7.50496e-07  -80
9135.01  7.50496e-07  -80
9140.01  7.50496e-07  -80
9145.01  7.50496e-07  -80
9150.01  7.50496e-07  -80
9155.01  7.50496e-07  -80
9160.01  7.50496e-07  -80
9165  7.50496e-07  -80
9170  7.50496e-07  -80
9175  7.50496e-07  -80
9180  7.50496e-07  -80
9185  7.50496e-07  -80
9190  7.50496e-07  -80
9195  7.50496e-07  -80
9200  7.50496e-07  -80
9205  7.50496e-07  -80
9210  7.50496e-07  -80
9215  7.50496e-07  -80
9220  7.50496e-07  -80
9225  7.50496e-07  -80
9230  7.50496e-07  -80
9235  7.50496e-07  -80
9240  7.50496e-07  -80
9245  7.50496e-07  -80
9250  7.50496e-07  -80
9255  7.50496e-07  -80
9260  7.50496e-07  -80
9265  7.50496e-07  -80
9270  7.50496e-07  -80
9275  7.50496e-07  -80
9280  7.50496e-07  -80
9285  7.50496e-07  -80
9290  7.50496e-07  -80
9295  7.50496e-07  -80
9300  7.50496e-07  -80
9305  7.50496e-07  -80
9310  7.50496e-07  -80
9315  7.50496e-07  -80
9320  7.50496e-07  -80
9325  7.50496e-07  -80
9330  7.50496e-07  -80
9335  7.50496e-07  -80
9340  7.50496e-07  -80
9345  7.50496e-07  -80
9350  7.50496e-07  -80
9355  7.50496e-07  -80
9360  7.50496e-07  -80
9365  7.50496e-07  -80
9370  7.50496e-07  -80
9375  7.50496e-07  -80
9380  7.50496e-07  -80
9385  7.50496e-07  -80
9390  7.50496e-07  -80
9395  7.50496e-07  -80
9400  7.50496e-07  -80
9405  7.50496e-07  -80
9410  7.50496e-07  -80
9415  7.50496e-07  -80
9420  7.50496e-07  -80
9425  7.50496e-07  -80
9430  7.50496e-07  -80
9435  7.50496e-07  -80
9440  7.50496e-07  -80
9445  7.50496e-07  -80
9450  7.50496e-07  -80
9455  7.50496e-07  -80
9460  7.50496e-07  -80
9465  7.50496e-07  -80
9470  7.50496e-07  -80
9475  7.50496e-07  -80
9480  7.50496e-07  -80
9485  7.50496e-07  -80
9490  7.50496e-07  -80
9495  7.50496e-07  -80
9500  7.50496e-07  -80
9505  7.50496e-07  -80
9510  7.50496e-07  -80
9515  7.50496e-07  -80
9520  7.50496e-07  -80
9525  7.50496e-07  -80
9530  7.50496e-07  -80
9535  7.50496e-07  -80
9540  7.50496e-07  -80
9545  7.50496e-07  -80
9550  7.50496e-07  -80
9555  7.50496e-07  -80
9560  7.50496e-07  -80
9565  7.50496e-07  -80
9570  7.50496e-07  -80
9575  7.50496e-07  -80
9580  7.50496e-07  -80
9585  7.50496e-07  -80
9590  7.50496e-07  -80
9595  7.50496e-07  -80
9600  7.50496e-07  -80
9605  7.50496e-07  -80
9610  7.50496e-07  -80
9615  7.50496e-07  -80
9620  7.50496e-07  -80
9625  7.50496e-07  -80
9630  7.50496e-07  -80
9635  7.50496e-07  -80
9640  7.50496e-07  -80
9645  7.50496e-07  -80
9650  7.50496e-07  -80
9655  7.50496e-07  -80
9660  7.50496e-07  -80
9665  7.50496e-07  -80
9670  7.50496e-07  -80
9675  7.50496e-07  -80
9680  7.50496e-07  -80
9685  7.50496e-07  -80
9690  7.50496e-07  -80
9695  7.50496e-07  -80
9700  7.50496e-07  -80
9705  7.50496e-07  -80
9710  7.50496e-07  -80
9715  7.50496e-07  -80
9720  7.50496e-07  -80
9725  7.50496e-07  -80
9730  7.50496e-07  -80
9735  7.50496e-07  -80
9740  7.50496e-07  -80
9745  7.50496e-07  -80
9750  7.50496e-07  -80
9755  7.50496e-07  -80
9760  7.50496e-07  -80
9765  7.50496e-07  -80
9770  7.50496e-07  -80
9775  7.50496e-07  -80
9780  7.50496e-07  -80
9785  7.50496e-07  -80
9790  7.50496e-07  -80
9795  7.50496e-07  -80
9800  7.50496e-07  -80
9805  7.50496e-07  -80
9810  7.50496e-07  -80
9815  7.50496e-07  -80
9820  7.50496e-07  -80
9825  7.50496e-07  -80
9830  7.50496e-07  -80
9835  7.50496e-07  -80
9840  7.50496e-07  -80
9845  7.50496e-07  -80
9850  7.50496e-07  -80
9855  7.50496e-07  -80
9860  7.50496e-07  -80
9865  7.50496e-07  -80
9870  7.50496e-07  -80
9875  7.50496e-07  -80
9880  7.50496e-07  -80
9885  7.50496e-07  -80
9890  7.50496e-07  -80
9895  7.50496e-07  -80
9900  7.50496e-07  -80
9905  7.50496e-07  -80
9910  7.50496e-07  -80
9915  7.50496e-07  -80
9920  7.50496e-07  -80
9925  7.50496e-07  -80
9930  7.50496e-07  -80
9935  7.50496e-07  -80
9940  7.50496e-07  -80
9945  7.50496e-07  -80
9950  7.50496e-07  -80
9955  7.50496e-07  -80
9960  7.50496e-07  -80
9965  7.50496e-07  -80
9970  7.50496e-07  -80
9975  7.50496e-07  -80
9980  7.50496e-07  -80
9985  7.50496e-07  -80
9990  7.50496e-07  -80
9995  7.50496e-07  -80
10000  2.39086e-05  40
10005  0.000862493  40
10010  0.00329018  40
10015  0.00631149  40
10020  0.00920136  40
10025  0.0116434  40
10030  0.0135487  40
10035  0.0149394  40
10040  0.0158847  40
10045  0.0164668  40
10050  0.0167646  40
10055  0.0168467  40
10060  0.0167694  40
10065  0.0165773  40
10070  0.0163048  40
10075  0.0159779  40
10080  0.0156159  40
10085  0.015233  40
10090  0.0148393  40
10095  0.0144423  40
10100  0.014047  40
10105  0.0136571  40
10110  0.0132748  40
10115  0.0129017  40
10120  0.012539  40
10125  0.012187  40
10130  0.0118462  40
10135  0.0115165  40
10140  0.0111979  40
10145  0.0108902  40
10150  0.0105933  40
10155  0.0103067  40
10160  0.0100303  40
10165  0.00976375  40
10170  0.00950667  40
10175  0.00925879  40
10180  0.00901978  40
10185  0.00878934  40
10190  0.00856718  40
10195  0.00835301  40
10200  0.00814653  40
10205  0.00794748  40
10210  0.00775559  40
10215  0.0075706  40
10220  0.00739227  40
10225  0.00722035  40
10230  0.00705463  40
10235  0.00689487  40
10240  0.00674086  40
10245  0.00659239  40
10250  0.00644927  40
10255  0.0063113  40
10260  0.00617829  40
10265  0.00605008  40
10270  0.00592648  40
10275  0.00580732  40
10280  0.00569246  40
10285  0.00558173  40
10290  0.00547499  40
10295  0.00537209  40
10300  0.0052729  40
10305  0.00517727  40
10310  0.00508509  40
10315  0.00499622  40
10320  0.00491056  40
10325  0.00482798  40
10330  0.00474837  40
10335  0.00467162  40
10340  0.00459764  40
10345  0.00452632  40
10350  0.00445757  40
10355  0.0043913  40
10360  0.00432741  40
10365  0.00426582  40
10370  0.00420644  40
10375  0.00414921  40
10380  0.00409403  40
10385  0.00404084  40
10390  0.00398957  40
10395  0.00394014  40
10400  0.00389249  40
10405  0.00384656  40
10410  0.00380228  40
10415  0.00375959  40
10420  0.00371844  40
10425  0.00367877  40
10430  0.00364053  40
10435  0.00360366  40
10440  0.00356813  40
10445  0.00353387  40
10450  0.00350084  40
10455  0.00346901  40
10460  0.00343832  40
10465  0.00340873  40
10470  0.00338021  40
10475  0.00335272  40
10480  0.00332621  40
10485  0.00330066  40
10490  0.00327603  40
10495  0.00325229  40
10500  0.0032294  40
10505  0.00320733  40
10510  0.00318606  40
10515  0.00316556  40
10520  0.00314579  40
10525  0.00312674  40
10530  0.00310837  40
10535  0.00309066  40
10540  0.00307359  40
10545  0.00305713  40
10550  0.00304127  40
10555  0.00302598  40
10560  0.00301123  40
10565  0.00299702  40
10570  0.00298332  40
10575  0.00297011  40
10580  0.00295738  40
10585  0.00294511  40
10590  0.00293328  40
10595  0.00292187  40
10600  0.00291088  40
10605  0.00290028  40
10610  0.00289006  40
10615  0.00288021  40
10620  0.00287072  40
10625  0.00286156  40
10630  0.00285274  40
10635  0.00284423  40
10640  0.00283603  40
10645  0.00282813  40
10650  0.00282051  40
10655  0.00281316  40
10660  0.00280608  40
10665  0.00279925  40
10670  0.00279267  40
10675  0.00278633  40
10680  0.00278021  40
10685  0.00277432  40
10690  0.00276863  40
10695  0.00276315  40
10700  0.00275787  40
10705  0.00275278  40
10710  0.00274787  40
10715  0.00274314  40
10720  0.00273858  40
10725  0.00273418  40
10730  0.00272995  40
10735  0.00272586  40
10740  0.00272192  40
10745  0.00271812  40
10750  0.00271446  40
10755  0.00271093  40
10760  0.00270753  40
10765  0.00270425  40
10770  0.00270109  40
10775  0.00269804  40
10780  0.00269511  40
10785  0.00269227  40
10790  0.00268954  40
10795  0.00268691  40
10800  0.00268438  40
10805  0.00268193  40
10810  0.00267957  40
10815  0.0026773  40
10820  0.00267511  40
10825  0.002673  40
10830  0.00267096  40
10835  0.002669  40
10840  0.0026671  40
10845  0.00266528  40
10850  0.00266352  40
10855  0.00266183  40
10860  0.00266019  40
10865  0.00265862  40
10870  0.0026571  40
10875  0.00265564  40
10880  0.00265422  40
10885  0.00265286  40
10890  0.00265155  40
10895  0.00265029  40
10900  0.00264907  40
10905  0.0026479  40
10910  0.00264676  40
10915  0.00264567  40
10920  0.00264462  40
10925  0.0026436  40
10930  0.00264263  40
10935  0.00264168  40
10940  0.00264077  40
10945  0.0026399  40
10950  0.00263905  40
10955  0.00263824  40
10960  0.00263745  40
10965  0.0026367  40
10970  0.00263597  40
10975  0.00263526  40
10980  0.00263459  40
10985  0.00263393  40
10990  0.0026333  40
10995  0.0026327  40
11000  -0.00132138  -120
11000  0.000923037  -60
11005  0.0434357  -60
11010  0.0787884  -60
11015  0.108126  -60
11020  0.132412  -60
11025  0.152453  -60
11030  0.168931  -60
11035  0.182417  -60
11040  0.19339  -60
11045  0.202256  -60
11050  0.209352  -60
11055  0.214965  -60
11060  0.219333  -60
11065  0.222659  -60
11070  0.225112  -60
11075  0.226834  -60
11080  0.227945  -60
11085  0.228544  -60
11090  0.228717  -60
11095  0.228535  -60
11100  0.228056  -60
11105  0.227332  -60
11110  0.226404  -60
11115  0.225308  -60
11120  0.224073  -60
11125  0.222724  -60
11130  0.221282  -60
11135  0.219765  -60
11140  0.218188  -60
11145  0.216562  -60
11150  0.214898  -60
11155  0.213206  -60
11160  0.211491  -60
11165  0.20976  -60
11170  0.208019  -60
11175  0.206272  -60
11180  0.204522  -60
11185  0.202772  -60
11190  0.201024  -60
11195  0.199281  -60
11200  0.197545  -60
11205  0.195816  -60
11210  0.194096  -60
11215  0.192387  -60
11220  0.190688  -60
11225  0.189  -60
11230  0.187324  -60
11235  0.185661  -60
11240  0.18401  -60
11245  0.182372  -60
11250  0.180747  -60
11255  0.179135  -60
11260  0.177537  -60
11265  0.175951  -60
11270  0.17438  -60
11275  0.172821  -60
11280  0.171276  -60
11285  0.169745  -60
11290  0.168227  -60
11295  0.166722  -60
11300  0.16523  -60
11305  0.163751  -60
11310  0.162286  -60
11315  0.160833  -60
11320  0.159393  -60
11325  0.157967  -60
11330  0.156552  -60
11335  0.155151  -60
11340  0.153761  -60
11345  0.152385  -60
11350  0.15102  -60
11355  0.149668  -60
11360  0.148328  -60
11365  0.146999  -60
11370  0.145683  -60
11375  0.144379  -60
11380  0.143086  -60
11385  0.141804  -60
11390  0.140535  -60
11395  0.139276  -60
11400  0.138029  -60
11405  0.136793  -60
11410  0.135568  -60
11415  0.134354  -60
11420  0.133151  -60
11425  0.131959  -60
11430  0.130777  -60
11435  0.129606  -60
11440  0.128445  -60
11445  0.127295  -60
11450  0.126155  -60
11455  0.125026  -60
11460  0.123906  -60
11465  0.122797  -60
11470  0.121697  -60
11475  0.120608  -60
11480  0.119528  -60
11485  0.118458  -60
11490  0.117397  -60
11495  0.116346  -60
11500  0.115304  -60
11505  0.114272  -60
11510  0.113249  -60
11515  0.112235  -60
11520  0.11123  -60
11525  0.110234  -60
11530  0.109247  -60
11535  0.108269  -60
11540  0.1073  -60
11545  0.10634  -60
11550  0.105388  -60
11555  0.104444  -60
11560  0.103509  -60
11565  0.102583  -60
11570  0.101664  -60
11575  0.100754  -60
11580  0.0998523  -60
11585  0.0989585  -60
11590  0.0980727  -60
11595  0.0971948  -60
11600  0.0963248  -60
11605  0.0954626  -60
11610  0.0946081  -60
11615  0.0937613  -60
11620  0.0929221  -60
11625  0.0920904  -60
11630  0.0912662  -60
11635  0.0904493  -60
11640  0.0896398  -60
11645  0.0888375  -60
11650  0.0880425  -60
11655  0.0872545  -60
11660  0.0864736  -60
11665  0.0856997  -60
11670  0.0849328  -60
11675  0.0841727  -60
11680  0.0834195  -60
11685  0.082673  -60
11690  0.0819331  -60
11695  0.0812  -60
11700  0.0804734  -60
11705  0.0797533  -60
11710  0.0790396  -60
11715  0.0783324  -60
11720  0.0776315  -60
11725  0.0769369  -60
11730  0.0762485  -60
11735  0.0755662  -60
11740  0.0748901  -60
11745  0.0742201  -60
11750  0.073556  -60
11755  0.072898  -60
11760  0.0722458  -60
11765  0.0715994  -60
11770  0.0709589  -60
11775  0.0703241  -60
11780  0.069695  -60
11785  0.0690715  -60
11790  0.0684536  -60
11795  0.0678413  -60
11800  0.0672344  -60
11805  0.066633  -60
11810  0.066037  -60
11815  0.0654463  -60
11820  0.0648609  -60
11825  0.0642808  -60
11830  0.0637058  -60
11835  0.0631361  -60
11840  0.0625714  -60
11845  0.0620118  -60
11850  0.0614572  -60
11855  0.0609075  -60
11860  0.0603628  -60
11865  0.059823  -60
11870  0.0592881  -60
11875  0.0587579  -60
11880  0.0582324  -60
11885  0.0577117  -60
11890  0.0571957  -60
11895  0.0566843  -60
11900  0.0561774  -60
11905  0.0556751  -60
11910  0.0551773  -60
11915  0.054684  -60
11920  0.0541951  -60
11925  0.0537106  -60
11930  0.0532304  -60
11935  0.0527545  -60
11940  0.0522829  -60
11945  0.0518155  -60
11950  0.0513523  -60
11955  0.0508933  -60
11960  0.0504384  -60
11965  0.0499875  -60
11970  0.0495407  -60
11975  0.0490979  -60
11980  0.0486591  -60
11985  0.0482242  -60
11990  0.0477932  -60
11995  0.0473661  -60
12000  0.0469428  -60
12005  0.0465232  -60
12010  0.0461075  -60
12015  0.0456955  -60
12020  0.0452871  -60
12025  0.0448825  -60
12030  0.0444814  -60
12035  0.044084  -60
12040  0.0436901  -60
12045  0.0432998  -60
12050  0.0429129  -60
12055  0.0425295  -60
12060  0.0421496  -60
12065  0.041773  -60
12070  0.0413999  -60
12075  0.04103  -60
12080  0.0406635  -60
12085  0.0403003  -60
12090  0.0399404  -60
12095  0.0395836  -60
12100  0.0392301  -60
12105  0.0388797  -60
12110  0.0385325  -60
12115  0.0381884  -60
12120  0.0378473  -60
12125  0.0375094  -60
12130  0.0371744  -60
12135  0.0368425  -60
12140  0.0365135  -60
12145  0.0361875  -60
12150  0.0358644  -60
12155  0.0355442  -60
12160  0.0352269  -60
12165  0.0349124  -60
12170  0.0346007  -60
12175  0.0342919  -60
12180  0.0339857  -60
12185  0.0336824  -60
12190  0.0333818  -60
12195  0.0330838  -60
12200  0.0327885  -60
12205  0.0324959  -60
12210  0.0322059  -60
12215  0.0319185  -60
12220  0.0316337  -60
12225  0.0313514  -60
12230  0.0310717  -60
12235  0.0307944  -60
12240  0.0305197  -60
12245  0.0302474  -60
12250  0.0299776  -60
12255  0.0297101  -60
12260  0.0294451  -60
12265  0.0291825  -60
12270  0.0289222  -60
12275  0.0286642  -60
12280  0.0284085  -60
12285  0.0281552  -60
12290  0.0279041  -60
12295  0.0276553  -60
12300  0.0274087  -60
12305  0.0271643  -60
12310  0.0269221  -60
12315  0.026682  -60
12320  0.0264441  -60
12325  0.0262084  -60
12330  0.0259747  -60
12335  0.0257432  -60
12340  0.0255137  -60
12345  0.0252863  -60
12350  0.025061  -60
12355  0.0248376  -60
12360  0.0246163  -60
12365  0.0243969  -60
12370  0.0241795  -60
12375  0.0239641  -60
12380  0.0237505  -60
12385  0.0235389  -60
12390  0.0233292  -60
12395  0.0231214  -60
12400  0.0229154  -60
12405  0.0227113  -60
12410  0.022509  -60
12415  0.0223086  -60
12420  0.0221099  -60
12425  0.021913  -60
12430  0.0217179  -60
12435  0.0215245  -60
12440  0.0213328  -60
12445  0.0211429  -60
12450  0.0209547  -60
12455  0.0207681  -60
12460  0.0205833  -60
12465  0.0204001  -60
12470  0.0202185  -60
12475  0.0200385  -60
12480  0.0198602  -60
12485  0.0196835  -60
12490  0.0195083  -60
12495  0.0193348  -60
12500  0.0191628  -60
12505  0.0189923  -60
12510  0.0188233  -60
12515  0.0186559  -60
12520  0.01849  -60
12525  0.0183255  -60
12530  0.0181626  -60
12535  0.018001  -60
12540  0.017841  -60
12545  0.0176824  -60
12550  0.0175252  -60
12555  0.0173694  -60
12560  0.017215  -60
12565  0.0170619  -60
12570  0.0169103  -60
12575  0.01676  -60
12580  0.0166111  -60
12585  0.0164635  -60
12590  0.0163172  -60
12595  0.0161722  -60
12600  0.0160286  -60
12605  0.0158862  -60
12610  0.0157451  -60
12615  0.0156052  -60
12620  0.0154667  -60
12625  0.0153293  -60
12630  0.0151932  -60
12635  0.0150583  -60
12640  0.0149246  -60
12645  0.0147922  -60
12650  0.0146609  -60
12655  0.0145307  -60
12660  0.0144018  -60
12665  0.014274  -60
12670  0.0141473  -60
12675  0.0140218  -60
12680  0.0138974  -60
12685  0.0137742  -60
12690  0.013652  -60
12695  0.0135309  -60
12700  0.0134109  -60
12705  0.013292  -60
12710  0.0131742  -60
12715  0.0130574  -60
12720  0.0129416  -60
12725  0.0128269  -60
12730  0.0127132  -60
12735  0.0126006  -60
12740  0.0124889  -60
12745  0.0123783  -60
12750  0.0122686  -60
12755  0.01216  -60
12760  0.0120523  -60
12765  0.0119455  -60
12770  0.0118398  -60
12775  0.0117349  -60
12780  0.011631  -60
12785  0.0115281  -60
12790  0.011426  -60
12795  0.0113249  -60
12800  0.0112247  -60
12805  0.0111254  -60
12810  0.011027  -60
12815  0.0109294  -60
12820  0.0108328  -60
12825  0.010737  -60
12830  0.010642  -60
12835  0.0105479  -60
12840  0.0104547  -60
12845  0.0103623  -60
12850  0.0102707  -60
12855  0.0101799  -60
12860  0.01009  -60
12865  0.0100008  -60
12870  0.00991248  -60
12875  0.00982493  -60
12880  0.00973816  -60
12885  0.00965218  -60
12890  0.00956696  -60
12895  0.0094825  -60
12900  0.00939881  -60
12905  0.00931586  -60
12910  0.00923366  -60
12915  0.00915219  -60
12920  0.00907145  -60
12925  0.00899144  -60
12930  0.00891215  -60
12935  0.00883356  -60
12940  0.00875568  -60
12945  0.0086785  -60
12950  0.00860201  -60
12955  0.00852621  -60
12960  0.00845109  -60
12965  0.00837663  -60
12970  0.00830285  -60
12975  0.00822973  -60
12980  0.00815726  -60
12985  0.00808545  -60
12990  0.00801427  -60
12995  0.00794374  -60
13000  0.00787384  -60
13005  0.00780456  -60
13010  0.0077359  -60
13015  0.00766786  -60
13020  0.00760043  -60
13025  0.00753361  -60
13030  0.00746738  -60
13035  0.00740175  -60
13040  0.00733671  -60
13045  0.00727225  -60
13050  0.00720836  -60
13055  0.00714505  -60
13060  0.00708231  -60
13065  0.00702013  -60
13070  0.00695851  -60
13075  0.00689744  -60
13080  0.00683691  -60
13085  0.00677693  -60
13090  0.00671749  -60
13095  0.00665858  -60
13100  0.0066002  -60
13105  0.00654234  -60
13110  0.006485  -60
13115  0.00642817  -60
13120  0.00637186  -60
13125  0.00631605  -60
13130  0.00626073  -60
13135  0.00620592  -60
13140  0.0061516  -60
13145  0.00609776  -60
13150  0.0060444  -60
13155  0.00599153  -60
13160  0.00593913  -60
13165  0.00588719  -60
13170  0.00583573  -60
13175  0.00578472  -60
13180  0.00573417  -60
13185  0.00568408  -60
13190  0.00563443  -60
13195  0.00558523  -60
13200  0.00553647  -60
13205  0.00548815  -60
13210  0.00544026  -60
13215  0.0053928  -60
13220  0.00534577  -60
13225  0.00529915  -60
13230  0.00525296  -60
13235  0.00520718  -60
13240  0.00516181  -60
13245  0.00511684  -60
13250  0.00507228  -60
13255  0.00502812  -60
13260  0.00498435  -60
13265  0.00494098  -60
13270  0.004898  -60
13275  0.0048554  -60
13280  0.00481318  -60
13285  0.00477134  -60
13290  0.00472988  -60
13295  0.00468879  -60
13300  0.00464806  -60
13305  0.0046077  -60
13310  0.00456771  -60
13315  0.00452807  -60
13320  0.00448879  -60
13325  0.00444985  -60
13330  0.00441127  -60
13335  0.00437304  -60
13340  0.00433514  -60
13345  0.00429759  -60
13350  0.00426037  -60
13355  0.00422349  -60
13360  0.00418694  -60
13365  0.00415071  -60
13370  0.00411481  -60
13375  0.00407924  -60
13380  0.00404398  -60
13385  0.00400903  -60
13390  0.0039744  -60
13395  0.00394008  -60
13400  0.00390607  -60
13405  0.00387237  -60
13410  0.00383896  -60
13415  0.00380585  -60
13420  0.00377305  -60
13425  0.00374053  -60
13430  0.00370831  -60
13435  0.00367638  -60
13440  0.00364473  -60
13445  0.00361336  -60
13450  0.00358228  -60
13455  0.00355148  -60
13460  0.00352095  -60
13465  0.00349069  -60
13470  0.00346071  -60
13475  0.003431  -60
13480  0.00340155  -60
13485  0.00337236  -60
13490  0.00334344  -60
13495  0.00331478  -60
13500  0.00328637  -60
13505  0.00325822  -60
13510  0.00323032  -60
13515  0.00320267  -60
13520  0.00317527  -60
13525  0.00314811  -60
13530  0.0031212  -60
13535  0.00309453  -60
13540  0.0030681  -60
13545  0.0030419  -60
13550  0.00301594  -60
13555  0.00299022  -60
13560  0.00296472  -60
13565  0.00293945  -60
13570  0.00291441  -60
13575  0.00288959  -60
13580  0.002865  -60
13585  0.00284062  -60
13590  0.00281647  -60
13595  0.00279253  -60
13600  0.00276881  -60
13605  0.00274529  -60
13610  0.00272199  -60
13615  0.0026989  -60
13620  0.00267601  -60
13625  0.00265333  -60
13630  0.00263086  -60
13635  0.00260858  -60
13640  0.00258651  -60
13645  0.00256463  -60
13650  0.00254295  -60
13655  0.00252146  -60
13660  0.00250017  -60
13665  0.00247906  -60
13670  0.00245815  -60
13675  0.00243742  -60
13680  0.00241688  -60
13685  0.00239652  -60
13690  0.00237635  -60
13695  0.00235635  -60
13700  0.00233654  -60
13705  0.0023169  -60
13710  0.00229744  -60
13715  0.00227816  -60
13720  0.00225904  -60
13725  0.0022401  -60
13730  0.00222133  -60
13735  0.00220272  -60
13740  0.00218429  -60
13745  0.00216602  -60
13750  0.00214791  -60
13755  0.00212996  -60
13760  0.00211218  -60
13765  0.00209455  -60
13770  0.00207708  -60
13775  0.00205977  -60
13780  0.00204262  -60
13785  0.00202561  -60
13790  0.00200877  -60
13795  0.00199207  -60
13800  0.00197552  -60
13805  0.00195912  -60
13810  0.00194286  -60
13815  0.00192676  -60
13820  0.00191079  -60
13825  0.00189497  -60
13830  0.00187929  -60
13835  0.00186376  -60
13840  0.00184836  -60
13845  0.0018331  -60
13850  0.00181797  -60
13855  0.00180299  -60
13860  0.00178813  -60
13865  0.00177341  -60
13870  0.00175882  -60
13875  0.00174437  -60
13880  0.00173004  -60
13885  0.00171584  -60
13890  0.00170176  -60
13895  0.00168782  -60
13900  0.001674  -60
13905  0.0016603  -60
13910  0.00164672  -60
13915  0.00163327  -60
13920  0.00161994  -60
13925  0.00160673  -60
13930  0.00159363  -60
13935  0.00158066  -60
13940  0.00156779  -60
13945  0.00155505  -60
13950  0.00154242  -60
13955  0.0015299  -60
13960  0.00151749  -60
13965  0.0015052  -60
13970  0.00149302  -60
13975  0.00148094  -60
13980  0.00146897  -60
13985  0.00145711  -60
13990  0.00144536  -60
13995  0.00143371  -60
14000  0.00142217  -60
14005  0.00141073  -60
14010  0.00139939  -60
14015  0.00138816  -60
14020  0.00137702  -60
14025  0.00136599  -60
14030  0.00135505  -60
14035  0.00134421  -60
14040  0.00133347  -60
14045  0.00132283  -60
14050  0.00131228  -60
14055  0.00130182  -60
14060  0.00129146  -60
14065  0.00128119  -60
14070  0.00127102  -60
14075  0.00126093  -60
14080  0.00125094  -60
14085  0.00124103  -60
14090  0.00123122  -60
14095  0.00122149  -60
14100  0.00121185  -60
14105  0.00120229  -60
14110  0.00119282  -60
14115  0.00118344  -60
14120  0.00117414  -60
14125  0.00116492  -60
14130  0.00115579  -60
14135  0.00114674  -60
14140  0.00113777  -60
14145  0.00112888  -60
14150  0.00112007  -60
14155  0.00111133  -60
14160  0.00110268  -60
14165  0.00109411  -60
14170  0.00108561  -60
14175  0.00107718  -60
14180  0.00106884  -60
14185  0.00106056  -60
14190  0.00105237  -60
14195  0.00104424  -60
14200  0.00103619  -60
14205  0.00102821  -60
14210  0.0010203  -60
14215  0.00101246  -60
14220  0.0010047  -60
14225  0.000996998  -60
14230  0.00098937  -60
14235  0.00098181  -60
14240  0.000974318  -60
14245  0.000966892  -60
14250  0.000959534  -60
14255  0.000952241  -60
14260  0.000945014  -60
14265  0.000937852  -60
14270  0.000930753  -60
14275  0.000923719  -60
14280  0.000916747  -60
14285  0.000909838  -60
14290  0.000902991  -60
14295  0.000896205  -60
14300  0.00088948  -60
14305  0.000882816  -60
14310  0.000876211  -60
14315  0.000869665  -60
14320  0.000863178  -60
14325  0.000856749  -60
14330  0.000850378  -60
14335  0.000844064  -60
14340  0.000837807  -60
14345  0.000831605  -60
14350  0.000825459  -60
14355  0.000819369  -60
14360  0.000813333  -60
14365  0.000807351  -60
14370  0.000801422  -60
14375  0.000795547  -60
14380  0.000789724  -60
14385  0.000783954  -60
14390  0.000778235  -60
14395  0.000772568  -60
14400  0.000766951  -60
14405  0.000761385  -60
14410  0.000755869  -60
14415  0.000750402  -60
14420  0.000744984  -60
14425  0.000739615  -60
14430  0.000734294  -60
14435  0.00072902  -60
14440  0.000723794  -60
14445  0.000718615  -60
14450  0.000713482  -60
14455  0.000708395  -60
14460  0.000703354  -60
14465  0.000698358  -60
14470  0.000693406  -60
14475  0.0006885  -60
14480  0.000683637  -60
14485  0.000678817  -60
14490  0.000674041  -60
14495  0.000669308  -60
14500  0.000664617  -60
14505  0.000659968  -60
14510  0.000655361  -60
14515  0.000650795  -60
14520  0.00064627  -60
14525  0.000641786  -60
14530  0.000637342  -60
14535  0.000632937  -60
14540  0.000628573  -60
14545  0.000624247  -60
14550  0.00061996  -60
14555  0.000615711  -60
14560  0.000611501  -60
14565  0.000607328  -60
14570  0.000603193  -60
14575  0.000599095  -60
14580  0.000595033  -60
14585  0.000591008  -60
14590  0.000587019  -60
14595  0.000583066  -60
14600  0.000579148  -60
14605  0.000575266  -60
14610  0.000571418  -60
14615  0.000567605  -60
14620  0.000563825  -60
14625  0.00056008  -60
14630  0.000556368  -60
14635  0.00055269  -60
14640  0.000549045  -60
14645  0.000545432  -60
14650  0.000541851  -60
14655  0.000538303  -60
14660  0.000534787  -60
14665  0.000531302  -60
14670  0.000527848  -60
14675  0.000524425  -60
14680  0.000521033  -60
14685  0.000517671  -60
14690  0.00051434  -60
14695  0.000511038  -60
14700  0.000507766  -60
14705  0.000504523  -60
14710  0.00050131  -60
14715  0.000498125  -60
14720  0.000494969  -60
14725  0.000491841  -60
14730  0.000488741  -60
14735  0.000485668  -60
14740  0.000482624  -60
14745  0.000479606  -60
14750  0.000476616  -60
14755  0.000473653  -60
14760  0.000470716  -60
14765  0.000467805  -60
14770  0.000464921  -60
14775  0.000462062  -60
14780  0.000459229  -60
14785  0.000456421  -60
14790  0.000453639  -60
14795  0.000450881  -60
14800  0.000448149  -60
14805  0.00044544  -60
14810  0.000442756  -60
14815  0.000440096  -60
14820  0.00043746  -60
14825  0.000434848  -60
14830  0.000432259  -60
14835  0.000429693  -60
14840  0.00042715  -60
14845  0.00042463  -60
14850  0.000422132  -60
14855  0.000419657  -60
14860  0.000417204  -60
14865  0.000414774  -60
14870  0.000412364  -60
14875  0.000409977  -60
14880  0.000407611  -60
14885  0.000405266  -60
14890  0.000402942  -60
14895  0.000400639  -60
14900  0.000398357  -60
14905  0.000396095  -60
14910  0.000393853  -60
14915  0.000391632  -60
14920  0.00038943  -60
14925  0.000387248  -60
14930  0.000385086  -60
14935  0.000382943  -60
14940  0.000380819  -60
14945  0.000378714  -60
14950  0.000376628  -60
14955  0.000374561  -60
14960  0.000372513  -60
