0.005  2.32231e-17  -80
5.005  1.38277e-09  -80
10.005  5.31434e-09  -80
15.005  1.13477e-08  -80
20.005  1.91055e-08  -80
25.005  2.82699e-08  -80
30.005  3.85728e-08  -80
35.005  4.97874e-08  -80
40.005  6.17224e-08  -80
45.005  7.4216e-08  -80
50.005  8.71313e-08  -80
55.005  1.00353e-07  -80
60.005  1.13783e-07  -80
65.005  1.27339e-07  -80
70.005  1.40952e-07  -80
75.005  1.54564e-07  -80
80.005  1.68127e-07  -80
85.005  1.81599e-07  -80
90.005  1.94947e-07  -80
95.005  2.08143e-07  -80
100.005  2.21164e-07  -80
105.005  2.33992e-07  -80
110.005  2.46612e-07  -80
115.005  2.59012e-07  -80
120.005  2.71184e-07  -80
125.005  2.83119e-07  -80
130.005  2.94815e-07  -80
135.005  3.06266e-07  -80
140.005  3.17472e-07  -80
145.005  3.28432e-07  -80
150.005  3.39145e-07  -80
155.005  3.49614e-07  -80
160.005  3.5984e-07  -80
165.005  3.69825e-07  -80
170.005  3.79573e-07  -80
175.005  3.89086e-07  -80
180.005  3.98367e-07  -80
185.005  4.07422e-07  -80
190.005  4.16254e-07  -80
195.005  4.24866e-07  -80
200.005  4.33264e-07  -80
205.005  4.41452e-07  -80
210.005  4.49433e-07  -80
215.005  4.57213e-07  -80
220.005  4.64796e-07  -80
225.005  4.72187e-07  -80
230.005  4.79389e-07  -80
235.005  4.86408e-07  -80
240.005  4.93247e-07  -80
245.005  4.99911e-07  -80
250.005  5.06404e-07  -80
255.005  5.1273e-07  -80
260.005  5.18893e-07  -80
265.005  5.24898e-07  -80
270.005  5.30748e-07  -80
275.005  5.36447e-07  -80
280.005  5.41999e-07  -80
285.005  5.47407e-07  -80
290.005  5.52676e-07  -80
295.005  5.57809e-07  -80
300.005  5.62808e-07  -80
305.005  5.67679e-07  -80
310.005  5.72423e-07  -80
315.005  5.77044e-07  -80
320.005  5.81546e-07  -80
325.005  5.85931e-07  -80
330.005  5.90202e-07  -80
335.005  5.94363e-07  -80
340.005  5.98416e-07  -80
345.005  6.02363e-07  -80
350.005  6.06209e-07  -80
355.005  6.09954e-07  -80
360.005  6.13603e-07  -80
365.005  6.17156e-07  -80
370.005  6.20618e-07  -80
375.005  6.23989e-07  -80
380.005  6.27274e-07  -80
385.005  6.30473e-07  -80
390.005  6.33589e-07  -80
395.005  6.36624e-07  -80
400.005  6.3958e-07  -80
405.005  6.4246e-07  -80
410.005  6.45264e-07  -80
415.005  6.47996e-07  -80
420.005  6.50658e-07  -80
425.005  6.5325e-07  -80
430.005  6.55774e-07  -80
435.005  6.58234e-07  -80
440.005  6.60629e-07  -80
445.005  6.62962e-07  -80
450.005  6.65235e-07  -80
455.005  6.67448e-07  -80
460.005  6.69605e-07  -80
465.005  6.71705e-07  -80
470.005  6.7375e-07  -80
475.005  6.75743e-07  -80
480.005  6.77684e-07  -80
485.005  6.79574e-07  -80
490.005  6.81415e-07  -80
495.005  6.83209e-07  -80
500.005  6.84956e-07  -80
505.005  6.86658e-07  -80
510.005  6.88315e-07  -80
515.005  6.89929e-07  -80
520.005  6.91502e-07  -80
525.005  6.93034e-07  -80
530.005  6.94525e-07  -80
535.005  6.95979e-07  -80
540.005  6.97394e-07  -80
545.005  6.98773e-07  -80
550.005  7.00116e-07  -80
555.005  7.01424e-07  -80
560.005  7.02698e-07  -80
565.005  7.03939e-07  -80
570.005  7.05147e-07  -80
575.005  7.06325e-07  -80
580.005  7.07472e-07  -80
585.005  7.08589e-07  -80
590.005  7.09677e-07  -80
595.005  7.10737e-07  -80
600.005  7.11769e-07  -80
605.005  7.12774e-07  -80
610.005  7.13754e-07  -80
615.005  7.14708e-07  -80
620.005  7.15637e-07  -80
625.005  7.16542e-07  -80
630.005  7.17423e-07  -80
635.005  7.18282e-07  -80
640.005  7.19118e-07  -80
645.005  7.19933e-07  -80
650.005  7.20727e-07  -80
655.005  7.215e-07  -80
660.005  7.22252e-07  -80
665.005  7.22986e-07  -80
670.005  7.237e-07  -80
675.005  7.24396e-07  -80
680.005  7.25073e-07  -80
685.005  7.25733e-07  -80
690.005  7.26376e-07  -80
695.005  7.27002e-07  -80
700.005  7.27612e-07  -80
705.005  7.28207e-07  -80
710.005  7.28785e-07  -80
715.005  7.29349e-07  -80
720.005  7.29898e-07  -80
725.005  7.30433e-07  -80
730.005  7.30954e-07  -80
735.005  7.31461e-07  -80
740.005  7.31955e-07  -80
745.005  7.32437e-07  -80
750.005  7.32905e-07  -80
755.005  7.33362e-07  -80
760.005  7.33807e-07  -80
765.005  7.3424e-07  -80
770.005  7.34662e-07  -80
775.005  7.35073e-07  -80
780.005  7.35474e-07  -80
785.005  7.35864e-07  -80
790.005  7.36244e-07  -80
795.005  7.36614e-07  -80
800.005  7.36974e-07  -80
805.005  7.37325e-07  -80
810.005  7.37667e-07  -80
815.005  7.38e-07  -80
820.005  7.38325e-07  -80
825.005  7.38641e-07  -80
830.005  7.38949e-07  -80
835.005  7.39248e-07  -80
840.005  7.3954e-07  -80
845.005  7.39825e-07  -80
850.005  7.40102e-07  -80
855.005  7.40372e-07  -80
860.005  7.40635e-07  -80
865.005  7.40891e-07  -80
870.005  7.4114e-07  -80
875.005  7.41383e-07  -80
880.005  7.4162e-07  -80
885.005  7.4185e-07  -80
890.005  7.42074e-07  -80
895.005  7.42293e-07  -80
900.005  7.42506e-07  -80
905.005  7.42714e-07  -80
910.005  7.42916e-07  -80
915.005  7.43112e-07  -80
920.005  7.43304e-07  -80
925.005  7.43491e-07  -80
930.005  7.43673e-07  -80
935.005  7.4385e-07  -80
940.005  7.44022e-07  -80
945.005  7.4419e-07  -80
950.005  7.44354e-07  -80
955.005  7.44514e-07  -80
960.005  7.44669e-07  -80
965.005  7.4482e-07  -80
970.005  7.44968e-07  -80
975.005  7.45111e-07  -80
980.005  7.45251e-07  -80
985.005  7.45387e-07  -80
990.005  7.4552e-07  -80
995.005  7.45649e-07  -80
1000  7.45775e-07  -80
1005  7.45897e-07  -80
1010  7.46017e-07  -80
1015  7.46133e-07  -80
1020  7.46246e-07  -80
1025  7.46357e-07  -80
1030  7.46464e-07  -80
1035  7.46569e-07  -80
1040  7.46671e-07  -80
1045  7.4677e-07  -80
1050  7.46867e-07  -80
1055  7.46961e-07  -80
1060  7.47053e-07  -80
1065.01  7.47142e-07  -80
1070.01  7.47229e-07  -80
1075.01  7.47314e-07  -80
1080.01  7.47397e-07  -80
1085.01  7.47477e-07  -80
1090.01  7.47556e-07  -80
1095.01  7.47632e-07  -80
1100.01  7.47706e-07  -80
1105.01  7.47779e-07  -80
1110.01  7.47849e-07  -80
1115.01  7.47918e-07  -80
1120.01  7.47985e-07  -80
1125.01  7.4805e-07  -80
1130.01  7.48114e-07  -80
1135.01  7.48175e-07  -80
1140.01  7.48236e-07  -80
1145.01  7.48294e-07  -80
1150.01  7.48352e-07  -80
1155.01  7.48407e-07  -80
1160.01  7.48461e-07  -80
1165.01  7.48514e-07  -80
1170.01  7.48566e-07  -80
1175.01  7.48616e-07  -80
1180.01  7.48665e-07  -80
1185.01  7.48712e-07  -80
1190.01  7.48758e-07  -80
1195.01  7.48804e-07  -80
1200.01  7.48848e-07  -80
1205.01  7.4889e-07  -80
1210.01  7.48932e-07  -80
1215.01  7.48973e-07  -80
1220.01  7.49012e-07  -80
1225.01  7.49051e-07  -80
1230.01  7.49088e-07  -80
1235.01  7.49125e-07  -80
1240.01  7.4916e-07  -80
1245.01  7.49195e-07  -80
1250.01  7.49229e-07  -80
1255.01  7.49262e-07  -80
1260.01  7.49294e-07  -80
1265.01  7.49325e-07  -80
1270.01  7.49355e-07  -80
1275.01  7.49385e-07  -80
1280.01  7.49414e-07  -80
1285.01  7.49442e-07  -80
1290.01  7.49469e-07  -80
1295.01  7.49496e-07  -80
1300.01  7.49522e-07  -80
1305.01  7.49547e-07  -80
1310.01  7.49572e-07  -80
1315.01  7.49596e-07  -80
1320.01  7.49619e-07  -80
1325.01  7.49642e-07  -80
1330.01  7.49664e-07  -80
1335.01  7.49686e-07  -80
1340.01  7.49707e-07  -80
1345.01  7.49727e-07  -80
1350.01  7.49747e-07  -80
1355.01  7.49767e-07  -80
1360.01  7.49786e-07  -80
1365.01  7.49804e-07  -80
1370.01  7.49822e-07  -80
1375.01  7.49839e-07  -80
1380.01  7.49857e-07  -80
1385.01  7.49873e-07  -80
1390.01  7.49889e-07  -80
1395.01  7.49905e-07  -80
1400.01  7.4992e-07  -80
1405.01  7.49935e-07  -80
1410.01  7.4995e-07  -80
1415.01  7.49964e-07  -80
1420.01  7.49978e-07  -80
1425.01  7.49991e-07  -80
1430.01  7.50004e-07  -80
1435.01  7.50017e-07  -80
1440.01  7.5003e-07  -80
1445.01  7.50042e-07  -80
1450.01  7.50054e-07  -80
1455.01  7.50065e-07  -80
1460.01  7.50076e-07  -80
1465.01  7.50087e-07  -80
1470.01  7.50098e-07  -80
1475.01  7.50108e-07  -80
1480.01  7.50118e-07  -80
1485.01  7.50128e-07  -80
1490.01  7.50137e-07  -80
1495.01  7.50147e-07  -80
1500.01  7.50156e-07  -80
1505.01  7.50165e-07  -80
1510.01  7.50173e-07  -80
1515.01  7.50182e-07  -80
1520.01  7.5019e-07  -80
1525.01  7.50198e-07  -80
1530.01  7.50206e-07  -80
1535.01  7.50213e-07  -80
1540.01  7.5022e-07  -80
1545.01  7.50228e-07  -80
1550.01  7.50235e-07  -80
1555.01  7.50241e-07  -80
1560.01  7.50248e-07  -80
1565.01  7.50254e-07  -80
1570.01  7.50261e-07  -80
1575.01  7.50267e-07  -80
1580.01  7.50273e-07  -80
1585.01  7.50278e-07  -80
1590.01  7.50284e-07  -80
1595.01  7.5029e-07  -80
1600.01  7.50295e-07  -80
1605.01  7.503e-07  -80
1610.01  7.50305e-07  -80
1615.01  7.5031e-07  -80
1620.01  7.50315e-07  -80
1625.01  7.5032e-07  -80
1630.01  7.50324e-07  -80
1635.01  7.50329e-07  -80
1640.01  7.50333e-07  -80
1645.01  7.50337e-07  -80
1650.01  7.50341e-07  -80
1655.01  7.50345e-07  -80
1660.01  7.50349e-07  -80
1665.01  7.50353e-07  -80
1670.01  7.50357e-07  -80
1675.01  7.50361e-07  -80
1680.01  7.50364e-07  -80
1685.01  7.50367e-07  -80
1690.01  7.50371e-07  -80
1695.01  7.50374e-07  -80
1700.01  7.50377e-07  -80
1705.01  7.5038e-07  -80
1710.01  7.50383e-07  -80
1715.01  7.50386e-07  -80
1720.01  7.50389e-07  -80
1725.01  7.50392e-07  -80
1730.01  7.50395e-07  -80
1735.01  7.50397e-07  -80
1740.01  7.504e-07  -80
1745.01  7.50402e-07  -80
1750.01  7.50405e-07  -80
1755.01  7.50407e-07  -80
1760.01  7.50409e-07  -80
1765.01  7.50412e-07  -80
1770.01  7.50414e-07  -80
1775.01  7.50416e-07  -80
1780.01  7.50418e-07  -80
1785.01  7.5042e-07  -80
1790.01  7.50422e-07  -80
1795.01  7.50424e-07  -80
1800.01  7.50426e-07  -80
1805.01  7.50428e-07  -80
1810.01  7.50429e-07  -80
1815.01  7.50431e-07  -80
1820.01  7.50433e-07  -80
1825.01  7.50434e-07  -80
1830.01  7.50436e-07  -80
1835.01  7.50438e-07  -80
1840.01  7.50439e-07  -80
1845.01  7.50441e-07  -80
1850.01  7.50442e-07  -80
1855.01  7.50443e-07  -80
1860.01  7.50445e-07  -80
1865.01  7.50446e-07  -80
1870.01  7.50447e-07  -80
1875.01  7.50449e-07  -80
1880.01  7.5045e-07  -80
1885.01  7.50451e-07  -80
1890.01  7.50452e-07  -80
1895.01  7.50453e-07  -80
1900.01  7.50454e-07  -80
1905.01  7.50456e-07  -80
1910.01  7.50457e-07  -80
1915.01  7.50458e-07  -80
1920.01  7.50459e-07  -80
1925.01  7.5046e-07  -80
1930.01  7.50461e-07  -80
1935.01  7.50461e-07  -80
1940.01  7.50462e-07  -80
1945.01  7.50463e-07  -80
1950.01  7.50464e-07  -80
1955.01  7.50465e-07  -80
1960.01  7.50466e-07  -80
1965.01  7.50466e-07  -80
1970.01  7.50467e-07  -80
1975.01  7.50468e-07  -80
1980.01  7.50469e-07  -80
1985.01  7.50469e-07  -80
1990.01  7.5047e-07  -80
1995.01  7.50471e-07  -80
2000.01  7.50471e-07  -80
2005.01  7.50472e-07  -80
2010.01  7.50473e-07  -80
2015.01  7.50473e-07  -80
2020.01  7.50474e-07  -80
2025.01  7.50474e-07  -80
2030.01  7.50475e-07  -80
2035.01  7.50476e-07  -80
2040.01  7.50476e-07  -80
2045.01  7.50477e-07  -80
2050.01  7.50477e-07  -80
2055.01  7.50478e-07  -80
2060.01  7.50478e-07  -80
2065.01  7.50479e-07  -80
2070.01  7.50479e-07  -80
2075.01  7.50479e-07  -80
2080.01  7.5048e-07  -80
2085.01  7.5048e-07  -80
2090.01  7.50481e-07  -80
2095.01  7.50481e-07  -80
2100.01  7.50481e-07  -80
2105.01  7.50482e-07  -80
2110.01  7.50482e-07  -80
2115.01  7.50483e-07  -80
2120.01  7.50483e-07  -80
2125.01  7.50483e-07  -80
2130.01  7.50484e-07  -80
2135.01  7.50484e-07  -80
2140.01  7.50484e-07  -80
2145.01  7.50485e-07  -80
2150.01  7.50485e-07  -80
2155.01  7.50485e-07  -80
2160.01  7.50485e-07  -80
2165.01  7.50486e-07  -80
2170.01  7.50486e-07  -80
2175.01  7.50486e-07  -80
2180.01  7.50486e-07  -80
2185.01  7.50487e-07  -80
2190.01  7.50487e-07  -80
2195.01  7.50487e-07  -80
2200.01  7.50487e-07  -80
2205.01  7.50488e-07  -80
2210.01  7.50488e-07  -80
2215.01  7.50488e-07  -80
2220.01  7.50488e-07  -80
2225.01  7.50488e-07  -80
2230.01  7.50489e-07  -80
2235.01  7.50489e-07  -80
2240.01  7.50489e-07  -80
2245.01  7.50489e-07  -80
2250.01  7.50489e-07  -80
2255.01  7.5049e-07  -80
2260.01  7.5049e-07  -80
2265.01  7.5049e-07  -80
2270.01  7.5049e-07  -80
2275.01  7.5049e-07  -80
2280.01  7.5049e-07  -80
2285.01  7.5049e-07  -80
2290.01  7.50491e-07  -80
2295.01  7.50491e-07  -80
2300.01  7.50491e-07  -80
2305.01  7.50491e-07  -80
2310.01  7.50491e-07  -80
2315.01  7.50491e-07  -80
2320.01  7.50491e-07  -80
2325.01  7.50492e-07  -80
2330.01  7.50492e-07  -80
2335.01  7.50492e-07  -80
2340.01  7.50492e-07  -80
2345.01  7.50492e-07  -80
2350.01  7.50492e-07  -80
2355.01  7.50492e-07  -80
2360.01  7.50492e-07  -80
2365.01  7.50492e-07  -80
2370.01  7.50492e-07  -80
2375.01  7.50493e-07  -80
2380.01  7.50493e-07  -80
2385.01  7.50493e-07  -80
2390.01  7.50493e-07  -80
2395.01  7.50493e-07  -80
2400.01  7.50493e-07  -80
2405.01  7.50493e-07  -80
2410.01  7.50493e-07  -80
2415.01  7.50493e-07  -80
2420.01  7.50493e-07  -80
2425.01  7.50493e-07  -80
2430.01  7.50493e-07  -80
2435.01  7.50493e-07  -80
2440.01  7.50494e-07  -80
2445.01  7.50494e-07  -80
2450.01  7.50494e-07  -80
2455.01  7.50494e-07  -80
2460.01  7.50494e-07  -80
2465.01  7.50494e-07  -80
2470.01  7.50494e-07  -80
2475.01  7.50494e-07  -80
2480.01  7.50494e-07  -80
2485.01  7.50494e-07  -80
2490.01  7.50494e-07  -80
2495.01  7.50494e-07  -80
2500.01  7.50494e-07  -80
2505.01  7.50494e-07  -80
2510.01  7.50494e-07  -80
2515.01  7.50494e-07  -80
2520.01  7.50494e-07  -80
2525.01  7.50494e-07  -80
2530.01  7.50494e-07  -80
2535.01  7.50494e-07  -80
2540.01  7.50495e-07  -80
2545.01  7.50495e-07  -80
2550.01  7.50495e-07  -80
2555.01  7.50495e-07  -80
2560.01  7.50495e-07  -80
2565.01  7.50495e-07  -80
2570.01  7.50495e-07  -80
2575.01  7.50495e-07  -80
2580.01  7.50495e-07  -80
2585.01  7.50495e-07  -80
2590.01  7.50495e-07  -80
2595.01  7.50495e-07  -80
2600.01  7.50495e-07  -80
2605.01  7.50495e-07  -80
2610.01  7.50495e-07  -80
2615.01  7.50495e-07  -80
2620.01  7.50495e-07  -80
2625.01  7.50495e-07  -80
2630.01  7.50495e-07  -80
2635.01  7.50495e-07  -80
2640.01  7.50495e-07  -80
2645.01  7.50495e-07  -80
2650.01  7.50495e-07  -80
2655.01  7.50495e-07  -80
2660.01  7.50495e-07  -80
2665.01  7.50495e-07  -80
2670.01  7.50495e-07  -80
2675.01  7.50495e-07  -80
2680.01  7.50495e-07  -80
2685.01  7.50495e-07  -80
2690.01  7.50495e-07  -80
2695.01  7.50495e-07  -80
2700.01  7.50495e-07  -80
2705.01  7.50495e-07  -80
2710.01  7.50495e-07  -80
2715.01  7.50495e-07  -80
2720.01  7.50495e-07  -80
2725.01  7.50495e-07  -80
2730.01  7.50495e-07  -80
2735.01  7.50495e-07  -80
2740.01  7.50495e-07  -80
2745.01  7.50495e-07  -80
2750.01  7.50495e-07  -80
2755.01  7.50495e-07  -80
2760.01  7.50495e-07  -80
2765.01  7.50496e-07  -80
2770.01  7.50496e-07  -80
2775.01  7.50496e-07  -80
2780.01  7.50496e-07  -80
2785.01  7.50496e-07  -80
2790.01  7.50496e-07  -80
2795.01  7.50496e-07  -80
2800.01  7.50496e-07  -80
2805.01  7.50496e-07  -80
2810.01  7.50496e-07  -80
2815.01  7.50496e-07  -80
2820.01  7.50496e-07  -80
2825.01  7.50496e-07  -80
2830.01  7.50496e-07  -80
2835.01  7.50496e-07  -80
2840.01  7.50496e-07  -80
2845.01  7.50496e-07  -80
2850.01  7.50496e-07  -80
2855.01  7.50496e-07  -80
2860.01  7.50496e-07  -80
2865.01  7.50496e-07  -80
2870.01  7.50496e-07  -80
2875.01  7.50496e-07  -80
2880.01  7.50496e-07  -80
2885.01  7.50496e-07  -80
2890.01  7.50496e-07  -80
2895.01  7.50496e-07  -80
2900.01  7.50496e-07  -80
2905.01  7.50496e-07  -80
2910.01  7.50496e-07  -80
2915.01  7.50496e-07  -80
2920.01  7.50496e-07  -80
2925.01  7.50496e-07  -80
2930.01  7.50496e-07  -80
2935.01  7.50496e-07  -80
2940.01  7.50496e-07  -80
2945.01  7.50496e-07  -80
2950.01  7.50496e-07  -80
2955.01  7.50496e-07  -80
2960.01  7.50496e-07  -80
2965.01  7.50496e-07  -80
2970.01  7.50496e-07  -80
2975.01  7.50496e-07  -80
2980.01  7.50496e-07  -80
2985.01  7.50496e-07  -80
2990.01  7.50496e-07  -80
2995.01  7.50496e-07  -80
3000.01  7.50496e-07  -80
3005.01  7.50496e-07  -80
3010.01  7.50496e-07  -80
3015.01  7.50496e-07  -80
3020.01  7.50496e-07  -80
3025.01  7.50496e-07  -80
3030.01  7.50496e-07  -80
3035.01  7.50496e-07  -80
3040.01  7.50496e-07  -80
3045.01  7.50496e-07  -80
3050.01  7.50496e-07  -80
3055.01  7.50496e-07  -80
3060.01  7.50496e-07  -80
3065.01  7.50496e-07  -80
3070.01  7.50496e-07  -80
3075.01  7.50496e-07  -80
3080.01  7.50496e-07  -80
3085.01  7.50496e-07  -80
3090.01  7.50496e-07  -80
3095.01  7.50496e-07  -80
3100.01  7.50496e-07  -80
3105.01  7.50496e-07  -80
3110.01  7.50496e-07  -80
3115.01  7.50496e-07  -80
3120.01  7.50496e-07  -80
3125.01  7.50496e-07  -80
3130.01  7.50496e-07  -80
3135.01  7.50496e-07  -80
3140.01  7.50496e-07  -80
3145.01  7.50496e-07  -80
3150.01  7.50496e-07  -80
3155.01  7.50496e-07  -80
3160.01  7.50496e-07  -80
3165.01  7.50496e-07  -80
3170.01  7.50496e-07  -80
3175.01  7.50496e-07  -80
3180.01  7.50496e-07  -80
3185.01  7.50496e-07  -80
3190.01  7.50496e-07  -80
3195.01  7.50496e-07  -80
3200.01  7.50496e-07  -80
3205.01  7.50496e-07  -80
3210.01  7.50496e-07  -80
3215.01  7.50496e-07  -80
3220.01  7.50496e-07  -80
3225.01  7.50496e-07  -80
3230.01  7.50496e-07  -80
3235.01  7.50496e-07  -80
3240.01  7.50496e-07  -80
3245.01  7.50496e-07  -80
3250.01  7.50496e-07  -80
3255.01  7.50496e-07  -80
3260.01  7.50496e-07  -80
3265.01  7.50496e-07  -80
3270.01  7.50496e-07  -80
3275.01  7.50496e-07  -80
3280.01  7.50496e-07  -80
3285.01  7.50496e-07  -80
3290.01  7.50496e-07  -80
3295.01  7.50496e-07  -80
3300.01  7.50496e-07  -80
3305.01  7.50496e-07  -80
3310.01  7.50496e-07  -80
3315.01  7.50496e-07  -80
3320.01  7.50496e-07  -80
3325.01  7.50496e-07  -80
3330.01  7.50496e-07  -80
3335.01  7.50496e-07  -80
3340.01  7.50496e-07  -80
3345.01  7.50496e-07  -80
3350.01  7.50496e-07  -80
3355.01  7.50496e-07  -80
3360.01  7.50496e-07  -80
3365.01  7.50496e-07  -80
3370.01  7.50496e-07  -80
3375.01  7.50496e-07  -80
3380.01  7.50496e-07  -80
3385.01  7.50496e-07  -80
3390.01  7.50496e-07  -80
3395.01  7.50496e-07  -80
3400.01  7.50496e-07  -80
3405.01  7.50496e-07  -80
3410.01  7.50496e-07  -80
3415.01  7.50496e-07  -80
3420.01  7.50496e-07  -80
3425.01  7.50496e-07  -80
3430.01  7.50496e-07  -80
3435.01  7.50496e-07  -80
3440.01  7.50496e-07  -80
3445.01  7.50496e-07  -80
3450.01  7.50496e-07  -80
3455.01  7.50496e-07  -80
3460.01  7.50496e-07  -80
3465.01  7.50496e-07  -80
3470.01  7.50496e-07  -80
3475.01  7.50496e-07  -80
3480.01  7.50496e-07  -80
3485.01  7.50496e-07  -80
3490.01  7.50496e-07  -80
3495.01  7.50496e-07  -80
3500.01  7.50496e-07  -80
3505.01  7.50496e-07  -80
3510.01  7.50496e-07  -80
3515.01  7.50496e-07  -80
3520.01  7.50496e-07  -80
3525.01  7.50496e-07  -80
3530.01  7.50496e-07  -80
3535.01  7.50496e-07  -80
3540.01  7.50496e-07  -80
3545.01  7.50496e-07  -80
3550.01  7.50496e-07  -80
3555.01  7.50496e-07  -80
3560.01  7.50496e-07  -80
3565.01  7.50496e-07  -80
3570.01  7.50496e-07  -80
3575.01  7.50496e-07  -80
3580.01  7.50496e-07  -80
3585.01  7.50496e-07  -80
3590.01  7.50496e-07  -80
3595.01  7.50496e-07  -80
3600.01  7.50496e-07  -80
3605.01  7.50496e-07  -80
3610.01  7.50496e-07  -80
3615.01  7.50496e-07  -80
3620.01  7.50496e-07  -80
3625.01  7.50496e-07  -80
3630.01  7.50496e-07  -80
3635.01  7.50496e-07  -80
3640.01  7.50496e-07  -80
3645.01  7.50496e-07  -80
3650.01  7.50496e-07  -80
3655.01  7.50496e-07  -80
3660.01  7.50496e-07  -80
3665.01  7.50496e-07  -80
3670.01  7.50496e-07  -80
3675.01  7.50496e-07  -80
3680.01  7.50496e-07  -80
3685.01  7.50496e-07  -80
3690.01  7.50496e-07  -80
3695.01  7.50496e-07  -80
3700.01  7.50496e-07  -80
3705.01  7.50496e-07  -80
3710.01  7.50496e-07  -80
3715.01  7.50496e-07  -80
3720.01  7.50496e-07  -80
3725.01  7.50496e-07  -80
3730.01  7.50496e-07  -80
3735.01  7.50496e-07  -80
3740.01  7.50496e-07  -80
3745.01  7.50496e-07  -80
3750.01  7.50496e-07  -80
3755.01  7.50496e-07  -80
3760.01  7.50496e-07  -80
3765.01  7.50496e-07  -80
3770.01  7.50496e-07  -80
3775.01  7.50496e-07  -80
3780.01  7.50496e-07  -80
3785.01  7.50496e-07  -80
3790.01  7.50496e-07  -80
3795.01  7.50496e-07  -80
3800.01  7.50496e-07  -80
3805.01  7.50496e-07  -80
3810.01  7.50496e-07  -80
3815.01  7.50496e-07  -80
3820.01  7.50496e-07  -80
3825.01  7.50496e-07  -80
3830.01  7.50496e-07  -80
3835.01  7.50496e-07  -80
3840.01  7.50496e-07  -80
3845.01  7.50496e-07  -80
3850.01  7.50496e-07  -80
3855.01  7.50496e-07  -80
3860.01  7.50496e-07  -80
3865.01  7.50496e-07  -80
3870.01  7.50496e-07  -80
3875.01  7.50496e-07  -80
3880.01  7.50496e-07  -80
3885.01  7.50496e-07  -80
3890.01  7.50496e-07  -80
3895.01  7.50496e-07  -80
3900.01  7.50496e-07  -80
3905.01  7.50496e-07  -80
3910.01  7.50496e-07  -80
3915.01  7.50496e-07  -80
3920.01  7.50496e-07  -80
3925.01  7.50496e-07  -80
3930.01  7.50496e-07  -80
3935.01  7.50496e-07  -80
3940.01  7.50496e-07  -80
3945.01  7.50496e-07  -80
3950.01  7.50496e-07  -80
3955.01  7.50496e-07  -80
3960.01  7.50496e-07  -80
3965.01  7.50496e-07  -80
3970.01  7.50496e-07  -80
3975.01  7.50496e-07  -80
3980.01  7.50496e-07  -80
3985.01  7.50496e-07  -80
3990.01  7.50496e-07  -80
3995.01  7.50496e-07  -80
4000.01  7.50496e-07  -80
4005.01  7.50496e-07  -80
4010.01  7.50496e-07  -80
4015.01  7.50496e-07  -80
4020.01  7.50496e-07  -80
4025.01  7.50496e-07  -80
4030.01  7.50496e-07  -80
4035.01  7.50496e-07  -80
4040.01  7.50496e-07  -80
4045.01  7.50496e-07  -80
4050.01  7.50496e-07  -80
4055.01  7.50496e-07  -80
4060.01  7.50496e-07  -80
4065.01  7.50496e-07  -80
4070.01  7.50496e-07  -80
4075.01  7.50496e-07  -80
4080.01  7.50496e-07  -80
4085.01  7.50496e-07  -80
4090.01  7.50496e-07  -80
4095.01  7.50496e-07  -80
4100.01  7.50496e-07  -80
4105.01  7.50496e-07  -80
4110.01  7.50496e-07  -80
4115.01  7.50496e-07  -80
4120.01  7.50496e-07  -80
4125.01  7.50496e-07  -80
4130.01  7.50496e-07  -80
4135.01  7.50496e-07  -80
4140.01  7.50496e-07  -80
4145.01  7.50496e-07  -80
4150.01  7.50496e-07  -80
4155.01  7.50496e-07  -80
4160.01  7.50496e-07  -80
4165.01  7.50496e-07  -80
4170.01  7.50496e-07  -80
4175.01  7.50496e-07  -80
4180.01  7.50496e-07  -80
4185.01  7.50496e-07  -80
4190.01  7.50496e-07  -80
4195.01  7.50496e-07  -80
4200.01  7.50496e-07  -80
4205.01  7.50496e-07  -80
4210.01  7.50496e-07  -80
4215.01  7.50496e-07  -80
4220.01  7.50496e-07  -80
4225.01  7.50496e-07  -80
4230.01  7.50496e-07  -80
4235.01  7.50496e-07  -80
4240.01  7.50496e-07  -80
4245.01  7.50496e-07  -80
4250.01  7.50496e-07  -80
4255.01  7.50496e-07  -80
4260.01  7.50496e-07  -80
4265.01  7.50496e-07  -80
4270.01  7.50496e-07  -80
4275.01  7.50496e-07  -80
4280.01  7.50496e-07  -80
4285.01  7.50496e-07  -80
4290.01  7.50496e-07  -80
4295.01  7.50496e-07  -80
4300.01  7.50496e-07  -80
4305.01  7.50496e-07  -80
4310.01  7.50496e-07  -80
4315.01  7.50496e-07  -80
4320.01  7.50496e-07  -80
4325.01  7.50496e-07  -80
4330.01  7.50496e-07  -80
4335.01  7.50496e-07  -80
4340.01  7.50496e-07  -80
4345.01  7.50496e-07  -80
4350.01  7.50496e-07  -80
4355.01  7.50496e-07  -80
4360.01  7.50496e-07  -80
4365.01  7.50496e-07  -80
4370.01  7.50496e-07  -80
4375.01  7.50496e-07  -80
4380.01  7.50496e-07  -80
4385.01  7.50496e-07  -80
4390.01  7.50496e-07  -80
4395.01  7.50496e-07  -80
4400.01  7.50496e-07  -80
4405.01  7.50496e-07  -80
4410.01  7.50496e-07  -80
4415.01  7.50496e-07  -80
4420.01  7.50496e-07  -80
4425.01  7.50496e-07  -80
4430.01  7.50496e-07  -80
4435.01  7.50496e-07  -80
4440.01  7.50496e-07  -80
4445.01  7.50496e-07  -80
4450.01  7.50496e-07  -80
4455.01  7.50496e-07  -80
4460.01  7.50496e-07  -80
4465.01  7.50496e-07  -80
4470.01  7.50496e-07  -80
4475.01  7.50496e-07  -80
4480.01  7.50496e-07  -80
4485.01  7.50496e-07  -80
4490.01  7.50496e-07  -80
4495.01  7.50496e-07  -80
4500.01  7.50496e-07  -80
4505.01  7.50496e-07  -80
4510.01  7.50496e-07  -80
4515.01  7.50496e-07  -80
4520.01  7.50496e-07  -80
4525.01  7.50496e-07  -80
4530.01  7.50496e-07  -80
4535.01  7.50496e-07  -80
4540.01  7.50496e-07  -80
4545.01  7.50496e-07  -80
4550.01  7.50496e-07  -80
4555.01  7.50496e-07  -80
4560.01  7.50496e-07  -80
4565.01  7.50496e-07  -80
4570.01  7.50496e-07  -80
4575.01  7.50496e-07  -80
4580.01  7.50496e-07  -80
4585.01  7.50496e-07  -80
4590.01  7.50496e-07  -80
4595.01  7.50496e-07  -80
4600.01  7.50496e-07  -80
4605.01  7.50496e-07  -80
4610.01  7.50496e-07  -80
4615.01  7.50496e-07  -80
4620.01  7.50496e-07  -80
4625.01  7.50496e-07  -80
4630.01  7.50496e-07  -80
4635.01  7.50496e-07  -80
4640.01  7.50496e-07  -80
4645.01  7.50496e-07  -80
4650.01  7.50496e-07  -80
4655.01  7.50496e-07  -80
4660.01  7.50496e-07  -80
4665.01  7.50496e-07  -80
4670.01  7.50496e-07  -80
4675.01  7.50496e-07  -80
4680.01  7.50496e-07  -80
4685.01  7.50496e-07  -80
4690.01  7.50496e-07  -80
4695.01  7.50496e-07  -80
4700.01  7.50496e-07  -80
4705.01  7.50496e-07  -80
4710.01  7.50496e-07  -80
4715.01  7.50496e-07  -80
4720.01  7.50496e-07  -80
4725.01  7.50496e-07  -80
4730.01  7.50496e-07  -80
4735.01  7.50496e-07  -80
4740.01  7.50496e-07  -80
4745.01  7.50496e-07  -80
4750.01  7.50496e-07  -80
4755.01  7.50496e-07  -80
4760.01  7.50496e-07  -80
4765.01  7.50496e-07  -80
4770.01  7.50496e-07  -80
4775.01  7.50496e-07  -80
4780.01  7.50496e-07  -80
4785.01  7.50496e-07  -80
4790.01  7.50496e-07  -80
4795.01  7.50496e-07  -80
4800.01  7.50496e-07  -80
4805.01  7.50496e-07  -80
4810.01  7.50496e-07  -80
4815.01  7.50496e-07  -80
4820.01  7.50496e-07  -80
4825.01  7.50496e-07  -80
4830.01  7.50496e-07  -80
4835.01  7.50496e-07  -80
4840.01  7.50496e-07  -80
4845.01  7.50496e-07  -80
4850.01  7.50496e-07  -80
4855.01  7.50496e-07  -80
4860.01  7.50496e-07  -80
4865.01  7.50496e-07  -80
4870.01  7.50496e-07  -80
4875.01  7.50496e-07  -80
4880.01  7.50496e-07  -80
4885.01  7.50496e-07  -80
4890.01  7.50496e-07  -80
4895.01  7.50496e-07  -80
4900.01  7.50496e-07  -80
4905.01  7.50496e-07  -80
4910.01  7.50496e-07  -80
4915.01  7.50496e-07  -80
4920.01  7.50496e-07  -80
4925.01  7.50496e-07  -80
4930.01  7.50496e-07  -80
4935.01  7.50496e-07  -80
4940.01  7.50496e-07  -80
4945.01  7.50496e-07  -80
4950.01  7.50496e-07  -80
4955.01  7.50496e-07  -80
4960.01  7.50496e-07  -80
4965.01  7.50496e-07  -80
4970.01  7.50496e-07  -80
4975.01  7.50496e-07  -80
4980.01  7.50496e-07  -80
4985.01  7.50496e-07  -80
4990.01  7.50496e-07  -80
4995.01  7.50496e-07  -80
5000.01  7.50496e-07  -80
5005.01  7.50496e-07  -80
5010.01  7.50496e-07  -80
5015.01  7.50496e-07  -80
5020.01  7.50496e-07  -80
5025.01  7.50496e-07  -80
5030.01  7.50496e-07  -80
5035.01  7.50496e-07  -80
5040.01  7.50496e-07  -80
5045.01  7.50496e-07  -80
5050.01  7.50496e-07  -80
5055.01  7.50496e-07  -80
5060.01  7.50496e-07  -80
5065.01  7.50496e-07  -80
5070.01  7.50496e-07  -80
5075.01  7.50496e-07  -80
5080.01  7.50496e-07  -80
5085.01  7.50496e-07  -80
5090.01  7.50496e-07  -80
5095.01  7.50496e-07  -80
5100.01  7.50496e-07  -80
5105.01  7.50496e-07  -80
5110.01  7.50496e-07  -80
5115.01  7.50496e-07  -80
5120.01  7.50496e-07  -80
5125.01  7.50496e-07  -80
5130.01  7.50496e-07  -80
5135.01  7.50496e-07  -80
5140.01  7.50496e-07  -80
5145.01  7.50496e-07  -80
5150.01  7.50496e-07  -80
5155.01  7.50496e-07  -80
5160.01  7.50496e-07  -80
5165.01  7.50496e-07  -80
5170.01  7.50496e-07  -80
5175.01  7.50496e-07  -80
5180.01  7.50496e-07  -80
5185.01  7.50496e-07  -80
5190.01  7.50496e-07  -80
5195.01  7.50496e-07  -80
5200.01  7.50496e-07  -80
5205.01  7.50496e-07  -80
5210.01  7.50496e-07  -80
5215.01  7.50496e-07  -80
5220.01  7.50496e-07  -80
5225.01  7.50496e-07  -80
5230.01  7.50496e-07  -80
5235.01  7.50496e-07  -80
5240.01  7.50496e-07  -80
5245.01  7.50496e-07  -80
5250.01  7.50496e-07  -80
5255.01  7.50496e-07  -80
5260.01  7.50496e-07  -80
5265.01  7.50496e-07  -80
5270.01  7.50496e-07  -80
5275.01  7.50496e-07  -80
5280.01  7.50496e-07  -80
5285.01  7.50496e-07  -80
5290.01  7.50496e-07  -80
5295.01  7.50496e-07  -80
5300.01  7.50496e-07  -80
5305.01  7.50496e-07  -80
5310.01  7.50496e-07  -80
5315.01  7.50496e-07  -80
5320.01  7.50496e-07  -80
5325.01  7.50496e-07  -80
5330.01  7.50496e-07  -80
5335.01  7.50496e-07  -80
5340.01  7.50496e-07  -80
5345.01  7.50496e-07  -80
5350.01  7.50496e-07  -80
5355.01  7.50496e-07  -80
5360.01  7.50496e-07  -80
5365.01  7.50496e-07  -80
5370.01  7.50496e-07  -80
5375.01  7.50496e-07  -80
5380.01  7.50496e-07  -80
5385.01  7.50496e-07  -80
5390.01  7.50496e-07  -80
5395.01  7.50496e-07  -80
5400.01  7.50496e-07  -80
5405.01  7.50496e-07  -80
5410.01  7.50496e-07  -80
5415.01  7.50496e-07  -80
5420.01  7.50496e-07  -80
5425.01  7.50496e-07  -80
5430.01  7.50496e-07  -80
5435.01  7.50496e-07  -80
5440.01  7.50496e-07  -80
5445.01  7.50496e-07  -80
5450.01  7.50496e-07  -80
5455.01  7.50496e-07  -80
5460.01  7.50496e-07  -80
5465.01  7.50496e-07  -80
5470.01  7.50496e-07  -80
5475.01  7.50496e-07  -80
5480.01  7.50496e-07  -80
5485.01  7.50496e-07  -80
5490.01  7.50496e-07  -80
5495.01  7.50496e-07  -80
5500.01  7.50496e-07  -80
5505.01  7.50496e-07  -80
5510.01  7.50496e-07  -80
5515.01  7.50496e-07  -80
5520.01  7.50496e-07  -80
5525.01  7.50496e-07  -80
5530.01  7.50496e-07  -80
5535.01  7.50496e-07  -80
5540.01  7.50496e-07  -80
5545.01  7.50496e-07  -80
5550.01  7.50496e-07  -80
5555.01  7.50496e-07  -80
5560.01  7.50496e-07  -80
5565.01  7.50496e-07  -80
5570.01  7.50496e-07  -80
5575.01  7.50496e-07  -80
5580.01  7.50496e-07  -80
5585.01  7.50496e-07  -80
5590.01  7.50496e-07  -80
5595.01  7.50496e-07  -80
5600.01  7.50496e-07  -80
5605.01  7.50496e-07  -80
5610.01  7.50496e-07  -80
5615.01  7.50496e-07  -80
5620.01  7.50496e-07  -80
5625.01  7.50496e-07  -80
5630.01  7.50496e-07  -80
5635.01  7.50496e-07  -80
5640.01  7.50496e-07  -80
5645.01  7.50496e-07  -80
5650.01  7.50496e-07  -80
5655.01  7.50496e-07  -80
5660.01  7.50496e-07  -80
5665.01  7.50496e-07  -80
5670.01  7.50496e-07  -80
5675.01  7.50496e-07  -80
5680.01  7.50496e-07  -80
5685.01  7.50496e-07  -80
5690.01  7.50496e-07  -80
5695.01  7.50496e-07  -80
5700.01  7.50496e-07  -80
5705.01  7.50496e-07  -80
5710.01  7.50496e-07  -80
5715.01  7.50496e-07  -80
5720.01  7.50496e-07  -80
5725.01  7.50496e-07  -80
5730.01  7.50496e-07  -80
5735.01  7.50496e-07  -80
5740.01  7.50496e-07  -80
5745.01  7.50496e-07  -80
5750.01  7.50496e-07  -80
5755.01  7.50496e-07  -80
5760.01  7.50496e-07  -80
5765.01  7.50496e-07  -80
5770.01  7.50496e-07  -80
5775.01  7.50496e-07  -80
5780.01  7.50496e-07  -80
5785.01  7.50496e-07  -80
5790.01  7.50496e-07  -80
5795.01  7.50496e-07  -80
5800.01  7.50496e-07  -80
5805.01  7.50496e-07  -80
5810.01  7.50496e-07  -80
5815.01  7.50496e-07  -80
5820.01  7.50496e-07  -80
5825.01  7.50496e-07  -80
5830.01  7.50496e-07  -80
5835.01  7.50496e-07  -80
5840.01  7.50496e-07  -80
5845.01  7.50496e-07  -80
5850.01  7.50496e-07  -80
5855.01  7.50496e-07  -80
5860.01  7.50496e-07  -80
5865.01  7.50496e-07  -80
5870.01  7.50496e-07  -80
5875.01  7.50496e-07  -80
5880.01  7.50496e-07  -80
5885.01  7.50496e-07  -80
5890.01  7.50496e-07  -80
5895.01  7.50496e-07  -80
5900.01  7.50496e-07  -80
5905.01  7.50496e-07  -80
5910.01  7.50496e-07  -80
5915.01  7.50496e-07  -80
5920.01  7.50496e-07  -80
5925.01  7.50496e-07  -80
5930.01  7.50496e-07  -80
5935.01  7.50496e-07  -80
5940.01  7.50496e-07  -80
5945.01  7.50496e-07  -80
5950.01  7.50496e-07  -80
5955.01  7.50496e-07  -80
5960.01  7.50496e-07  -80
5965.01  7.50496e-07  -80
5970.01  7.50496e-07  -80
5975.01  7.50496e-07  -80
5980.01  7.50496e-07  -80
5985.01  7.50496e-07  -80
5990.01  7.50496e-07  -80
5995.01  7.50496e-07  -80
6000.01  7.50496e-07  -80
6005.01  7.50496e-07  -80
6010.01  7.50496e-07  -80
6015.01  7.50496e-07  -80
6020.01  7.50496e-07  -80
6025.01  7.50496e-07  -80
6030.01  7.50496e-07  -80
6035.01  7.50496e-07  -80
6040.01  7.50496e-07  -80
6045.01  7.50496e-07  -80
6050.01  7.50496e-07  -80
6055.01  7.50496e-07  -80
6060.01  7.50496e-07  -80
6065.01  7.50496e-07  -80
6070.01  7.50496e-07  -80
6075.01  7.50496e-07  -80
6080.01  7.50496e-07  -80
6085.01  7.50496e-07  -80
6090.01  7.50496e-07  -80
6095.01  7.50496e-07  -80
6100.01  7.50496e-07  -80
6105.01  7.50496e-07  -80
6110.01  7.50496e-07  -80
6115.01  7.50496e-07  -80
6120.01  7.50496e-07  -80
6125.01  7.50496e-07  -80
6130.01  7.50496e-07  -80
6135.01  7.50496e-07  -80
6140.01  7.50496e-07  -80
6145.01  7.50496e-07  -80
6150.01  7.50496e-07  -80
6155.01  7.50496e-07  -80
6160.01  7.50496e-07  -80
6165.01  7.50496e-07  -80
6170.01  7.50496e-07  -80
6175.01  7.50496e-07  -80
6180.01  7.50496e-07  -80
6185.01  7.50496e-07  -80
6190.01  7.50496e-07  -80
6195.01  7.50496e-07  -80
6200.01  7.50496e-07  -80
6205.01  7.50496e-07  -80
6210.01  7.50496e-07  -80
6215.01  7.50496e-07  -80
6220.01  7.50496e-07  -80
6225.01  7.50496e-07  -80
6230.01  7.50496e-07  -80
6235.01  7.50496e-07  -80
6240.01  7.50496e-07  -80
6245.01  7.50496e-07  -80
6250.01  7.50496e-07  -80
6255.01  7.50496e-07  -80
6260.01  7.50496e-07  -80
6265.01  7.50496e-07  -80
6270.01  7.50496e-07  -80
6275.01  7.50496e-07  -80
6280.01  7.50496e-07  -80
6285.01  7.50496e-07  -80
6290.01  7.50496e-07  -80
6295.01  7.50496e-07  -80
6300.01  7.50496e-07  -80
6305.01  7.50496e-07  -80
6310.01  7.50496e-07  -80
6315.01  7.50496e-07  -80
6320.01  7.50496e-07  -80
6325.01  7.50496e-07  -80
6330.01  7.50496e-07  -80
6335.01  7.50496e-07  -80
6340.01  7.50496e-07  -80
6345.01  7.50496e-07  -80
6350.01  7.50496e-07  -80
6355.01  7.50496e-07  -80
6360.01  7.50496e-07  -80
6365.01  7.50496e-07  -80
6370.01  7.50496e-07  -80
6375.01  7.50496e-07  -80
6380.01  7.50496e-07  -80
6385.01  7.50496e-07  -80
6390.01  7.50496e-07  -80
6395.01  7.50496e-07  -80
6400.01  7.50496e-07  -80
6405.01  7.50496e-07  -80
6410.01  7.50496e-07  -80
6415.01  7.50496e-07  -80
6420.01  7.50496e-07  -80
6425.01  7.50496e-07  -80
6430.01  7.50496e-07  -80
6435.01  7.50496e-07  -80
6440.01  7.50496e-07  -80
6445.01  7.50496e-07  -80
6450.01  7.50496e-07  -80
6455.01  7.50496e-07  -80
6460.01  7.50496e-07  -80
6465.01  7.50496e-07  -80
6470.01  7.50496e-07  -80
6475.01  7.50496e-07  -80
6480.01  7.50496e-07  -80
6485.01  7.50496e-07  -80
6490.01  7.50496e-07  -80
6495.01  7.50496e-07  -80
6500.01  7.50496e-07  -80
6505.01  7.50496e-07  -80
6510.01  7.50496e-07  -80
6515.01  7.50496e-07  -80
6520.01  7.50496e-07  -80
6525.01  7.50496e-07  -80
6530.01  7.50496e-07  -80
6535.01  7.50496e-07  -80
6540.01  7.50496e-07  -80
6545.01  7.50496e-07  -80
6550.01  7.50496e-07  -80
6555.01  7.50496e-07  -80
6560.01  7.50496e-07  -80
6565.01  7.50496e-07  -80
6570.01  7.50496e-07  -80
6575.01  7.50496e-07  -80
6580.01  7.50496e-07  -80
6585.01  7.50496e-07  -80
6590.01  7.50496e-07  -80
6595.01  7.50496e-07  -80
6600.01  7.50496e-07  -80
6605.01  7.50496e-07  -80
6610.01  7.50496e-07  -80
6615.01  7.50496e-07  -80
6620.01  7.50496e-07  -80
6625.01  7.50496e-07  -80
6630.01  7.50496e-07  -80
6635.01  7.50496e-07  -80
6640.01  7.50496e-07  -80
6645.01  7.50496e-07  -80
6650.01  7.50496e-07  -80
6655.01  7.50496e-07  -80
6660.01  7.50496e-07  -80
6665.01  7.50496e-07  -80
6670.01  7.50496e-07  -80
6675.01  7.50496e-07  -80
6680.01  7.50496e-07  -80
6685.01  7.50496e-07  -80
6690.01  7.50496e-07  -80
6695.01  7.50496e-07  -80
6700.01  7.50496e-07  -80
6705.01  7.50496e-07  -80
6710.01  7.50496e-07  -80
6715.01  7.50496e-07  -80
6720.01  7.50496e-07  -80
6725.01  7.50496e-07  -80
6730.01  7.50496e-07  -80
6735.01  7.50496e-07  -80
6740.01  7.50496e-07  -80
6745.01  7.50496e-07  -80
6750.01  7.50496e-07  -80
6755.01  7.50496e-07  -80
6760.01  7.50496e-07  -80
6765.01  7.50496e-07  -80
6770.01  7.50496e-07  -80
6775.01  7.50496e-07  -80
6780.01  7.50496e-07  -80
6785.01  7.50496e-07  -80
6790.01  7.50496e-07  -80
6795.01  7.50496e-07  -80
6800.01  7.50496e-07  -80
6805.01  7.50496e-07  -80
6810.01  7.50496e-07  -80
6815.01  7.50496e-07  -80
6820.01  7.50496e-07  -80
6825.01  7.50496e-07  -80
6830.01  7.50496e-07  -80
6835.01  7.50496e-07  -80
6840.01  7.50496e-07  -80
6845.01  7.50496e-07  -80
6850.01  7.50496e-07  -80
6855.01  7.50496e-07  -80
6860.01  7.50496e-07  -80
6865.01  7.50496e-07  -80
6870.01  7.50496e-07  -80
6875.01  7.50496e-07  -80
6880.01  7.50496e-07  -80
6885.01  7.50496e-07  -80
6890.01  7.50496e-07  -80
6895.01  7.50496e-07  -80
6900.01  7.50496e-07  -80
6905.01  7.50496e-07  -80
6910.01  7.50496e-07  -80
6915.01  7.50496e-07  -80
6920.01  7.50496e-07  -80
6925.01  7.50496e-07  -80
6930.01  7.50496e-07  -80
6935.01  7.50496e-07  -80
6940.01  7.50496e-07  -80
6945.01  7.50496e-07  -80
6950.01  7.50496e-07  -80
6955.01  7.50496e-07  -80
6960.01  7.50496e-07  -80
6965.01  7.50496e-07  -80
6970.01  7.50496e-07  -80
6975.01  7.50496e-07  -80
6980.01  7.50496e-07  -80
6985.01  7.50496e-07  -80
6990.01  7.50496e-07  -80
6995.01  7.50496e-07  -80
7000.01  7.50496e-07  -80
7005.01  7.50496e-07  -80
7010.01  7.50496e-07  -80
7015.01  7.50496e-07  -80
7020.01  7.50496e-07  -80
7025.01  7.50496e-07  -80
7030.01  7.50496e-07  -80
7035.01  7.50496e-07  -80
7040.01  7.50496e-07  -80
7045.01  7.50496e-07  -80
7050.01  7.50496e-07  -80
7055.01  7.50496e-07  -80
7060.01  7.50496e-07  -80
7065.01  7.50496e-07  -80
7070.01  7.50496e-07  -80
7075.01  7.50496e-07  -80
7080.01  7.50496e-07  -80
7085.01  7.50496e-07  -80
7090.01  7.50496e-07  -80
7095.01  7.50496e-07  -80
7100.01  7.50496e-07  -80
7105.01  7.50496e-07  -80
7110.01  7.50496e-07  -80
7115.01  7.50496e-07  -80
7120.01  7.50496e-07  -80
7125.01  7.50496e-07  -80
7130.01  7.50496e-07  -80
7135.01  7.50496e-07  -80
7140.01  7.50496e-07  -80
7145.01  7.50496e-07  -80
7150.01  7.50496e-07  -80
7155.01  7.50496e-07  -80
7160.01  7.50496e-07  -80
7165.01  7.50496e-07  -80
7170.01  7.50496e-07  -80
7175.01  7.50496e-07  -80
7180.01  7.50496e-07  -80
7185.01  7.50496e-07  -80
7190.01  7.50496e-07  -80
7195.01  7.50496e-07  -80
7200.01  7.50496e-07  -80
7205.01  7.50496e-07  -80
7210.01  7.50496e-07  -80
7215.01  7.50496e-07  -80
7220.01  7.50496e-07  -80
7225.01  7.50496e-07  -80
7230.01  7.50496e-07  -80
7235.01  7.50496e-07  -80
7240.01  7.50496e-07  -80
7245.01  7.50496e-07  -80
7250.01  7.50496e-07  -80
7255.01  7.50496e-07  -80
7260.01  7.50496e-07  -80
7265.01  7.50496e-07  -80
7270.01  7.50496e-07  -80
7275.01  7.50496e-07  -80
7280.01  7.50496e-07  -80
7285.01  7.50496e-07  -80
7290.01  7.50496e-07  -80
7295.01  7.50496e-07  -80
7300.01  7.50496e-07  -80
7305.01  7.50496e-07  -80
7310.01  7.50496e-07  -80
7315.01  7.50496e-07  -80
7320.01  7.50496e-07  -80
7325.01  7.50496e-07  -80
7330.01  7.50496e-07  -80
7335.01  7.50496e-07  -80
7340.01  7.50496e-07  -80
7345.01  7.50496e-07  -80
7350.01  7.50496e-07  -80
7355.01  7.50496e-07  -80
7360.01  7.50496e-07  -80
7365.01  7.50496e-07  -80
7370.01  7.50496e-07  -80
7375.01  7.50496e-07  -80
7380.01  7.50496e-07  -80
7385.01  7.50496e-07  -80
7390.01  7.50496e-07  -80
7395.01  7.50496e-07  -80
7400.01  7.50496e-07  -80
7405.01  7.50496e-07  -80
7410.01  7.50496e-07  -80
7415.01  7.50496e-07  -80
7420.01  7.50496e-07  -80
7425.01  7.50496e-07  -80
7430.01  7.50496e-07  -80
7435.01  7.50496e-07  -80
7440.01  7.50496e-07  -80
7445.01  7.50496e-07  -80
7450.01  7.50496e-07  -80
7455.01  7.50496e-07  -80
7460.01  7.50496e-07  -80
7465.01  7.50496e-07  -80
7470.01  7.50496e-07  -80
7475.01  7.50496e-07  -80
7480.01  7.50496e-07  -80
7485.01  7.50496e-07  -80
7490.01  7.50496e-07  -80
7495.01  7.50496e-07  -80
7500.01  7.50496e-07  -80
7505.01  7.50496e-07  -80
7510.01  7.50496e-07  -80
7515.01  7.50496e-07  -80
7520.01  7.50496e-07  -80
7525.01  7.50496e-07  -80
7530.01  7.50496e-07  -80
7535.01  7.50496e-07  -80
7540.01  7.50496e-07  -80
7545.01  7.50496e-07  -80
7550.01  7.50496e-07  -80
7555.01  7.50496e-07  -80
7560.01  7.50496e-07  -80
7565.01  7.50496e-07  -80
7570.01  7.50496e-07  -80
7575.01  7.50496e-07  -80
7580.01  7.50496e-07  -80
7585.01  7.50496e-07  -80
7590.01  7.50496e-07  -80
7595.01  7.50496e-07  -80
7600.01  7.50496e-07  -80
7605.01  7.50496e-07  -80
7610.01  7.50496e-07  -80
7615.01  7.50496e-07  -80
7620.01  7.50496e-07  -80
7625.01  7.50496e-07  -80
7630.01  7.50496e-07  -80
7635.01  7.50496e-07  -80
7640.01  7.50496e-07  -80
7645.01  7.50496e-07  -80
7650.01  7.50496e-07  -80
7655.01  7.50496e-07  -80
7660.01  7.50496e-07  -80
7665.01  7.50496e-07  -80
7670.01  7.50496e-07  -80
7675.01  7.50496e-07  -80
7680.01  7.50496e-07  -80
7685.01  7.50496e-07  -80
7690.01  7.50496e-07  -80
7695.01  7.50496e-07  -80
7700.01  7.50496e-07  -80
7705.01  7.50496e-07  -80
7710.01  7.50496e-07  -80
7715.01  7.50496e-07  -80
7720.01  7.50496e-07  -80
7725.01  7.50496e-07  -80
7730.01  7.50496e-07  -80
7735.01  7.50496e-07  -80
7740.01  7.50496e-07  -80
7745.01  7.50496e-07  -80
7750.01  7.50496e-07  -80
7755.01  7.50496e-07  -80
7760.01  7.50496e-07  -80
7765.01  7.50496e-07  -80
7770.01  7.50496e-07  -80
7775.01  7.50496e-07  -80
7780.01  7.50496e-07  -80
7785.01  7.50496e-07  -80
7790.01  7.50496e-07  -80
7795.01  7.50496e-07  -80
7800.01  7.50496e-07  -80
7805.01  7.50496e-07  -80
7810.01  7.50496e-07  -80
7815.01  7.50496e-07  -80
7820.01  7.50496e-07  -80
7825.01  7.50496e-07  -80
7830.01  7.50496e-07  -80
7835.01  7.50496e-07  -80
7840.01  7.50496e-07  -80
7845.01  7.50496e-07  -80
7850.01  7.50496e-07  -80
7855.01  7.50496e-07  -80
7860.01  7.50496e-07  -80
7865.01  7.50496e-07  -80
7870.01  7.50496e-07  -80
7875.01  7.50496e-07  -80
7880.01  7.50496e-07  -80
7885.01  7.50496e-07  -80
7890.01  7.50496e-07  -80
7895.01  7.50496e-07  -80
7900.01  7.50496e-07  -80
7905.01  7.50496e-07  -80
7910.01  7.50496e-07  -80
7915.01  7.50496e-07  -80
7920.01  7.50496e-07  -80
7925.01  7.50496e-07  -80
7930.01  7.50496e-07  -80
7935.01  7.50496e-07  -80
7940.01  7.50496e-07  -80
7945.01  7.50496e-07  -80
7950.01  7.50496e-07  -80
7955.01  7.50496e-07  -80
7960.01  7.50496e-07  -80
7965.01  7.50496e-07  -80
7970.01  7.50496e-07  -80
7975.01  7.50496e-07  -80
7980.01  7.50496e-07  -80
7985.01  7.50496e-07  -80
7990.01  7.50496e-07  -80
7995.01  7.50496e-07  -80
8000.01  7.50496e-07  -80
8005.01  7.50496e-07  -80
8010.01  7.50496e-07  -80
8015.01  7.50496e-07  -80
8020.01  7.50496e-07  -80
8025.01  7.50496e-07  -80
8030.01  7.50496e-07  -80
8035.01  7.50496e-07  -80
8040.01  7.50496e-07  -80
8045.01  7.50496e-07  -80
8050.01  7.50496e-07  -80
8055.01  7.50496e-07  -80
8060.01  7.50496e-07  -80
8065.01  7.50496e-07  -80
8070.01  7.50496e-07  -80
8075.01  7.50496e-07  -80
8080.01  7.50496e-07  -80
8085.01  7.50496e-07  -80
8090.01  7.50496e-07  -80
8095.01  7.50496e-07  -80
8100.01  7.50496e-07  -80
8105.01  7.50496e-07  -80
8110.01  7.50496e-07  -80
8115.01  7.50496e-07  -80
8120.01  7.50496e-07  -80
8125.01  7.50496e-07  -80
8130.01  7.50496e-07  -80
8135.01  7.50496e-07  -80
8140.01  7.50496e-07  -80
8145.01  7.50496e-07  -80
8150.01  7.50496e-07  -80
8155.01  7.50496e-07  -80
8160.01  7.50496e-07  -80
8165.01  7.50496e-07  -80
8170.01  7.50496e-07  -80
8175.01  7.50496e-07  -80
8180.01  7.50496e-07  -80
8185.01  7.50496e-07  -80
8190.01  7.50496e-07  -80
8195.01  7.50496e-07  -80
8200.01  7.50496e-07  -80
8205.01  7.50496e-07  -80
8210.01  7.50496e-07  -80
8215.01  7.50496e-07  -80
8220.01  7.50496e-07  -80
8225.01  7.50496e-07  -80
8230.01  7.50496e-07  -80
8235.01  7.50496e-07  -80
8240.01  7.50496e-07  -80
8245.01  7.50496e-07  -80
8250.01  7.50496e-07  -80
8255.01  7.50496e-07  -80
8260.01  7.50496e-07  -80
8265.01  7.50496e-07  -80
8270.01  7.50496e-07  -80
8275.01  7.50496e-07  -80
8280.01  7.50496e-07  -80
8285.01  7.50496e-07  -80
8290.01  7.50496e-07  -80
8295.01  7.50496e-07  -80
8300.01  7.50496e-07  -80
8305.01  7.50496e-07  -80
8310.01  7.50496e-07  -80
8315.01  7.50496e-07  -80
8320.01  7.50496e-07  -80
8325.01  7.50496e-07  -80
8330.01  7.50496e-07  -80
8335.01  7.50496e-07  -80
8340.01  7.50496e-07  -80
8345.01  7.50496e-07  -80
8350.01  7.50496e-07  -80
8355.01  7.50496e-07  -80
8360.01  7.50496e-07  -80
8365.01  7.50496e-07  -80
8370.01  7.50496e-07  -80
8375.01  7.50496e-07  -80
8380.01  7.50496e-07  -80
8385.01  7.50496e-07  -80
8390.01  7.50496e-07  -80
8395.01  7.50496e-07  -80
8400.01  7.50496e-07  -80
8405.01  7.50496e-07  -80
8410.01  7.50496e-07  -80
8415.01  7.50496e-07  -80
8420.01  7.50496e-07  -80
8425.01  7.50496e-07  -80
8430.01  7.50496e-07  -80
8435.01  7.50496e-07  -80
8440.01  7.50496e-07  -80
8445.01  7.50496e-07  -80
8450.01  7.50496e-07  -80
8455.01  7.50496e-07  -80
8460.01  7.50496e-07  -80
8465.01  7.50496e-07  -80
8470.01  7.50496e-07  -80
8475.01  7.50496e-07  -80
8480.01  7.50496e-07  -80
8485.01  7.50496e-07  -80
8490.01  7.50496e-07  -80
8495.01  7.50496e-07  -80
8500.01  7.50496e-07  -80
8505.01  7.50496e-07  -80
8510.01  7.50496e-07  -80
8515.01  7.50496e-07  -80
8520.01  7.50496e-07  -80
8525.01  7.50496e-07  -80
8530.01  7.50496e-07  -80
8535.01  7.50496e-07  -80
8540.01  7.50496e-07  -80
8545.01  7.50496e-07  -80
8550.01  7.50496e-07  -80
8555.01  7.50496e-07  -80
8560.01  7.50496e-07  -80
8565.01  7.50496e-07  -80
8570.01  7.50496e-07  -80
8575.01  7.50496e-07  -80
8580.01  7.50496e-07  -80
8585.01  7.50496e-07  -80
8590.01  7.50496e-07  -80
8595.01  7.50496e-07  -80
8600.01  7.50496e-07  -80
8605.01  7.50496e-07  -80
8610.01  7.50496e-07  -80
8615.01  7.50496e-07  -80
8620.01  7.50496e-07  -80
8625.01  7.50496e-07  -80
8630.01  7.50496e-07  -80
8635.01  7.50496e-07  -80
8640.01  7.50496e-07  -80
8645.01  7.50496e-07  -80
8650.01  7.50496e-07  -80
8655.01  7.50496e-07  -80
8660.01  7.50496e-07  -80
8665.01  7.50496e-07  -80
8670.01  7.50496e-07  -80
8675.01  7.50496e-07  -80
8680.01  7.50496e-07  -80
8685.01  7.50496e-07  -80
8690.01  7.50496e-07  -80
8695.01  7.50496e-07  -80
8700.01  7.50496e-07  -80
8705.01  7.50496e-07  -80
8710.01  7.50496e-07  -80
8715.01  7.50496e-07  -80
8720.01  7.50496e-07  -80
8725.01  7.50496e-07  -80
8730.01  7.50496e-07  -80
8735.01  7.50496e-07  -80
8740.01  7.50496e-07  -80
8745.01  7.50496e-07  -80
8750.01  7.50496e-07  -80
8755.01  7.50496e-07  -80
8760.01  7.50496e-07  -80
8765.01  7.50496e-07  -80
8770.01  7.50496e-07  -80
8775.01  7.50496e-07  -80
8780.01  7.50496e-07  -80
8785.01  7.50496e-07  -80
8790.01  7.50496e-07  -80
8795.01  7.50496e-07  -80
8800.01  7.50496e-07  -80
8805.01  7.50496e-07  -80
8810.01  7.50496e-07  -80
8815.01  7.50496e-07  -80
8820.01  7.50496e-07  -80
8825.01  7.50496e-07  -80
8830.01  7.50496e-07  -80
8835.01  7.50496e-07  -80
8840.01  7.50496e-07  -80
8845.01  7.50496e-07  -80
8850.01  7.50496e-07  -80
8855.01  7.50496e-07  -80
8860.01  7.50496e-07  -80
8865.01  7.50496e-07  -80
8870.01  7.50496e-07  -80
8875.01  7.50496e-07  -80
8880.01  7.50496e-07  -80
8885.01  7.50496e-07  -80
8890.01  7.50496e-07  -80
8895.01  7.50496e-07  -80
8900.01  7.50496e-07  -80
8905.01  7.50496e-07  -80
8910.01  7.50496e-07  -80
8915.01  7.50496e-07  -80
8920.01  7.50496e-07  -80
8925.01  7.50496e-07  -80
8930.01  7.50496e-07  -80
8935.01  7.50496e-07  -80
8940.01  7.50496e-07  -80
8945.01  7.50496e-07  -80
8950.01  7.50496e-07  -80
8955.01  7.50496e-07  -80
8960.01  7.50496e-07  -80
8965.01  7.50496e-07  -80
8970.01  7.50496e-07  -80
8975.01  7.50496e-07  -80
8980.01  7.50496e-07  -80
8985.01  7.50496e-07  -80
8990.01  7.50496e-07  -80
8995.01  7.50496e-07  -80
9000.01  7.50496e-07  -80
9005.01  7.50496e-07  -80
9010.01  7.50496e-07  -80
9015.01  7.50496e-07  -80
9020.01  7.50496e-07  -80
9025.01  7.50496e-07  -80
9030.01  7.50496e-07  -80
9035.01  7.50496e-07  -80
9040.01  7.50496e-07  -80
9045.01  7.50496e-07  -80
9050.01  7.50496e-07  -80
9055.01  7.50496e-07  -80
9060.01  7.50496e-07  -80
9065.01  7.50496e-07  -80
9070.01  7.50496e-07  -80
9075.01  7.50496e-07  -80
9080.01  7.50496e-07  -80
9085.01  7.50496e-07  -80
9090.01  7.50496e-07  -80
9095.01  7.50496e-07  -80
9100.01  7.50496e-07  -80
9105.01  7.50496e-07  -80
9110.01  7.50496e-07  -80
9115.01  7.50496e-07  -80
9120.01  7.50496e-07  -80
9125.01  7.50496e-07  -80
9130.01  7.50496e-07  -80
9135.01  7.50496e-07  -80
9140.01  7.50496e-07  -80
9145.01  7.50496e-07  -80
9150.01  7.50496e-07  -80
9155.01  7.50496e-07  -80
9160.01  7.50496e-07  -80
9165  7.50496e-07  -80
9170  7.50496e-07  -80
9175  7.50496e-07  -80
9180  7.50496e-07  -80
9185  7.50496e-07  -80
9190  7.50496e-07  -80
9195  7.50496e-07  -80
9200  7.50496e-07  -80
9205  7.50496e-07  -80
9210  7.50496e-07  -80
9215  7.50496e-07  -80
9220  7.50496e-07  -80
9225  7.50496e-07  -80
9230  7.50496e-07  -80
9235  7.50496e-07  -80
9240  7.50496e-07  -80
9245  7.50496e-07  -80
9250  7.50496e-07  -80
9255  7.50496e-07  -80
9260  7.50496e-07  -80
9265  7.50496e-07  -80
9270  7.50496e-07  -80
9275  7.50496e-07  -80
9280  7.50496e-07  -80
9285  7.50496e-07  -80
9290  7.50496e-07  -80
9295  7.50496e-07  -80
9300  7.50496e-07  -80
9305  7.50496e-07  -80
9310  7.50496e-07  -80
9315  7.50496e-07  -80
9320  7.50496e-07  -80
9325  7.50496e-07  -80
9330  7.50496e-07  -80
9335  7.50496e-07  -80
9340  7.50496e-07  -80
9345  7.50496e-07  -80
9350  7.50496e-07  -80
9355  7.50496e-07  -80
9360  7.50496e-07  -80
9365  7.50496e-07  -80
9370  7.50496e-07  -80
9375  7.50496e-07  -80
9380  7.50496e-07  -80
9385  7.50496e-07  -80
9390  7.50496e-07  -80
9395  7.50496e-07  -80
9400  7.50496e-07  -80
9405  7.50496e-07  -80
9410  7.50496e-07  -80
9415  7.50496e-07  -80
9420  7.50496e-07  -80
9425  7.50496e-07  -80
9430  7.50496e-07  -80
9435  7.50496e-07  -80
9440  7.50496e-07  -80
9445  7.50496e-07  -80
9450  7.50496e-07  -80
9455  7.50496e-07  -80
9460  7.50496e-07  -80
9465  7.50496e-07  -80
9470  7.50496e-07  -80
9475  7.50496e-07  -80
9480  7.50496e-07  -80
9485  7.50496e-07  -80
9490  7.50496e-07  -80
9495  7.50496e-07  -80
9500  7.50496e-07  -80
9505  7.50496e-07  -80
9510  7.50496e-07  -80
9515  7.50496e-07  -80
9520  7.50496e-07  -80
9525  7.50496e-07  -80
9530  7.50496e-07  -80
9535  7.50496e-07  -80
9540  7.50496e-07  -80
9545  7.50496e-07  -80
9550  7.50496e-07  -80
9555  7.50496e-07  -80
9560  7.50496e-07  -80
9565  7.50496e-07  -80
9570  7.50496e-07  -80
9575  7.50496e-07  -80
9580  7.50496e-07  -80
9585  7.50496e-07  -80
9590  7.50496e-07  -80
9595  7.50496e-07  -80
9600  7.50496e-07  -80
9605  7.50496e-07  -80
9610  7.50496e-07  -80
9615  7.50496e-07  -80
9620  7.50496e-07  -80
9625  7.50496e-07  -80
9630  7.50496e-07  -80
9635  7.50496e-07  -80
9640  7.50496e-07  -80
9645  7.50496e-07  -80
9650  7.50496e-07  -80
9655  7.50496e-07  -80
9660  7.50496e-07  -80
9665  7.50496e-07  -80
9670  7.50496e-07  -80
9675  7.50496e-07  -80
9680  7.50496e-07  -80
9685  7.50496e-07  -80
9690  7.50496e-07  -80
9695  7.50496e-07  -80
9700  7.50496e-07  -80
9705  7.50496e-07  -80
9710  7.50496e-07  -80
9715  7.50496e-07  -80
9720  7.50496e-07  -80
9725  7.50496e-07  -80
9730  7.50496e-07  -80
9735  7.50496e-07  -80
9740  7.50496e-07  -80
9745  7.50496e-07  -80
9750  7.50496e-07  -80
9755  7.50496e-07  -80
9760  7.50496e-07  -80
9765  7.50496e-07  -80
9770  7.50496e-07  -80
9775  7.50496e-07  -80
9780  7.50496e-07  -80
9785  7.50496e-07  -80
9790  7.50496e-07  -80
9795  7.50496e-07  -80
9800  7.50496e-07  -80
9805  7.50496e-07  -80
9810  7.50496e-07  -80
9815  7.50496e-07  -80
9820  7.50496e-07  -80
9825  7.50496e-07  -80
9830  7.50496e-07  -80
9835  7.50496e-07  -80
9840  7.50496e-07  -80
9845  7.50496e-07  -80
9850  7.50496e-07  -80
9855  7.50496e-07  -80
9860  7.50496e-07  -80
9865  7.50496e-07  -80
9870  7.50496e-07  -80
9875  7.50496e-07  -80
9880  7.50496e-07  -80
9885  7.50496e-07  -80
9890  7.50496e-07  -80
9895  7.50496e-07  -80
9900  7.50496e-07  -80
9905  7.50496e-07  -80
9910  7.50496e-07  -80
9915  7.50496e-07  -80
9920  7.50496e-07  -80
9925  7.50496e-07  -80
9930  7.50496e-07  -80
9935  7.50496e-07  -80
9940  7.50496e-07  -80
9945  7.50496e-07  -80
9950  7.50496e-07  -80
9955  7.50496e-07  -80
9960  7.50496e-07  -80
9965  7.50496e-07  -80
9970  7.50496e-07  -80
9975  7.50496e-07  -80
9980  7.50496e-07  -80
9985  7.50496e-07  -80
9990  7.50496e-07  -80
9995  7.50496e-07  -80
10000  2.39086e-05  40
10005  0.000862493  40
10010  0.00329018  40
10015  0.00631149  40
10020  0.00920136  40
10025  0.0116434  40
10030  0.0135487  40
10035  0.0149394  40
10040  0.0158847  40
10045  0.0164668  40
10050  0.0167646  40
10055  0.0168467  40
10060  0.0167694  40
10065  0.0165773  40
10070  0.0163048  40
10075  0.0159779  40
10080  0.0156159  40
10085  0.015233  40
10090  0.0148393  40
10095  0.0144423  40
10100  0.014047  40
10105  0.0136571  40
10110  0.0132748  40
10115  0.0129017  40
10120  0.012539  40
10125  0.012187  40
10130  0.0118462  40
10135  0.0115165  40
10140  0.0111979  40
10145  0.0108902  40
10150  0.0105933  40
10155  0.0103067  40
10160  0.0100303  40
10165  0.00976375  40
10170  0.00950667  40
10175  0.00925879  40
10180  0.00901978  40
10185  0.00878934  40
10190  0.00856718  40
10195  0.00835301  40
10200  0.00814653  40
10205  0.00794748  40
10210  0.00775559  40
10215  0.0075706  40
10220  0.00739227  40
10225  0.00722035  40
10230  0.00705463  40
10235  0.00689487  40
10240  0.00674086  40
10245  0.00659239  40
10250  0.00644927  40
10255  0.0063113  40
10260  0.00617829  40
10265  0.00605008  40
10270  0.00592648  40
10275  0.00580732  40
10280  0.00569246  40
10285  0.00558173  40
10290  0.00547499  40
10295  0.00537209  40
10300  0.0052729  40
10305  0.00517727  40
10310  0.00508509  40
10315  0.00499622  40
10320  0.00491056  40
10325  0.00482798  40
10330  0.00474837  40
10335  0.00467162  40
10340  0.00459764  40
10345  0.00452632  40
10350  0.00445757  40
10355  0.0043913  40
10360  0.00432741  40
10365  0.00426582  40
10370  0.00420644  40
10375  0.00414921  40
10380  0.00409403  40
10385  0.00404084  40
10390  0.00398957  40
10395  0.00394014  40
10400  0.00389249  40
10405  0.00384656  40
10410  0.00380228  40
10415  0.00375959  40
10420  0.00371844  40
10425  0.00367877  40
10430  0.00364053  40
10435  0.00360366  40
10440  0.00356813  40
10445  0.00353387  40
10450  0.00350084  40
10455  0.00346901  40
10460  0.00343832  40
10465  0.00340873  40
10470  0.00338021  40
10475  0.00335272  40
10480  0.00332621  40
10485  0.00330066  40
10490  0.00327603  40
10495  0.00325229  40
10500  0.0032294  40
10505  0.00320733  40
10510  0.00318606  40
10515  0.00316556  40
10520  0.00314579  40
10525  0.00312674  40
10530  0.00310837  40
10535  0.00309066  40
10540  0.00307359  40
10545  0.00305713  40
10550  0.00304127  40
10555  0.00302598  40
10560  0.00301123  40
10565  0.00299702  40
10570  0.00298332  40
10575  0.00297011  40
10580  0.00295738  40
10585  0.00294511  40
10590  0.00293328  40
10595  0.00292187  40
10600  0.00291088  40
10605  0.00290028  40
10610  0.00289006  40
10615  0.00288021  40
10620  0.00287072  40
10625  0.00286156  40
10630  0.00285274  40
10635  0.00284423  40
10640  0.00283603  40
10645  0.00282813  40
10650  0.00282051  40
10655  0.00281316  40
10660  0.00280608  40
10665  0.00279925  40
10670  0.00279267  40
10675  0.00278633  40
10680  0.00278021  40
10685  0.00277432  40
10690  0.00276863  40
10695  0.00276315  40
10700  0.00275787  40
10705  0.00275278  40
10710  0.00274787  40
10715  0.00274314  40
10720  0.00273858  40
10725  0.00273418  40
10730  0.00272995  40
10735  0.00272586  40
10740  0.00272192  40
10745  0.00271812  40
10750  0.00271446  40
10755  0.00271093  40
10760  0.00270753  40
10765  0.00270425  40
10770  0.00270109  40
10775  0.00269804  40
10780  0.00269511  40
10785  0.00269227  40
10790  0.00268954  40
10795  0.00268691  40
10800  0.00268438  40
10805  0.00268193  40
10810  0.00267957  40
10815  0.0026773  40
10820  0.00267511  40
10825  0.002673  40
10830  0.00267096  40
10835  0.002669  40
10840  0.0026671  40
10845  0.00266528  40
10850  0.00266352  40
10855  0.00266183  40
10860  0.00266019  40
10865  0.00265862  40
10870  0.0026571  40
10875  0.00265564  40
10880  0.00265422  40
10885  0.00265286  40
10890  0.00265155  40
10895  0.00265029  40
10900  0.00264907  40
10905  0.0026479  40
10910  0.00264676  40
10915  0.00264567  40
10920  0.00264462  40
10925  0.0026436  40
10930  0.00264263  40
10935  0.00264168  40
10940  0.00264077  40
10945  0.0026399  40
10950  0.00263905  40
10955  0.00263824  40
10960  0.00263745  40
10965  0.0026367  40
10970  0.00263597  40
10975  0.00263526  40
10980  0.00263459  40
10985  0.00263393  40
10990  0.0026333  40
10995  0.0026327  40
11000  -0.00132138  -120
11000  -0.00071283  -100
11005  -0.0929308  -100
11010  -0.140439  -100
11015  -0.162411  -100
11020  -0.169938  -100
11025  -0.169425  -100
11030  -0.164566  -100
11035  -0.157481  -100
11040  -0.14938  -100
11045  -0.140948  -100
11050  -0.132565  -100
11055  -0.124434  -100
11060  -0.116661  -100
11065  -0.109291  -100
11070  -0.10234  -100
11075  -0.0958044  -100
11080  -0.0896703  -100
11085  -0.08392  -100
11090  -0.0785334  -100
11095  -0.0734897  -100
11100  -0.0687683  -100
11105  -0.0643493  -100
11110  -0.0602139  -100
11115  -0.056344  -100
11120  -0.0527227  -100
11125  -0.0493342  -100
11130  -0.0461634  -100
11135  -0.0431965  -100
11140  -0.0404203  -100
11145  -0.0378226  -100
11150  -0.0353918  -100
11155  -0.0331173  -100
11160  -0.030989  -100
11165  -0.0289975  -100
11170  -0.0271341  -100
11175  -0.0253904  -100
11180  -0.0237587  -100
11185  -0.022232  -100
11190  -0.0208033  -100
11195  -0.0194665  -100
11200  -0.0182156  -100
11205  -0.0170451  -100
11210  -0.0159498  -100
11215  -0.0149249  -100
11220  -0.0139659  -100
11225  -0.0130685  -100
11230  -0.0122287  -100
11235  -0.011443  -100
11240  -0.0107077  -100
11245  -0.0100197  -100
11250  -0.00937584  -100
11255  -0.0087734  -100
11260  -0.00820966  -100
11265  -0.00768216  -100
11270  -0.00718855  -100
11275  -0.00672665  -100
11280  -0.00629444  -100
11285  -0.00589  -100
11290  -0.00551155  -100
11295  -0.00515741  -100
11300  -0.00482603  -100
11305  -0.00451595  -100
11310  -0.00422578  -100
11315  -0.00395427  -100
11320  -0.0037002  -100
11325  -0.00346245  -100
11330  -0.00323998  -100
11335  -0.00303181  -100
11340  -0.00283701  -100
11345  -0.00265473  -100
11350  -0.00248416  -100
11355  -0.00232455  -100
11360  -0.00217519  -100
11365  -0.00203544  -100
11370  -0.00190466  -100
11375  -0.00178228  -100
11380  -0.00166777  -100
11385  -0.00156062  -100
11390  -0.00146035  -100
11395  -0.00136652  -100
11400  -0.00127873  -100
11405  -0.00119657  -100
11410  -0.00111969  -100
11415  -0.00104776  -100
11420  -0.00098044  -100
11425  -0.00091745  -100
11430  -0.000858507  -100
11435  -0.000803352  -100
11440  -0.00075174  -100
11445  -0.000703445  -100
11450  -0.000658252  -100
11455  -0.000615964  -100
11460  -0.000576392  -100
11465  -0.000539363  -100
11470  -0.000504714  -100
11475  -0.000472291  -100
11480  -0.000441951  -100
11485  -0.00041356  -100
11490  -0.000386994  -100
11495  -0.000362134  -100
11500  -0.000338872  -100
11505  -0.000317105  -100
11510  -0.000296736  -100
11515  -0.000277676  -100
11520  -0.000259841  -100
11525  -0.000243151  -100
11530  -0.000227534  -100
11535  -0.000212921  -100
11540  -0.000199246  -100
11545  -0.00018645  -100
11550  -0.000174476  -100
11555  -0.000163272  -100
11560  -0.000152787  -100
11565  -0.000142976  -100
11570  -0.000133796  -100
11575  -0.000125205  -100
11580  -0.000117166  -100
11585  -0.000109644  -100
11590  -0.000102605  -100
11595  -9.60189e-05  -100
11600  -8.98555e-05  -100
11605  -8.40882e-05  -100
11610  -7.86914e-05  -100
11615  -7.36414e-05  -100
11620  -6.89158e-05  -100
11625  -6.44939e-05  -100
11630  -6.03561e-05  -100
11635  -5.64842e-05  -100
11640  -5.2861e-05  -100
11645  -4.94707e-05  -100
11650  -4.62982e-05  -100
11655  -4.33295e-05  -100
11660  -4.05516e-05  -100
11665  -3.79522e-05  -100
11670  -3.55198e-05  -100
11675  -3.32436e-05  -100
11680  -3.11138e-05  -100
11685  -2.91208e-05  -100
11690  -2.72558e-05  -100
11695  -2.55107e-05  -100
11700  -2.38777e-05  -100
11705  -2.23496e-05  -100
11710  -2.09197e-05  -100
11715  -1.95817e-05  -100
11720  -1.83296e-05  -100
11725  -1.7158e-05  -100
11730  -1.60617e-05  -100
11735  -1.50358e-05  -100
11740  -1.40758e-05  -100
11745  -1.31776e-05  -100
11750  -1.2337e-05  -100
11755  -1.15504e-05  -100
11760  -1.08144e-05  -100
11765  -1.01257e-05  -100
11770  -9.4812e-06  -100
11775  -8.87814e-06  -100
11780  -8.31382e-06  -100
11785  -7.78576e-06  -100
11790  -7.29163e-06  -100
11795  -6.82925e-06  -100
11800  -6.39658e-06  -100
11805  -5.99171e-06  -100
11810  -5.61286e-06  -100
11815  -5.25835e-06  -100
11820  -4.92661e-06  -100
11825  -4.61619e-06  -100
11830  -4.32572e-06  -100
11835  -4.05391e-06  -100
11840  -3.79956e-06  -100
11845  -3.56156e-06  -100
11850  -3.33884e-06  -100
11855  -3.13044e-06  -100
11860  -2.93543e-06  -100
11865  -2.75295e-06  -100
11870  -2.5822e-06  -100
11875  -2.42241e-06  -100
11880  -2.27289e-06  -100
11885  -2.13298e-06  -100
11890  -2.00206e-06  -100
11895  -1.87955e-06  -100
11900  -1.76491e-06  -100
11905  -1.65764e-06  -100
11910  -1.55726e-06  -100
11915  -1.46333e-06  -100
11920  -1.37544e-06  -100
11925  -1.29319e-06  -100
11930  -1.21623e-06  -100
11935  -1.14421e-06  -100
11940  -1.07682e-06  -100
11945  -1.01376e-06  -100
11950  -9.54755e-07  -100
11955  -8.99538e-07  -100
11960  -8.47869e-07  -100
11965  -7.9952e-07  -100
11970  -7.54278e-07  -100
11975  -7.11942e-07  -100
11980  -6.72327e-07  -100
11985  -6.35257e-07  -100
11990  -6.00569e-07  -100
11995  -5.6811e-07  -100
12000  -5.37736e-07  -100
12005  -5.09314e-07  -100
12010  -4.82719e-07  -100
12015  -4.57832e-07  -100
12020  -4.34544e-07  -100
12025  -4.12752e-07  -100
12030  -3.92361e-07  -100
12035  -3.73279e-07  -100
12040  -3.55424e-07  -100
12045  -3.38716e-07  -100
12050  -3.23082e-07  -100
12055  -3.08452e-07  -100
12060  -2.94762e-07  -100
12065  -2.81952e-07  -100
12070  -2.69965e-07  -100
12075  -2.58748e-07  -100
12080  -2.48252e-07  -100
12085  -2.3843e-07  -100
12090  -2.29239e-07  -100
12095  -2.20639e-07  -100
12100  -2.12591e-07  -100
12105  -2.05061e-07  -100
12110  -1.98014e-07  -100
12115  -1.9142e-07  -100
12120  -1.8525e-07  -100
12125  -1.79476e-07  -100
12130  -1.74074e-07  -100
12135  -1.69018e-07  -100
12140  -1.64287e-07  -100
12145  -1.5986e-07  -100
12150  -1.55718e-07  -100
12155  -1.51842e-07  -100
12160  -1.48214e-07  -100
12165  -1.4482e-07  -100
12170  -1.41644e-07  -100
12175  -1.38672e-07  -100
12180  -1.35891e-07  -100
12185  -1.33289e-07  -100
12190  -1.30854e-07  -100
12195  -1.28575e-07  -100
12200  -1.26443e-07  -100
12205  -1.24448e-07  -100
12210  -1.22581e-07  -100
12215  -1.20834e-07  -100
12220  -1.19199e-07  -100
12225  -1.17669e-07  -100
12230  -1.16238e-07  -100
12235  -1.14898e-07  -100
12240  -1.13645e-07  -100
12245  -1.12472e-07  -100
12250  -1.11374e-07  -100
12255  -1.10347e-07  -100
12260  -1.09386e-07  -100
12265  -1.08487e-07  -100
12270  -1.07645e-07  -100
12275  -1.06858e-07  -100
12280  -1.06121e-07  -100
12285  -1.05432e-07  -100
12290  -1.04786e-07  -100
12295  -1.04183e-07  -100
12300  -1.03618e-07  -100
12305  -1.03089e-07  -100
12310  -1.02594e-07  -100
12315  -1.02131e-07  -100
12320  -1.01698e-07  -100
12325  -1.01293e-07  -100
12330  -1.00914e-07  -100
12335  -1.00559e-07  -100
12340  -1.00227e-07  -100
12345  -9.99159e-08  -100
12350  -9.96251e-08  -100
12355  -9.9353e-08  -100
12360  -9.90984e-08  -100
12365  -9.88601e-08  -100
12370  -9.86372e-08  -100
12375  -9.84285e-08  -100
12380  -9.82333e-08  -100
12385  -9.80506e-08  -100
12390  -9.78797e-08  -100
12395  -9.77197e-08  -100
12400  -9.757e-08  -100
12405  -9.743e-08  -100
12410  -9.72989e-08  -100
12415  -9.71763e-08  -100
12420  -9.70615e-08  -100
12425  -9.69541e-08  -100
12430  -9.68536e-08  -100
12435  -9.67596e-08  -100
12440  -9.66716e-08  -100
12445  -9.65892e-08  -100
12450  -9.65122e-08  -100
12455  -9.64401e-08  -100
12460  -9.63726e-08  -100
12465  -9.63095e-08  -100
12470  -9.62504e-08  -100
12475  -9.61951e-08  -100
12480  -9.61434e-08  -100
12485  -9.6095e-08  -100
12490  -9.60497e-08  -100
12495  -9.60073e-08  -100
12500  -9.59677e-08  -100
12505  -9.59306e-08  -100
12510  -9.58958e-08  -100
12515  -9.58634e-08  -100
12520  -9.58329e-08  -100
12525  -9.58045e-08  -100
12530  -9.57779e-08  -100
12535  -9.5753e-08  -100
12540  -9.57296e-08  -100
12545  -9.57078e-08  -100
12550  -9.56874e-08  -100
12555  -9.56683e-08  -100
12560  -9.56504e-08  -100
12565  -9.56337e-08  -100
12570  -9.56181e-08  -100
12575  -9.56034e-08  -100
12580  -9.55897e-08  -100
12585  -9.55769e-08  -100
12590  -9.55649e-08  -100
12595  -9.55536e-08  -100
12600  -9.55431e-08  -100
12605  -9.55333e-08  -100
12610  -9.55241e-08  -100
12615  -9.55155e-08  -100
12620  -9.55074e-08  -100
12625  -9.54999e-08  -100
12630  -9.54928e-08  -100
12635  -9.54862e-08  -100
12640  -9.54801e-08  -100
12645  -9.54743e-08  -100
12650  -9.54689e-08  -100
12655  -9.54638e-08  -100
12660  -9.54591e-08  -100
12665  -9.54546e-08  -100
12670  -9.54505e-08  -100
12675  -9.54466e-08  -100
12680  -9.5443e-08  -100
12685  -9.54396e-08  -100
12690  -9.54364e-08  -100
12695  -9.54334e-08  -100
12700  -9.54307e-08  -100
12705  -9.5428e-08  -100
12710  -9.54256e-08  -100
12715  -9.54233e-08  -100
12720  -9.54212e-08  -100
12725  -9.54192e-08  -100
12730  -9.54173e-08  -100
12735  -9.54156e-08  -100
12740  -9.54139e-08  -100
12745  -9.54124e-08  -100
12750  -9.5411e-08  -100
12755  -9.54096e-08  -100
12760  -9.54084e-08  -100
12765  -9.54072e-08  -100
12770  -9.54061e-08  -100
12775  -9.54051e-08  -100
12780  -9.54041e-08  -100
12785  -9.54032e-08  -100
12790  -9.54024e-08  -100
12795  -9.54016e-08  -100
12800  -9.54008e-08  -100
12805  -9.54002e-08  -100
12810  -9.53995e-08  -100
12815  -9.53989e-08  -100
12820  -9.53983e-08  -100
12825  -9.53978e-08  -100
12830  -9.53973e-08  -100
12835  -9.53969e-08  -100
12840  -9.53964e-08  -100
12845  -9.5396e-08  -100
12850  -9.53956e-08  -100
12855  -9.53953e-08  -100
12860  -9.53949e-08  -100
12865  -9.53946e-08  -100
12870  -9.53943e-08  -100
12875  -9.53941e-08  -100
12880  -9.53938e-08  -100
12885  -9.53936e-08  -100
12890  -9.53934e-08  -100
12895  -9.53931e-08  -100
12900  -9.5393e-08  -100
12905  -9.53928e-08  -100
12910  -9.53926e-08  -100
12915  -9.53924e-08  -100
12920  -9.53923e-08  -100
12925  -9.53921e-08  -100
12930  -9.5392e-08  -100
12935  -9.53919e-08  -100
12940  -9.53918e-08  -100
12945  -9.53917e-08  -100
12950  -9.53916e-08  -100
12955  -9.53915e-08  -100
12960  -9.53914e-08  -100
12965  -9.53913e-08  -100
12970  -9.53912e-08  -100
12975  -9.53912e-08  -100
12980  -9.53911e-08  -100
12985  -9.5391e-08  -100
12990  -9.5391e-08  -100
12995  -9.53909e-08  -100
13000  -9.53909e-08  -100
13005  -9.53908e-08  -100
13010  -9.53908e-08  -100
13015  -9.53907e-08  -100
13020  -9.53907e-08  -100
13025  -9.53906e-08  -100
13030  -9.53906e-08  -100
13035  -9.53906e-08  -100
13040  -9.53906e-08  -100
13045  -9.53905e-08  -100
13050  -9.53905e-08  -100
13055  -9.53905e-08  -100
13060  -9.53904e-08  -100
13065  -9.53904e-08  -100
13070  -9.53904e-08  -100
13075  -9.53904e-08  -100
13080  -9.53904e-08  -100
13085  -9.53904e-08  -100
13090  -9.53903e-08  -100
13095  -9.53903e-08  -100
13100  -9.53903e-08  -100
13105  -9.53903e-08  -100
13110  -9.53903e-08  -100
13115  -9.53903e-08  -100
13120  -9.53903e-08  -100
13125  -9.53903e-08  -100
13130  -9.53902e-08  -100
13135  -9.53902e-08  -100
13140  -9.53902e-08  -100
13145  -9.53902e-08  -100
13150  -9.53902e-08  -100
13155  -9.53902e-08  -100
13160  -9.53902e-08  -100
13165  -9.53902e-08  -100
13170  -9.53902e-08  -100
13175  -9.53902e-08  -100
13180  -9.53902e-08  -100
13185  -9.53902e-08  -100
13190  -9.53902e-08  -100
13195  -9.53902e-08  -100
13200  -9.53902e-08  -100
13205  -9.53902e-08  -100
13210  -9.53902e-08  -100
13215  -9.53902e-08  -100
13220  -9.53901e-08  -100
13225  -9.53901e-08  -100
13230  -9.53901e-08  -100
13235  -9.53901e-08  -100
13240  -9.53901e-08  -100
13245  -9.53901e-08  -100
13250  -9.53901e-08  -100
13255  -9.53901e-08  -100
13260  -9.53901e-08  -100
13265  -9.53901e-08  -100
13270  -9.53901e-08  -100
13275  -9.53901e-08  -100
13280  -9.53901e-08  -100
13285  -9.53901e-08  -100
13290  -9.53901e-08  -100
13295  -9.53901e-08  -100
13300  -9.53901e-08  -100
13305  -9.53901e-08  -100
13310  -9.53901e-08  -100
13315  -9.53901e-08  -100
13320  -9.53901e-08  -100
13325  -9.53901e-08  -100
13330  -9.53901e-08  -100
13335  -9.53901e-08  -100
13340  -9.53901e-08  -100
13345  -9.53901e-08  -100
13350  -9.53901e-08  -100
13355  -9.53901e-08  -100
13360  -9.53901e-08  -100
13365  -9.53901e-08  -100
13370  -9.53901e-08  -100
13375  -9.53901e-08  -100
13380  -9.53901e-08  -100
13385  -9.53901e-08  -100
13390  -9.53901e-08  -100
13395  -9.53901e-08  -100
13400  -9.53901e-08  -100
13405  -9.53901e-08  -100
13410  -9.53901e-08  -100
13415  -9.53901e-08  -100
13420  -9.53901e-08  -100
13425  -9.53901e-08  -100
13430  -9.53901e-08  -100
13435  -9.53901e-08  -100
13440  -9.53901e-08  -100
13445  -9.53901e-08  -100
13450  -9.53901e-08  -100
13455  -9.53901e-08  -100
13460  -9.53901e-08  -100
13465  -9.53901e-08  -100
13470  -9.53901e-08  -100
13475  -9.53901e-08  -100
13480  -9.53901e-08  -100
13485  -9.53901e-08  -100
13490  -9.53901e-08  -100
13495  -9.53901e-08  -100
13500  -9.53901e-08  -100
13505  -9.53901e-08  -100
13510  -9.53901e-08  -100
13515  -9.53901e-08  -100
13520  -9.53901e-08  -100
13525  -9.53901e-08  -100
13530  -9.53901e-08  -100
13535  -9.53901e-08  -100
13540  -9.53901e-08  -100
13545  -9.53901e-08  -100
13550  -9.53901e-08  -100
13555  -9.53901e-08  -100
13560  -9.53901e-08  -100
13565  -9.53901e-08  -100
13570  -9.53901e-08  -100
13575  -9.53901e-08  -100
13580  -9.53901e-08  -100
13585  -9.53901e-08  -100
13590  -9.53901e-08  -100
13595  -9.53901e-08  -100
13600  -9.53901e-08  -100
13605  -9.53901e-08  -100
13610  -9.53901e-08  -100
13615  -9.53901e-08  -100
13620  -9.53901e-08  -100
13625  -9.53901e-08  -100
13630  -9.53901e-08  -100
13635  -9.53901e-08  -100
13640  -9.53901e-08  -100
13645  -9.53901e-08  -100
13650  -9.53901e-08  -100
13655  -9.53901e-08  -100
13660  -9.53901e-08  -100
13665  -9.53901e-08  -100
13670  -9.53901e-08  -100
13675  -9.53901e-08  -100
13680  -9.53901e-08  -100
13685  -9.53901e-08  -100
13690  -9.53901e-08  -100
13695  -9.53901e-08  -100
13700  -9.53901e-08  -100
13705  -9.53901e-08  -100
13710  -9.53901e-08  -100
13715  -9.53901e-08  -100
13720  -9.53901e-08  -100
13725  -9.53901e-08  -100
13730  -9.53901e-08  -100
13735  -9.53901e-08  -100
13740  -9.53901e-08  -100
13745  -9.53901e-08  -100
13750  -9.53901e-08  -100
13755  -9.53901e-08  -100
13760  -9.53901e-08  -100
13765  -9.53901e-08  -100
13770  -9.53901e-08  -100
13775  -9.53901e-08  -100
13780  -9.53901e-08  -100
13785  -9.53901e-08  -100
13790  -9.53901e-08  -100
13795  -9.53901e-08  -100
13800  -9.53901e-08  -100
13805  -9.53901e-08  -100
13810  -9.53901e-08  -100
13815  -9.53901e-08  -100
13820  -9.53901e-08  -100
13825  -9.53901e-08  -100
13830  -9.53901e-08  -100
13835  -9.53901e-08  -100
13840  -9.53901e-08  -100
13845  -9.53901e-08  -100
13850  -9.53901e-08  -100
13855  -9.53901e-08  -100
13860  -9.53901e-08  -100
13865  -9.53901e-08  -100
13870  -9.53901e-08  -100
13875  -9.53901e-08  -100
13880  -9.53901e-08  -100
13885  -9.53901e-08  -100
13890  -9.53901e-08  -100
13895  -9.53901e-08  -100
13900  -9.53901e-08  -100
13905  -9.53901e-08  -100
13910  -9.53901e-08  -100
13915  -9.53901e-08  -100
13920  -9.53901e-08  -100
13925  -9.53901e-08  -100
13930  -9.53901e-08  -100
13935  -9.53901e-08  -100
13940  -9.53901e-08  -100
13945  -9.53901e-08  -100
13950  -9.53901e-08  -100
13955  -9.53901e-08  -100
13960  -9.53901e-08  -100
13965  -9.53901e-08  -100
13970  -9.53901e-08  -100
13975  -9.53901e-08  -100
13980  -9.53901e-08  -100
13985  -9.53901e-08  -100
13990  -9.53901e-08  -100
13995  -9.53901e-08  -100
14000  -9.53901e-08  -100
14005  -9.53901e-08  -100
14010  -9.53901e-08  -100
14015  -9.53901e-08  -100
14020  -9.53901e-08  -100
14025  -9.53901e-08  -100
14030  -9.53901e-08  -100
14035  -9.53901e-08  -100
14040  -9.53901e-08  -100
14045  -9.53901e-08  -100
14050  -9.53901e-08  -100
14055  -9.53901e-08  -100
14060  -9.53901e-08  -100
14065  -9.53901e-08  -100
14070  -9.53901e-08  -100
14075  -9.53901e-08  -100
14080  -9.53901e-08  -100
14085  -9.53901e-08  -100
14090  -9.53901e-08  -100
14095  -9.53901e-08  -100
14100  -9.53901e-08  -100
14105  -9.53901e-08  -100
14110  -9.53901e-08  -100
14115  -9.53901e-08  -100
14120  -9.53901e-08  -100
14125  -9.53901e-08  -100
14130  -9.53901e-08  -100
14135  -9.53901e-08  -100
14140  -9.53901e-08  -100
14145  -9.53901e-08  -100
14150  -9.53901e-08  -100
14155  -9.53901e-08  -100
14160  -9.53901e-08  -100
14165  -9.53901e-08  -100
14170  -9.53901e-08  -100
14175  -9.53901e-08  -100
14180  -9.53901e-08  -100
14185  -9.53901e-08  -100
14190  -9.53901e-08  -100
14195  -9.53901e-08  -100
14200  -9.53901e-08  -100
14205  -9.53901e-08  -100
14210  -9.53901e-08  -100
14215  -9.53901e-08  -100
14220  -9.53901e-08  -100
14225  -9.53901e-08  -100
14230  -9.53901e-08  -100
14235  -9.53901e-08  -100
14240  -9.53901e-08  -100
14245  -9.53901e-08  -100
14250  -9.53901e-08  -100
14255  -9.53901e-08  -100
14260  -9.53901e-08  -100
14265  -9.53901e-08  -100
14270  -9.53901e-08  -100
14275  -9.53901e-08  -100
14280  -9.53901e-08  -100
14285  -9.53901e-08  -100
14290  -9.53901e-08  -100
14295  -9.53901e-08  -100
14300  -9.53901e-08  -100
14305  -9.53901e-08  -100
14310  -9.53901e-08  -100
14315  -9.53901e-08  -100
14320  -9.53901e-08  -100
14325  -9.53901e-08  -100
14330  -9.53901e-08  -100
14335  -9.53901e-08  -100
14340  -9.53901e-08  -100
14345  -9.53901e-08  -100
14350  -9.53901e-08  -100
14355  -9.53901e-08  -100
14360  -9.53901e-08  -100
14365  -9.53901e-08  -100
14370  -9.53901e-08  -100
14375  -9.53901e-08  -100
14380  -9.53901e-08  -100
14385  -9.53901e-08  -100
14390  -9.53901e-08  -100
14395  -9.53901e-08  -100
14400  -9.53901e-08  -100
14405  -9.53901e-08  -100
14410  -9.53901e-08  -100
14415  -9.53901e-08  -100
14420  -9.53901e-08  -100
14425  -9.53901e-08  -100
14430  -9.53901e-08  -100
14435  -9.53901e-08  -100
14440  -9.53901e-08  -100
14445  -9.53901e-08  -100
14450  -9.53901e-08  -100
14455  -9.53901e-08  -100
14460  -9.53901e-08  -100
14465  -9.53901e-08  -100
14470  -9.53901e-08  -100
14475  -9.53901e-08  -100
14480  -9.53901e-08  -100
14485  -9.53901e-08  -100
14490  -9.53901e-08  -100
14495  -9.53901e-08  -100
14500  -9.53901e-08  -100
14505  -9.53901e-08  -100
14510  -9.53901e-08  -100
14515  -9.53901e-08  -100
14520  -9.53901e-08  -100
14525  -9.53901e-08  -100
14530  -9.53901e-08  -100
14535  -9.53901e-08  -100
14540  -9.53901e-08  -100
14545  -9.53901e-08  -100
14550  -9.53901e-08  -100
14555  -9.53901e-08  -100
14560  -9.53901e-08  -100
14565  -9.53901e-08  -100
14570  -9.53901e-08  -100
14575  -9.53901e-08  -100
14580  -9.53901e-08  -100
14585  -9.53901e-08  -100
14590  -9.53901e-08  -100
14595  -9.53901e-08  -100
14600  -9.53901e-08  -100
14605  -9.53901e-08  -100
14610  -9.53901e-08  -100
14615  -9.53901e-08  -100
14620  -9.53901e-08  -100
14625  -9.53901e-08  -100
14630  -9.53901e-08  -100
14635  -9.53901e-08  -100
14640  -9.53901e-08  -100
14645  -9.53901e-08  -100
14650  -9.53901e-08  -100
14655  -9.53901e-08  -100
14660  -9.53901e-08  -100
14665  -9.53901e-08  -100
14670  -9.53901e-08  -100
14675  -9.53901e-08  -100
14680  -9.53901e-08  -100
14685  -9.53901e-08  -100
14690  -9.53901e-08  -100
14695  -9.53901e-08  -100
14700  -9.53901e-08  -100
14705  -9.53901e-08  -100
14710  -9.53901e-08  -100
14715  -9.53901e-08  -100
14720  -9.53901e-08  -100
14725  -9.53901e-08  -100
14730  -9.53901e-08  -100
14735  -9.53901e-08  -100
14740  -9.53901e-08  -100
14745  -9.53901e-08  -100
14750  -9.53901e-08  -100
14755  -9.53901e-08  -100
14760  -9.53901e-08  -100
14765  -9.53901e-08  -100
14770  -9.53901e-08  -100
14775  -9.53901e-08  -100
14780  -9.53901e-08  -100
14785  -9.53901e-08  -100
14790  -9.53901e-08  -100
14795  -9.53901e-08  -100
14800  -9.53901e-08  -100
14805  -9.53901e-08  -100
14810  -9.53901e-08  -100
14815  -9.53901e-08  -100
14820  -9.53901e-08  -100
14825  -9.53901e-08  -100
14830  -9.53901e-08  -100
14835  -9.53901e-08  -100
14840  -9.53901e-08  -100
14845  -9.53901e-08  -100
14850  -9.53901e-08  -100
14855  -9.53901e-08  -100
14860  -9.53901e-08  -100
14865  -9.53901e-08  -100
14870  -9.53901e-08  -100
14875  -9.53901e-08  -100
14880  -9.53901e-08  -100
14885  -9.53901e-08  -100
14890  -9.53901e-08  -100
14895  -9.53901e-08  -100
14900  -9.53901e-08  -100
14905  -9.53901e-08  -100
14910  -9.53901e-08  -100
14915  -9.53901e-08  -100
14920  -9.53901e-08  -100
14925  -9.53901e-08  -100
14930  -9.53901e-08  -100
14935  -9.53901e-08  -100
14940  -9.53901e-08  -100
14945  -9.53901e-08  -100
14950  -9.53901e-08  -100
14955  -9.53901e-08  -100
14960  -9.53901e-08  -100
