Parameters for equation: a1*exp(-t/tau1) + a2*exp(-t/tau2)
                     or  a*ar*exp(-t/tau1) + a*(1-ar)*exp(-t/tau2)
                   a*ar=a1 ,  a*(1-ar) = a2 ,  ar = a1/(a1+a2) ,  a = a1 + a2

   iat = 2.54739   t0 = 11000

 Experimental: 
   RMS(i_sim*iat vs i_exp) = 7.77151e-05   tau1 = 187.8   tau2 = 1170   a = 1   ar = 0.3   a1 = 0.3   a2 = 0.7

 LevMar Fitting: 
   RMS(i_sim/a vs i_fit/a) = 3.64798e-07   tau1 = 584.551   tau2 = 1113.05   a = 0.304834   ar = 0.0454116   a1 = 0.013843   a2 = 0.290991

 t-t0  ,  i_exp/iat  ,  i_sim  ,  i_fit  ,  ,  i_exp  ,  i_sim*iat  ,  i_fit*iat  ,  ,  i_exp/iat/a  ,  i_sim/a  ,  i_fit/a
197.5 , 0.273253 , 0.252919 , 0.253553 ,  ,  0.696081 , 0.644281 , 0.645898 ,  ,  0.896399 , 0.829693 , 0.831775 , 
235.525 , 0.258289 , 0.244534 , 0.244747 ,  ,  0.657962 , 0.622923 , 0.623466 ,  ,  0.847311 , 0.802188 , 0.802887 , 
273.55 , 0.244945 , 0.236204 , 0.236255 ,  ,  0.62397 , 0.601703 , 0.601834 ,  ,  0.803536 , 0.774861 , 0.775029 , 
311.575 , 0.23296 , 0.228094 , 0.228066 ,  ,  0.593439 , 0.581043 , 0.580971 ,  ,  0.764219 , 0.748256 , 0.748163 , 
349.6 , 0.222119 , 0.220244 , 0.220167 ,  ,  0.565823 , 0.561047 , 0.560851 ,  ,  0.728656 , 0.722505 , 0.722252 , 
387.625 , 0.212246 , 0.21266 , 0.212549 ,  ,  0.540673 , 0.541728 , 0.541444 ,  ,  0.696269 , 0.697627 , 0.697261 , 
425.65 , 0.203197 , 0.205337 , 0.205201 ,  ,  0.517622 , 0.523073 , 0.522725 ,  ,  0.666583 , 0.673603 , 0.673155 , 
463.675 , 0.194852 , 0.198267 , 0.198112 ,  ,  0.496363 , 0.505062 , 0.504669 ,  ,  0.639207 , 0.650409 , 0.649902 , 
501.7 , 0.187112 , 0.191441 , 0.191275 ,  ,  0.476647 , 0.487674 , 0.48725 ,  ,  0.613817 , 0.628018 , 0.627471 , 
539.725 , 0.179896 , 0.184851 , 0.184678 ,  ,  0.458266 , 0.470888 , 0.470446 ,  ,  0.590146 , 0.6064 , 0.605831 , 
577.75 , 0.173137 , 0.17849 , 0.178314 ,  ,  0.441048 , 0.454682 , 0.454234 ,  ,  0.567973 , 0.585531 , 0.584954 , 
615.775 , 0.166779 , 0.172348 , 0.172174 ,  ,  0.42485 , 0.439037 , 0.438592 ,  ,  0.547114 , 0.565383 , 0.564811 , 
653.8 , 0.160774 , 0.166419 , 0.166249 ,  ,  0.409555 , 0.423933 , 0.4235 ,  ,  0.527416 , 0.545933 , 0.545376 , 
691.825 , 0.155085 , 0.160695 , 0.160532 ,  ,  0.395062 , 0.409352 , 0.408938 ,  ,  0.508753 , 0.527156 , 0.526623 , 
729.85 , 0.149678 , 0.155169 , 0.155016 ,  ,  0.381288 , 0.395275 , 0.394886 ,  ,  0.491015 , 0.509028 , 0.508527 , 
767.875 , 0.144526 , 0.149834 , 0.149693 ,  ,  0.368164 , 0.381686 , 0.381326 ,  ,  0.474114 , 0.491527 , 0.491065 , 
805.9 , 0.139606 , 0.144684 , 0.144556 ,  ,  0.35563 , 0.368566 , 0.368241 ,  ,  0.457973 , 0.474632 , 0.474213 , 
843.925 , 0.134898 , 0.139712 , 0.139599 ,  ,  0.343636 , 0.355901 , 0.355612 ,  ,  0.442528 , 0.458322 , 0.45795 , 
881.95 , 0.130385 , 0.134912 , 0.134814 ,  ,  0.33214 , 0.343673 , 0.343424 ,  ,  0.427724 , 0.442576 , 0.442254 , 
919.975 , 0.126053 , 0.130278 , 0.130196 ,  ,  0.321105 , 0.331869 , 0.33166 ,  ,  0.413512 , 0.427374 , 0.427105 , 
958 , 0.121889 , 0.125805 , 0.125739 ,  ,  0.310498 , 0.320473 , 0.320306 ,  ,  0.399853 , 0.412699 , 0.412484 , 
996.025 , 0.117883 , 0.121486 , 0.121437 ,  ,  0.300293 , 0.309471 , 0.309347 ,  ,  0.386711 , 0.398531 , 0.398371 , 
1034.05 , 0.114024 , 0.117316 , 0.117285 ,  ,  0.290464 , 0.29885 , 0.298769 ,  ,  0.374054 , 0.384853 , 0.384749 , 
1072.07 , 0.110306 , 0.113291 , 0.113276 ,  ,  0.280992 , 0.288597 , 0.288558 ,  ,  0.361856 , 0.371649 , 0.371599 , 
1110.1 , 0.106719 , 0.109405 , 0.109407 ,  ,  0.271856 , 0.278698 , 0.278701 ,  ,  0.35009 , 0.358902 , 0.358905 , 
1148.12 , 0.103259 , 0.105654 , 0.105671 ,  ,  0.263039 , 0.269142 , 0.269185 ,  ,  0.338737 , 0.346595 , 0.346651 , 
1186.15 , 0.0999171 , 0.102032 , 0.102065 ,  ,  0.254528 , 0.259916 , 0.259999 ,  ,  0.327776 , 0.334714 , 0.334822 , 
1224.17 , 0.0966898 , 0.098536 , 0.0985836 ,  ,  0.246306 , 0.251009 , 0.251131 ,  ,  0.317188 , 0.323245 , 0.323401 , 
1262.2 , 0.0935716 , 0.0951607 , 0.0952225 ,  ,  0.238363 , 0.242411 , 0.242568 ,  ,  0.306959 , 0.312172 , 0.312375 , 
1300.22 , 0.090558 , 0.0919021 , 0.0919774 ,  ,  0.230686 , 0.23411 , 0.234302 ,  ,  0.297073 , 0.301482 , 0.301729 , 
1338.25 , 0.0876446 , 0.0887562 , 0.0888443 ,  ,  0.223265 , 0.226096 , 0.226321 ,  ,  0.287516 , 0.291163 , 0.291451 , 
1376.27 , 0.0848276 , 0.0857192 , 0.0858191 ,  ,  0.216089 , 0.21836 , 0.218614 ,  ,  0.278275 , 0.2812 , 0.281527 , 
1414.3 , 0.0821033 , 0.0827873 , 0.0828982 ,  ,  0.209149 , 0.210891 , 0.211174 ,  ,  0.269338 , 0.271582 , 0.271945 , 
1452.32 , 0.0794683 , 0.0799568 , 0.0800778 ,  ,  0.202436 , 0.203681 , 0.203989 ,  ,  0.260694 , 0.262296 , 0.262693 , 
1490.35 , 0.0769193 , 0.0772243 , 0.0773544 ,  ,  0.195943 , 0.19672 , 0.197052 ,  ,  0.252332 , 0.253332 , 0.253759 , 
1528.37 , 0.0744532 , 0.0745863 , 0.0747246 ,  ,  0.189661 , 0.19 , 0.190352 ,  ,  0.244242 , 0.244678 , 0.245132 , 
1566.4 , 0.0720672 , 0.0720395 , 0.0721851 ,  ,  0.183583 , 0.183512 , 0.183883 ,  ,  0.236415 , 0.236324 , 0.236801 , 
1604.42 , 0.0697584 , 0.0695809 , 0.0697328 ,  ,  0.177702 , 0.177249 , 0.177636 ,  ,  0.228841 , 0.228258 , 0.228757 , 
1642.45 , 0.0675242 , 0.0672073 , 0.0673646 ,  ,  0.17201 , 0.171203 , 0.171604 ,  ,  0.221512 , 0.220472 , 0.220988 , 
1680.47 , 0.0653621 , 0.0649159 , 0.0650776 ,  ,  0.166503 , 0.165366 , 0.165778 ,  ,  0.214419 , 0.212955 , 0.213486 , 
1718.5 , 0.0632697 , 0.0627037 , 0.062869 ,  ,  0.161172 , 0.159731 , 0.160152 ,  ,  0.207555 , 0.205698 , 0.20624 , 
1756.52 , 0.0612446 , 0.0605681 , 0.060736 ,  ,  0.156014 , 0.15429 , 0.154718 ,  ,  0.200911 , 0.198692 , 0.199243 , 
1794.55 , 0.0592846 , 0.0585063 , 0.058676 ,  ,  0.151021 , 0.149038 , 0.14947 ,  ,  0.194482 , 0.191929 , 0.192485 , 
1832.57 , 0.0573876 , 0.0565159 , 0.0566864 ,  ,  0.146188 , 0.143968 , 0.144402 ,  ,  0.188258 , 0.185399 , 0.185958 , 
1870.6 , 0.0555514 , 0.0545944 , 0.0547648 ,  ,  0.141511 , 0.139073 , 0.139507 ,  ,  0.182235 , 0.179095 , 0.179655 , 
1908.62 , 0.0537742 , 0.0527393 , 0.0529089 ,  ,  0.136984 , 0.134347 , 0.134779 ,  ,  0.176405 , 0.17301 , 0.173566 , 
1946.65 , 0.0520539 , 0.0509484 , 0.0511164 ,  ,  0.132601 , 0.129785 , 0.130213 ,  ,  0.170762 , 0.167135 , 0.167686 , 
1984.67 , 0.0503888 , 0.0492195 , 0.0493851 ,  ,  0.12836 , 0.125381 , 0.125803 ,  ,  0.165299 , 0.161463 , 0.162006 , 
2022.7 , 0.048777 , 0.0475504 , 0.0477128 ,  ,  0.124254 , 0.121129 , 0.121543 ,  ,  0.160012 , 0.155988 , 0.156521 , 
2060.72 , 0.0472169 , 0.0459391 , 0.0460975 ,  ,  0.12028 , 0.117025 , 0.117428 ,  ,  0.154894 , 0.150702 , 0.151222 , 
2098.75 , 0.0457067 , 0.0443835 , 0.0445373 ,  ,  0.116433 , 0.113062 , 0.113454 ,  ,  0.14994 , 0.145599 , 0.146104 , 
2136.77 , 0.0442449 , 0.0428817 , 0.0430303 ,  ,  0.112709 , 0.109236 , 0.109615 ,  ,  0.145144 , 0.140672 , 0.14116 , 
2174.8 , 0.0428298 , 0.0414319 , 0.0415745 ,  ,  0.109104 , 0.105543 , 0.105906 ,  ,  0.140502 , 0.135916 , 0.136384 , 
2212.82 , 0.0414601 , 0.0400322 , 0.0401684 ,  ,  0.105615 , 0.101977 , 0.102324 ,  ,  0.136009 , 0.131325 , 0.131771 , 
2250.85 , 0.0401341 , 0.038681 , 0.0388101 ,  ,  0.102237 , 0.0985354 , 0.0988642 ,  ,  0.131659 , 0.126892 , 0.127315 , 
2288.87 , 0.0388506 , 0.0373765 , 0.0374979 ,  ,  0.0989676 , 0.0952123 , 0.0955217 ,  ,  0.127449 , 0.122613 , 0.123011 , 
2326.9 , 0.0376082 , 0.0361171 , 0.0362304 ,  ,  0.0958026 , 0.0920043 , 0.0922929 ,  ,  0.123373 , 0.118481 , 0.118853 , 
2364.92 , 0.0364055 , 0.0349013 , 0.035006 ,  ,  0.0927389 , 0.0889072 , 0.0891738 ,  ,  0.119427 , 0.114493 , 0.114836 , 
2402.95 , 0.0352413 , 0.0337276 , 0.0338232 ,  ,  0.0897732 , 0.0859173 , 0.0861607 ,  ,  0.115608 , 0.110643 , 0.110956 , 
2440.97 , 0.0341143 , 0.0325945 , 0.0326805 ,  ,  0.0869023 , 0.0830308 , 0.0832499 ,  ,  0.111911 , 0.106925 , 0.107208 , 
2479 , 0.0330234 , 0.0315006 , 0.0315767 ,  ,  0.0841233 , 0.0802442 , 0.080438 ,  ,  0.108332 , 0.103337 , 0.103586 , 
2517.02 , 0.0319673 , 0.0304445 , 0.0305103 ,  ,  0.0814332 , 0.077554 , 0.0777215 ,  ,  0.104868 , 0.0998725 , 0.100088 , 
2555.05 , 0.0309451 , 0.029425 , 0.0294801 ,  ,  0.0788291 , 0.0749569 , 0.0750972 ,  ,  0.101515 , 0.096528 , 0.0967087 , 
2593.07 , 0.0299555 , 0.0284408 , 0.0284848 ,  ,  0.0763082 , 0.0724497 , 0.0725619 ,  ,  0.0982682 , 0.0932992 , 0.0934438 , 
2631.1 , 0.0289976 , 0.0274906 , 0.0275233 ,  ,  0.073868 , 0.0700291 , 0.0701126 ,  ,  0.0951258 , 0.0901821 , 0.0902896 , 
2669.12 , 0.0280703 , 0.0265733 , 0.0265944 ,  ,  0.0715059 , 0.0676924 , 0.0677463 ,  ,  0.0920839 , 0.0871729 , 0.0872423 , 
2707.15 , 0.0271727 , 0.0256877 , 0.025697 ,  ,  0.0692193 , 0.0654365 , 0.0654602 ,  ,  0.0891392 , 0.0842678 , 0.0842983 , 
2745.17 , 0.0263037 , 0.0248327 , 0.02483 ,  ,  0.0670058 , 0.0632586 , 0.0632516 ,  ,  0.0862887 , 0.0814632 , 0.0814541 , 
2783.2 , 0.0254626 , 0.0240074 , 0.0239923 ,  ,  0.0648631 , 0.0611561 , 0.0611177 ,  ,  0.0835294 , 0.0787556 , 0.0787062 , 
2821.22 , 0.0246484 , 0.0232106 , 0.023183 ,  ,  0.0627889 , 0.0591263 , 0.0590562 ,  ,  0.0808583 , 0.0761417 , 0.0760514 , 
2859.25 , 0.0238602 , 0.0224413 , 0.0224012 ,  ,  0.0607811 , 0.0571667 , 0.0570644 ,  ,  0.0782726 , 0.0736182 , 0.0734864 , 
2897.27 , 0.0230972 , 0.0216987 , 0.0216457 ,  ,  0.0588374 , 0.055275 , 0.0551401 ,  ,  0.0757697 , 0.071182 , 0.0710083 , 
2935.3 , 0.0223586 , 0.0209818 , 0.0209159 ,  ,  0.0569559 , 0.0534487 , 0.0532809 ,  ,  0.0733467 , 0.0688302 , 0.0686141 , 
2973.32 , 0.0216436 , 0.0202897 , 0.0202107 ,  ,  0.0551346 , 0.0516856 , 0.0514846 ,  ,  0.0710013 , 0.0665597 , 0.0663008 , 
3011.35 , 0.0209515 , 0.0196215 , 0.0195294 ,  ,  0.0533715 , 0.0499835 , 0.049749 ,  ,  0.0687308 , 0.0643677 , 0.0640658 , 
3049.37 , 0.0202815 , 0.0189764 , 0.0188712 ,  ,  0.0516648 , 0.0483402 , 0.0480721 ,  ,  0.066533 , 0.0622516 , 0.0619064 , 
3087.4 , 0.019633 , 0.0183537 , 0.0182352 ,  ,  0.0500127 , 0.0467539 , 0.046452 ,  ,  0.0644054 , 0.0602087 , 0.0598199 , 
3125.42 , 0.0190051 , 0.0177525 , 0.0176206 ,  ,  0.0484134 , 0.0452224 , 0.0448866 ,  ,  0.0623459 , 0.0582365 , 0.057804 , 
3163.45 , 0.0183974 , 0.0171721 , 0.0170269 ,  ,  0.0468653 , 0.0437439 , 0.0433741 ,  ,  0.0603522 , 0.0563325 , 0.0558563 , 
3201.47 , 0.0178091 , 0.0166117 , 0.0164532 ,  ,  0.0453666 , 0.0423165 , 0.0419127 ,  ,  0.0584223 , 0.0544944 , 0.0539744 , 
3239.5 , 0.0172396 , 0.0160708 , 0.0158989 ,  ,  0.0439159 , 0.0409386 , 0.0405007 ,  ,  0.0565541 , 0.0527199 , 0.052156 , 
3277.52 , 0.0166883 , 0.0155486 , 0.0153634 ,  ,  0.0425116 , 0.0396083 , 0.0391364 ,  ,  0.0547456 , 0.0510068 , 0.0503991 , 
3315.55 , 0.0161547 , 0.0150445 , 0.0148459 ,  ,  0.0411522 , 0.038324 , 0.0378182 ,  ,  0.052995 , 0.0493529 , 0.0487015 , 
3353.57 , 0.0156381 , 0.0145577 , 0.0143459 ,  ,  0.0398362 , 0.0370842 , 0.0365444 ,  ,  0.0513003 , 0.0477563 , 0.0470612 , 
3391.6 , 0.015138 , 0.0140879 , 0.0138627 ,  ,  0.0385624 , 0.0358873 , 0.0353137 ,  ,  0.0496599 , 0.0462149 , 0.0454763 , 
3429.62 , 0.0146539 , 0.0136343 , 0.0133959 ,  ,  0.0373292 , 0.0347318 , 0.0341246 ,  ,  0.0480719 , 0.0447269 , 0.0439449 , 
3467.65 , 0.0141853 , 0.0131964 , 0.0129448 ,  ,  0.0361355 , 0.0336162 , 0.0329755 ,  ,  0.0465346 , 0.0432903 , 0.0424652 , 
3505.67 , 0.0137317 , 0.0127736 , 0.012509 ,  ,  0.03498 , 0.0325393 , 0.0318653 ,  ,  0.0450466 , 0.0419034 , 0.0410355 , 
3543.7 , 0.0132926 , 0.0123655 , 0.0120879 ,  ,  0.0338614 , 0.0314996 , 0.0307925 ,  ,  0.0436061 , 0.0405645 , 0.0396539 , 
3581.72 , 0.0128676 , 0.0119714 , 0.0116809 ,  ,  0.0327786 , 0.0304959 , 0.0297559 ,  ,  0.0422117 , 0.039272 , 0.038319 , 
3619.75 , 0.0124561 , 0.011591 , 0.0112877 ,  ,  0.0317305 , 0.0295269 , 0.0287542 ,  ,  0.0408619 , 0.0380241 , 0.0370291 , 
3657.77 , 0.0120578 , 0.0112238 , 0.0109078 ,  ,  0.0307158 , 0.0285914 , 0.0277864 ,  ,  0.0395552 , 0.0368195 , 0.0357827 , 
3695.8 , 0.0116722 , 0.0108693 , 0.0105407 ,  ,  0.0297336 , 0.0276883 , 0.0268512 ,  ,  0.0382903 , 0.0356565 , 0.0345784 , 
3733.82 , 0.0112989 , 0.0105271 , 0.0101859 ,  ,  0.0287828 , 0.0268165 , 0.0259475 ,  ,  0.0370659 , 0.0345337 , 0.0334147 , 
3771.85 , 0.0109376 , 0.0101966 , 0.00984314 ,  ,  0.0278624 , 0.0259748 , 0.0250743 ,  ,  0.0358806 , 0.0334498 , 0.0322901 , 
3809.87 , 0.0105879 , 0.00987766 , 0.0095119 ,  ,  0.0269714 , 0.0251622 , 0.0242305 ,  ,  0.0347332 , 0.0324034 , 0.0312036 , 
3847.9 , 0.0102493 , 0.00956972 , 0.00919184 ,  ,  0.0261089 , 0.0243778 , 0.0234152 ,  ,  0.0336226 , 0.0313932 , 0.0301536 , 
3885.92 , 0.00992155 , 0.00927243 , 0.00888256 ,  ,  0.025274 , 0.0236204 , 0.0226273 ,  ,  0.0325474 , 0.0304179 , 0.029139 , 
3923.95 , 0.00960428 , 0.00898542 , 0.0085837 ,  ,  0.0244658 , 0.0228893 , 0.021866 ,  ,  0.0315066 , 0.0294764 , 0.0281586 , 
3961.97 , 0.00929716 , 0.00870835 , 0.00829492 ,  ,  0.0236835 , 0.0221835 , 0.0211304 ,  ,  0.0304991 , 0.0285675 , 0.0272113 , 
