0.005  2.04999e-17  -80
5.005  1.17156e-09  -80
10.005  4.49295e-09  -80
15.005  9.57946e-09  -80
20.005  1.61077e-08  -80
25.005  2.38063e-08  -80
30.005  3.2447e-08  -80
35.005  4.18378e-08  -80
40.005  5.18168e-08  -80
45.005  6.22478e-08  -80
50.005  7.3016e-08  -80
55.005  8.40247e-08  -80
60.005  9.51926e-08  -80
65.005  1.06451e-07  -80
70.005  1.17743e-07  -80
75.005  1.29021e-07  -80
80.005  1.40244e-07  -80
85.005  1.5138e-07  -80
90.005  1.624e-07  -80
95.005  1.73282e-07  -80
100.005  1.84009e-07  -80
105.005  1.94565e-07  -80
110.005  2.04938e-07  -80
115.005  2.1512e-07  -80
120.005  2.25102e-07  -80
125.005  2.34881e-07  -80
130.005  2.44453e-07  -80
135.005  2.53815e-07  -80
140.005  2.62967e-07  -80
145.005  2.71908e-07  -80
150.005  2.80639e-07  -80
155.005  2.89161e-07  -80
160.005  2.97477e-07  -80
165.005  3.05589e-07  -80
170.005  3.13498e-07  -80
175.005  3.2121e-07  -80
180.005  3.28726e-07  -80
185.005  3.3605e-07  -80
190.005  3.43186e-07  -80
195.005  3.50138e-07  -80
200.005  3.56909e-07  -80
205.005  3.63504e-07  -80
210.005  3.69925e-07  -80
215.005  3.76178e-07  -80
220.005  3.82267e-07  -80
225.005  3.88194e-07  -80
230.005  3.93964e-07  -80
235.005  3.99581e-07  -80
240.005  4.05048e-07  -80
245.005  4.10369e-07  -80
250.005  4.15549e-07  -80
255.005  4.2059e-07  -80
260.005  4.25496e-07  -80
265.005  4.3027e-07  -80
270.005  4.34916e-07  -80
275.005  4.39438e-07  -80
280.005  4.43838e-07  -80
285.005  4.4812e-07  -80
290.005  4.52287e-07  -80
295.005  4.56342e-07  -80
300.005  4.60287e-07  -80
305.005  4.64126e-07  -80
310.005  4.67862e-07  -80
315.005  4.71497e-07  -80
320.005  4.75034e-07  -80
325.005  4.78476e-07  -80
330.005  4.81825e-07  -80
335.005  4.85084e-07  -80
340.005  4.88254e-07  -80
345.005  4.91339e-07  -80
350.005  4.94341e-07  -80
355.005  4.97262e-07  -80
360.005  5.00104e-07  -80
365.005  5.02869e-07  -80
370.005  5.05559e-07  -80
375.005  5.08177e-07  -80
380.005  5.10724e-07  -80
385.005  5.13203e-07  -80
390.005  5.15614e-07  -80
395.005  5.17961e-07  -80
400.005  5.20244e-07  -80
405.005  5.22465e-07  -80
410.005  5.24626e-07  -80
415.005  5.26729e-07  -80
420.005  5.28775e-07  -80
425.005  5.30766e-07  -80
430.005  5.32703e-07  -80
435.005  5.34588e-07  -80
440.005  5.36421e-07  -80
445.005  5.38206e-07  -80
450.005  5.39942e-07  -80
455.005  5.41631e-07  -80
460.005  5.43274e-07  -80
465.005  5.44874e-07  -80
470.005  5.46429e-07  -80
475.005  5.47943e-07  -80
480.005  5.49416e-07  -80
485.005  5.50849e-07  -80
490.005  5.52244e-07  -80
495.005  5.53601e-07  -80
500.005  5.54921e-07  -80
505.005  5.56205e-07  -80
510.005  5.57455e-07  -80
515.005  5.58671e-07  -80
520.005  5.59854e-07  -80
525.005  5.61005e-07  -80
530.005  5.62125e-07  -80
535.005  5.63215e-07  -80
540.005  5.64276e-07  -80
545.005  5.65307e-07  -80
550.005  5.66311e-07  -80
555.005  5.67288e-07  -80
560.005  5.68238e-07  -80
565.005  5.69163e-07  -80
570.005  5.70062e-07  -80
575.005  5.70938e-07  -80
580.005  5.71789e-07  -80
585.005  5.72618e-07  -80
590.005  5.73424e-07  -80
595.005  5.74209e-07  -80
600.005  5.74972e-07  -80
605.005  5.75715e-07  -80
610.005  5.76438e-07  -80
615.005  5.77141e-07  -80
620.005  5.77825e-07  -80
625.005  5.7849e-07  -80
630.005  5.79138e-07  -80
635.005  5.79768e-07  -80
640.005  5.80381e-07  -80
645.005  5.80978e-07  -80
650.005  5.81558e-07  -80
655.005  5.82123e-07  -80
660.005  5.82672e-07  -80
665.005  5.83207e-07  -80
670.005  5.83727e-07  -80
675.005  5.84233e-07  -80
680.005  5.84726e-07  -80
685.005  5.85205e-07  -80
690.005  5.85671e-07  -80
695.005  5.86125e-07  -80
700.005  5.86566e-07  -80
705.005  5.86996e-07  -80
710.005  5.87414e-07  -80
715.005  5.8782e-07  -80
720.005  5.88216e-07  -80
725.005  5.88601e-07  -80
730.005  5.88975e-07  -80
735.005  5.89339e-07  -80
740.005  5.89694e-07  -80
745.005  5.90039e-07  -80
750.005  5.90374e-07  -80
755.005  5.90701e-07  -80
760.005  5.91019e-07  -80
765.005  5.91328e-07  -80
770.005  5.91629e-07  -80
775.005  5.91921e-07  -80
780.005  5.92206e-07  -80
785.005  5.92483e-07  -80
790.005  5.92753e-07  -80
795.005  5.93015e-07  -80
800.005  5.9327e-07  -80
805.005  5.93518e-07  -80
810.005  5.9376e-07  -80
815.005  5.93995e-07  -80
820.005  5.94224e-07  -80
825.005  5.94446e-07  -80
830.005  5.94663e-07  -80
835.005  5.94874e-07  -80
840.005  5.95078e-07  -80
845.005  5.95278e-07  -80
850.005  5.95472e-07  -80
855.005  5.95661e-07  -80
860.005  5.95845e-07  -80
865.005  5.96023e-07  -80
870.005  5.96197e-07  -80
875.005  5.96366e-07  -80
880.005  5.96531e-07  -80
885.005  5.96691e-07  -80
890.005  5.96847e-07  -80
895.005  5.96999e-07  -80
900.005  5.97146e-07  -80
905.005  5.9729e-07  -80
910.005  5.9743e-07  -80
915.005  5.97566e-07  -80
920.005  5.97698e-07  -80
925.005  5.97826e-07  -80
930.005  5.97952e-07  -80
935.005  5.98073e-07  -80
940.005  5.98192e-07  -80
945.005  5.98307e-07  -80
950.005  5.98419e-07  -80
955.005  5.98529e-07  -80
960.005  5.98635e-07  -80
965.005  5.98738e-07  -80
970.005  5.98839e-07  -80
975.005  5.98937e-07  -80
980.005  5.99032e-07  -80
985.005  5.99124e-07  -80
990.005  5.99215e-07  -80
995.005  5.99302e-07  -80
1000  5.99388e-07  -80
1005  5.99471e-07  -80
1010  5.99551e-07  -80
1015  5.9963e-07  -80
1020  5.99706e-07  -80
1025  5.99781e-07  -80
1030  5.99853e-07  -80
1035  5.99924e-07  -80
1040  5.99992e-07  -80
1045  6.00059e-07  -80
1050  6.00124e-07  -80
1055  6.00187e-07  -80
1060  6.00248e-07  -80
1065.01  6.00308e-07  -80
1070.01  6.00366e-07  -80
1075.01  6.00423e-07  -80
1080.01  6.00478e-07  -80
1085.01  6.00531e-07  -80
1090.01  6.00584e-07  -80
1095.01  6.00634e-07  -80
1100.01  6.00684e-07  -80
1105.01  6.00732e-07  -80
1110.01  6.00778e-07  -80
1115.01  6.00824e-07  -80
1120.01  6.00868e-07  -80
1125.01  6.00911e-07  -80
1130.01  6.00953e-07  -80
1135.01  6.00994e-07  -80
1140.01  6.01033e-07  -80
1145.01  6.01072e-07  -80
1150.01  6.01109e-07  -80
1155.01  6.01146e-07  -80
1160.01  6.01181e-07  -80
1165.01  6.01216e-07  -80
1170.01  6.01249e-07  -80
1175.01  6.01282e-07  -80
1180.01  6.01314e-07  -80
1185.01  6.01345e-07  -80
1190.01  6.01375e-07  -80
1195.01  6.01404e-07  -80
1200.01  6.01433e-07  -80
1205.01  6.01461e-07  -80
1210.01  6.01488e-07  -80
1215.01  6.01514e-07  -80
1220.01  6.0154e-07  -80
1225.01  6.01564e-07  -80
1230.01  6.01589e-07  -80
1235.01  6.01612e-07  -80
1240.01  6.01635e-07  -80
1245.01  6.01657e-07  -80
1250.01  6.01679e-07  -80
1255.01  6.017e-07  -80
1260.01  6.01721e-07  -80
1265.01  6.01741e-07  -80
1270.01  6.0176e-07  -80
1275.01  6.01779e-07  -80
1280.01  6.01797e-07  -80
1285.01  6.01815e-07  -80
1290.01  6.01833e-07  -80
1295.01  6.0185e-07  -80
1300.01  6.01866e-07  -80
1305.01  6.01882e-07  -80
1310.01  6.01898e-07  -80
1315.01  6.01913e-07  -80
1320.01  6.01928e-07  -80
1325.01  6.01942e-07  -80
1330.01  6.01956e-07  -80
1335.01  6.0197e-07  -80
1340.01  6.01983e-07  -80
1345.01  6.01996e-07  -80
1350.01  6.02008e-07  -80
1355.01  6.02021e-07  -80
1360.01  6.02033e-07  -80
1365.01  6.02044e-07  -80
1370.01  6.02055e-07  -80
1375.01  6.02066e-07  -80
1380.01  6.02077e-07  -80
1385.01  6.02087e-07  -80
1390.01  6.02097e-07  -80
1395.01  6.02107e-07  -80
1400.01  6.02117e-07  -80
1405.01  6.02126e-07  -80
1410.01  6.02135e-07  -80
1415.01  6.02144e-07  -80
1420.01  6.02152e-07  -80
1425.01  6.02161e-07  -80
1430.01  6.02169e-07  -80
1435.01  6.02177e-07  -80
1440.01  6.02184e-07  -80
1445.01  6.02192e-07  -80
1450.01  6.02199e-07  -80
1455.01  6.02206e-07  -80
1460.01  6.02213e-07  -80
1465.01  6.0222e-07  -80
1470.01  6.02226e-07  -80
1475.01  6.02232e-07  -80
1480.01  6.02239e-07  -80
1485.01  6.02245e-07  -80
1490.01  6.0225e-07  -80
1495.01  6.02256e-07  -80
1500.01  6.02262e-07  -80
1505.01  6.02267e-07  -80
1510.01  6.02272e-07  -80
1515.01  6.02277e-07  -80
1520.01  6.02282e-07  -80
1525.01  6.02287e-07  -80
1530.01  6.02292e-07  -80
1535.01  6.02296e-07  -80
1540.01  6.02301e-07  -80
1545.01  6.02305e-07  -80
1550.01  6.02309e-07  -80
1555.01  6.02313e-07  -80
1560.01  6.02317e-07  -80
1565.01  6.02321e-07  -80
1570.01  6.02325e-07  -80
1575.01  6.02328e-07  -80
1580.01  6.02332e-07  -80
1585.01  6.02335e-07  -80
1590.01  6.02339e-07  -80
1595.01  6.02342e-07  -80
1600.01  6.02345e-07  -80
1605.01  6.02348e-07  -80
1610.01  6.02351e-07  -80
1615.01  6.02354e-07  -80
1620.01  6.02357e-07  -80
1625.01  6.0236e-07  -80
1630.01  6.02363e-07  -80
1635.01  6.02365e-07  -80
1640.01  6.02368e-07  -80
1645.01  6.0237e-07  -80
1650.01  6.02373e-07  -80
1655.01  6.02375e-07  -80
1660.01  6.02377e-07  -80
1665.01  6.0238e-07  -80
1670.01  6.02382e-07  -80
1675.01  6.02384e-07  -80
1680.01  6.02386e-07  -80
1685.01  6.02388e-07  -80
1690.01  6.0239e-07  -80
1695.01  6.02392e-07  -80
1700.01  6.02394e-07  -80
1705.01  6.02396e-07  -80
1710.01  6.02397e-07  -80
1715.01  6.02399e-07  -80
1720.01  6.02401e-07  -80
1725.01  6.02402e-07  -80
1730.01  6.02404e-07  -80
1735.01  6.02405e-07  -80
1740.01  6.02407e-07  -80
1745.01  6.02408e-07  -80
1750.01  6.0241e-07  -80
1755.01  6.02411e-07  -80
1760.01  6.02412e-07  -80
1765.01  6.02414e-07  -80
1770.01  6.02415e-07  -80
1775.01  6.02416e-07  -80
1780.01  6.02417e-07  -80
1785.01  6.02418e-07  -80
1790.01  6.0242e-07  -80
1795.01  6.02421e-07  -80
1800.01  6.02422e-07  -80
1805.01  6.02423e-07  -80
1810.01  6.02424e-07  -80
1815.01  6.02425e-07  -80
1820.01  6.02426e-07  -80
1825.01  6.02427e-07  -80
1830.01  6.02428e-07  -80
1835.01  6.02428e-07  -80
1840.01  6.02429e-07  -80
1845.01  6.0243e-07  -80
1850.01  6.02431e-07  -80
1855.01  6.02432e-07  -80
1860.01  6.02433e-07  -80
1865.01  6.02433e-07  -80
1870.01  6.02434e-07  -80
1875.01  6.02435e-07  -80
1880.01  6.02435e-07  -80
1885.01  6.02436e-07  -80
1890.01  6.02437e-07  -80
1895.01  6.02437e-07  -80
1900.01  6.02438e-07  -80
1905.01  6.02439e-07  -80
1910.01  6.02439e-07  -80
1915.01  6.0244e-07  -80
1920.01  6.0244e-07  -80
1925.01  6.02441e-07  -80
1930.01  6.02441e-07  -80
1935.01  6.02442e-07  -80
1940.01  6.02442e-07  -80
1945.01  6.02443e-07  -80
1950.01  6.02443e-07  -80
1955.01  6.02444e-07  -80
1960.01  6.02444e-07  -80
1965.01  6.02445e-07  -80
1970.01  6.02445e-07  -80
1975.01  6.02445e-07  -80
1980.01  6.02446e-07  -80
1985.01  6.02446e-07  -80
1990.01  6.02447e-07  -80
1995.01  6.02447e-07  -80
2000.01  6.02447e-07  -80
2005.01  6.02448e-07  -80
2010.01  6.02448e-07  -80
2015.01  6.02448e-07  -80
2020.01  6.02449e-07  -80
2025.01  6.02449e-07  -80
2030.01  6.02449e-07  -80
2035.01  6.0245e-07  -80
2040.01  6.0245e-07  -80
2045.01  6.0245e-07  -80
2050.01  6.0245e-07  -80
2055.01  6.02451e-07  -80
2060.01  6.02451e-07  -80
2065.01  6.02451e-07  -80
2070.01  6.02451e-07  -80
2075.01  6.02452e-07  -80
2080.01  6.02452e-07  -80
2085.01  6.02452e-07  -80
2090.01  6.02452e-07  -80
2095.01  6.02453e-07  -80
2100.01  6.02453e-07  -80
2105.01  6.02453e-07  -80
2110.01  6.02453e-07  -80
2115.01  6.02453e-07  -80
2120.01  6.02453e-07  -80
2125.01  6.02454e-07  -80
2130.01  6.02454e-07  -80
2135.01  6.02454e-07  -80
2140.01  6.02454e-07  -80
2145.01  6.02454e-07  -80
2150.01  6.02455e-07  -80
2155.01  6.02455e-07  -80
2160.01  6.02455e-07  -80
2165.01  6.02455e-07  -80
2170.01  6.02455e-07  -80
2175.01  6.02455e-07  -80
2180.01  6.02455e-07  -80
2185.01  6.02455e-07  -80
2190.01  6.02456e-07  -80
2195.01  6.02456e-07  -80
2200.01  6.02456e-07  -80
2205.01  6.02456e-07  -80
2210.01  6.02456e-07  -80
2215.01  6.02456e-07  -80
2220.01  6.02456e-07  -80
2225.01  6.02456e-07  -80
2230.01  6.02457e-07  -80
2235.01  6.02457e-07  -80
2240.01  6.02457e-07  -80
2245.01  6.02457e-07  -80
2250.01  6.02457e-07  -80
2255.01  6.02457e-07  -80
2260.01  6.02457e-07  -80
2265.01  6.02457e-07  -80
2270.01  6.02457e-07  -80
2275.01  6.02457e-07  -80
2280.01  6.02457e-07  -80
2285.01  6.02457e-07  -80
2290.01  6.02458e-07  -80
2295.01  6.02458e-07  -80
2300.01  6.02458e-07  -80
2305.01  6.02458e-07  -80
2310.01  6.02458e-07  -80
2315.01  6.02458e-07  -80
2320.01  6.02458e-07  -80
2325.01  6.02458e-07  -80
2330.01  6.02458e-07  -80
2335.01  6.02458e-07  -80
2340.01  6.02458e-07  -80
2345.01  6.02458e-07  -80
2350.01  6.02458e-07  -80
2355.01  6.02458e-07  -80
2360.01  6.02458e-07  -80
2365.01  6.02458e-07  -80
2370.01  6.02458e-07  -80
2375.01  6.02458e-07  -80
2380.01  6.02459e-07  -80
2385.01  6.02459e-07  -80
2390.01  6.02459e-07  -80
2395.01  6.02459e-07  -80
2400.01  6.02459e-07  -80
2405.01  6.02459e-07  -80
2410.01  6.02459e-07  -80
2415.01  6.02459e-07  -80
2420.01  6.02459e-07  -80
2425.01  6.02459e-07  -80
2430.01  6.02459e-07  -80
2435.01  6.02459e-07  -80
2440.01  6.02459e-07  -80
2445.01  6.02459e-07  -80
2450.01  6.02459e-07  -80
2455.01  6.02459e-07  -80
2460.01  6.02459e-07  -80
2465.01  6.02459e-07  -80
2470.01  6.02459e-07  -80
2475.01  6.02459e-07  -80
2480.01  6.02459e-07  -80
2485.01  6.02459e-07  -80
2490.01  6.02459e-07  -80
2495.01  6.02459e-07  -80
2500.01  6.02459e-07  -80
2505.01  6.02459e-07  -80
2510.01  6.02459e-07  -80
2515.01  6.02459e-07  -80
2520.01  6.02459e-07  -80
2525.01  6.02459e-07  -80
2530.01  6.02459e-07  -80
2535.01  6.02459e-07  -80
2540.01  6.02459e-07  -80
2545.01  6.02459e-07  -80
2550.01  6.0246e-07  -80
2555.01  6.0246e-07  -80
2560.01  6.0246e-07  -80
2565.01  6.0246e-07  -80
2570.01  6.0246e-07  -80
2575.01  6.0246e-07  -80
2580.01  6.0246e-07  -80
2585.01  6.0246e-07  -80
2590.01  6.0246e-07  -80
2595.01  6.0246e-07  -80
2600.01  6.0246e-07  -80
2605.01  6.0246e-07  -80
2610.01  6.0246e-07  -80
2615.01  6.0246e-07  -80
2620.01  6.0246e-07  -80
2625.01  6.0246e-07  -80
2630.01  6.0246e-07  -80
2635.01  6.0246e-07  -80
2640.01  6.0246e-07  -80
2645.01  6.0246e-07  -80
2650.01  6.0246e-07  -80
2655.01  6.0246e-07  -80
2660.01  6.0246e-07  -80
2665.01  6.0246e-07  -80
2670.01  6.0246e-07  -80
2675.01  6.0246e-07  -80
2680.01  6.0246e-07  -80
2685.01  6.0246e-07  -80
2690.01  6.0246e-07  -80
2695.01  6.0246e-07  -80
2700.01  6.0246e-07  -80
2705.01  6.0246e-07  -80
2710.01  6.0246e-07  -80
2715.01  6.0246e-07  -80
2720.01  6.0246e-07  -80
2725.01  6.0246e-07  -80
2730.01  6.0246e-07  -80
2735.01  6.0246e-07  -80
2740.01  6.0246e-07  -80
2745.01  6.0246e-07  -80
2750.01  6.0246e-07  -80
2755.01  6.0246e-07  -80
2760.01  6.0246e-07  -80
2765.01  6.0246e-07  -80
2770.01  6.0246e-07  -80
2775.01  6.0246e-07  -80
2780.01  6.0246e-07  -80
2785.01  6.0246e-07  -80
2790.01  6.0246e-07  -80
2795.01  6.0246e-07  -80
2800.01  6.0246e-07  -80
2805.01  6.0246e-07  -80
2810.01  6.0246e-07  -80
2815.01  6.0246e-07  -80
2820.01  6.0246e-07  -80
2825.01  6.0246e-07  -80
2830.01  6.0246e-07  -80
2835.01  6.0246e-07  -80
2840.01  6.0246e-07  -80
2845.01  6.0246e-07  -80
2850.01  6.0246e-07  -80
2855.01  6.0246e-07  -80
2860.01  6.0246e-07  -80
2865.01  6.0246e-07  -80
2870.01  6.0246e-07  -80
2875.01  6.0246e-07  -80
2880.01  6.0246e-07  -80
2885.01  6.0246e-07  -80
2890.01  6.0246e-07  -80
2895.01  6.0246e-07  -80
2900.01  6.0246e-07  -80
2905.01  6.0246e-07  -80
2910.01  6.0246e-07  -80
2915.01  6.0246e-07  -80
2920.01  6.0246e-07  -80
2925.01  6.0246e-07  -80
2930.01  6.0246e-07  -80
2935.01  6.0246e-07  -80
2940.01  6.0246e-07  -80
2945.01  6.0246e-07  -80
2950.01  6.0246e-07  -80
2955.01  6.0246e-07  -80
2960.01  6.0246e-07  -80
2965.01  6.0246e-07  -80
2970.01  6.0246e-07  -80
2975.01  6.0246e-07  -80
2980.01  6.0246e-07  -80
2985.01  6.0246e-07  -80
2990.01  6.0246e-07  -80
2995.01  6.0246e-07  -80
3000.01  6.0246e-07  -80
3005.01  6.0246e-07  -80
3010.01  6.0246e-07  -80
3015.01  6.0246e-07  -80
3020.01  6.0246e-07  -80
3025.01  6.0246e-07  -80
3030.01  6.0246e-07  -80
3035.01  6.0246e-07  -80
3040.01  6.0246e-07  -80
3045.01  6.0246e-07  -80
3050.01  6.0246e-07  -80
3055.01  6.0246e-07  -80
3060.01  6.0246e-07  -80
3065.01  6.0246e-07  -80
3070.01  6.0246e-07  -80
3075.01  6.0246e-07  -80
3080.01  6.0246e-07  -80
3085.01  6.0246e-07  -80
3090.01  6.0246e-07  -80
3095.01  6.0246e-07  -80
3100.01  6.0246e-07  -80
3105.01  6.0246e-07  -80
3110.01  6.0246e-07  -80
3115.01  6.0246e-07  -80
3120.01  6.0246e-07  -80
3125.01  6.0246e-07  -80
3130.01  6.0246e-07  -80
3135.01  6.0246e-07  -80
3140.01  6.0246e-07  -80
3145.01  6.0246e-07  -80
3150.01  6.0246e-07  -80
3155.01  6.0246e-07  -80
3160.01  6.0246e-07  -80
3165.01  6.0246e-07  -80
3170.01  6.0246e-07  -80
3175.01  6.0246e-07  -80
3180.01  6.0246e-07  -80
3185.01  6.0246e-07  -80
3190.01  6.0246e-07  -80
3195.01  6.0246e-07  -80
3200.01  6.0246e-07  -80
3205.01  6.0246e-07  -80
3210.01  6.0246e-07  -80
3215.01  6.0246e-07  -80
3220.01  6.0246e-07  -80
3225.01  6.0246e-07  -80
3230.01  6.0246e-07  -80
3235.01  6.0246e-07  -80
3240.01  6.0246e-07  -80
3245.01  6.0246e-07  -80
3250.01  6.0246e-07  -80
3255.01  6.0246e-07  -80
3260.01  6.0246e-07  -80
3265.01  6.0246e-07  -80
3270.01  6.0246e-07  -80
3275.01  6.0246e-07  -80
3280.01  6.0246e-07  -80
3285.01  6.0246e-07  -80
3290.01  6.0246e-07  -80
3295.01  6.0246e-07  -80
3300.01  6.0246e-07  -80
3305.01  6.0246e-07  -80
3310.01  6.0246e-07  -80
3315.01  6.0246e-07  -80
3320.01  6.0246e-07  -80
3325.01  6.0246e-07  -80
3330.01  6.0246e-07  -80
3335.01  6.0246e-07  -80
3340.01  6.0246e-07  -80
3345.01  6.0246e-07  -80
3350.01  6.0246e-07  -80
3355.01  6.0246e-07  -80
3360.01  6.0246e-07  -80
3365.01  6.0246e-07  -80
3370.01  6.0246e-07  -80
3375.01  6.0246e-07  -80
3380.01  6.0246e-07  -80
3385.01  6.0246e-07  -80
3390.01  6.0246e-07  -80
3395.01  6.0246e-07  -80
3400.01  6.0246e-07  -80
3405.01  6.0246e-07  -80
3410.01  6.0246e-07  -80
3415.01  6.0246e-07  -80
3420.01  6.0246e-07  -80
3425.01  6.0246e-07  -80
3430.01  6.0246e-07  -80
3435.01  6.0246e-07  -80
3440.01  6.0246e-07  -80
3445.01  6.0246e-07  -80
3450.01  6.0246e-07  -80
3455.01  6.0246e-07  -80
3460.01  6.0246e-07  -80
3465.01  6.0246e-07  -80
3470.01  6.0246e-07  -80
3475.01  6.0246e-07  -80
3480.01  6.0246e-07  -80
3485.01  6.0246e-07  -80
3490.01  6.0246e-07  -80
3495.01  6.0246e-07  -80
3500.01  6.0246e-07  -80
3505.01  6.0246e-07  -80
3510.01  6.0246e-07  -80
3515.01  6.0246e-07  -80
3520.01  6.0246e-07  -80
3525.01  6.0246e-07  -80
3530.01  6.0246e-07  -80
3535.01  6.0246e-07  -80
3540.01  6.0246e-07  -80
3545.01  6.0246e-07  -80
3550.01  6.0246e-07  -80
3555.01  6.0246e-07  -80
3560.01  6.0246e-07  -80
3565.01  6.0246e-07  -80
3570.01  6.0246e-07  -80
3575.01  6.0246e-07  -80
3580.01  6.0246e-07  -80
3585.01  6.0246e-07  -80
3590.01  6.0246e-07  -80
3595.01  6.0246e-07  -80
3600.01  6.0246e-07  -80
3605.01  6.0246e-07  -80
3610.01  6.0246e-07  -80
3615.01  6.0246e-07  -80
3620.01  6.0246e-07  -80
3625.01  6.0246e-07  -80
3630.01  6.0246e-07  -80
3635.01  6.0246e-07  -80
3640.01  6.0246e-07  -80
3645.01  6.0246e-07  -80
3650.01  6.0246e-07  -80
3655.01  6.0246e-07  -80
3660.01  6.0246e-07  -80
3665.01  6.0246e-07  -80
3670.01  6.0246e-07  -80
3675.01  6.0246e-07  -80
3680.01  6.0246e-07  -80
3685.01  6.0246e-07  -80
3690.01  6.0246e-07  -80
3695.01  6.0246e-07  -80
3700.01  6.0246e-07  -80
3705.01  6.0246e-07  -80
3710.01  6.0246e-07  -80
3715.01  6.0246e-07  -80
3720.01  6.0246e-07  -80
3725.01  6.0246e-07  -80
3730.01  6.0246e-07  -80
3735.01  6.0246e-07  -80
3740.01  6.0246e-07  -80
3745.01  6.0246e-07  -80
3750.01  6.0246e-07  -80
3755.01  6.0246e-07  -80
3760.01  6.0246e-07  -80
3765.01  6.0246e-07  -80
3770.01  6.0246e-07  -80
3775.01  6.0246e-07  -80
3780.01  6.0246e-07  -80
3785.01  6.0246e-07  -80
3790.01  6.0246e-07  -80
3795.01  6.0246e-07  -80
3800.01  6.0246e-07  -80
3805.01  6.0246e-07  -80
3810.01  6.0246e-07  -80
3815.01  6.0246e-07  -80
3820.01  6.0246e-07  -80
3825.01  6.0246e-07  -80
3830.01  6.0246e-07  -80
3835.01  6.0246e-07  -80
3840.01  6.0246e-07  -80
3845.01  6.0246e-07  -80
3850.01  6.0246e-07  -80
3855.01  6.0246e-07  -80
3860.01  6.0246e-07  -80
3865.01  6.0246e-07  -80
3870.01  6.0246e-07  -80
3875.01  6.0246e-07  -80
3880.01  6.0246e-07  -80
3885.01  6.0246e-07  -80
3890.01  6.0246e-07  -80
3895.01  6.0246e-07  -80
3900.01  6.0246e-07  -80
3905.01  6.0246e-07  -80
3910.01  6.0246e-07  -80
3915.01  6.0246e-07  -80
3920.01  6.0246e-07  -80
3925.01  6.0246e-07  -80
3930.01  6.0246e-07  -80
3935.01  6.0246e-07  -80
3940.01  6.0246e-07  -80
3945.01  6.0246e-07  -80
3950.01  6.0246e-07  -80
3955.01  6.0246e-07  -80
3960.01  6.0246e-07  -80
3965.01  6.0246e-07  -80
3970.01  6.0246e-07  -80
3975.01  6.0246e-07  -80
3980.01  6.0246e-07  -80
3985.01  6.0246e-07  -80
3990.01  6.0246e-07  -80
3995.01  6.0246e-07  -80
4000.01  6.0246e-07  -80
4005.01  6.0246e-07  -80
4010.01  6.0246e-07  -80
4015.01  6.0246e-07  -80
4020.01  6.0246e-07  -80
4025.01  6.0246e-07  -80
4030.01  6.0246e-07  -80
4035.01  6.0246e-07  -80
4040.01  6.0246e-07  -80
4045.01  6.0246e-07  -80
4050.01  6.0246e-07  -80
4055.01  6.0246e-07  -80
4060.01  6.0246e-07  -80
4065.01  6.0246e-07  -80
4070.01  6.0246e-07  -80
4075.01  6.0246e-07  -80
4080.01  6.0246e-07  -80
4085.01  6.0246e-07  -80
4090.01  6.0246e-07  -80
4095.01  6.0246e-07  -80
4100.01  6.0246e-07  -80
4105.01  6.0246e-07  -80
4110.01  6.0246e-07  -80
4115.01  6.0246e-07  -80
4120.01  6.0246e-07  -80
4125.01  6.0246e-07  -80
4130.01  6.0246e-07  -80
4135.01  6.0246e-07  -80
4140.01  6.0246e-07  -80
4145.01  6.0246e-07  -80
4150.01  6.0246e-07  -80
4155.01  6.0246e-07  -80
4160.01  6.0246e-07  -80
4165.01  6.0246e-07  -80
4170.01  6.0246e-07  -80
4175.01  6.0246e-07  -80
4180.01  6.0246e-07  -80
4185.01  6.0246e-07  -80
4190.01  6.0246e-07  -80
4195.01  6.0246e-07  -80
4200.01  6.0246e-07  -80
4205.01  6.0246e-07  -80
4210.01  6.0246e-07  -80
4215.01  6.0246e-07  -80
4220.01  6.0246e-07  -80
4225.01  6.0246e-07  -80
4230.01  6.0246e-07  -80
4235.01  6.0246e-07  -80
4240.01  6.0246e-07  -80
4245.01  6.0246e-07  -80
4250.01  6.0246e-07  -80
4255.01  6.0246e-07  -80
4260.01  6.0246e-07  -80
4265.01  6.0246e-07  -80
4270.01  6.0246e-07  -80
4275.01  6.0246e-07  -80
4280.01  6.0246e-07  -80
4285.01  6.0246e-07  -80
4290.01  6.0246e-07  -80
4295.01  6.0246e-07  -80
4300.01  6.0246e-07  -80
4305.01  6.0246e-07  -80
4310.01  6.0246e-07  -80
4315.01  6.0246e-07  -80
4320.01  6.0246e-07  -80
4325.01  6.0246e-07  -80
4330.01  6.0246e-07  -80
4335.01  6.0246e-07  -80
4340.01  6.0246e-07  -80
4345.01  6.0246e-07  -80
4350.01  6.0246e-07  -80
4355.01  6.0246e-07  -80
4360.01  6.0246e-07  -80
4365.01  6.0246e-07  -80
4370.01  6.0246e-07  -80
4375.01  6.0246e-07  -80
4380.01  6.0246e-07  -80
4385.01  6.0246e-07  -80
4390.01  6.0246e-07  -80
4395.01  6.0246e-07  -80
4400.01  6.0246e-07  -80
4405.01  6.0246e-07  -80
4410.01  6.0246e-07  -80
4415.01  6.0246e-07  -80
4420.01  6.0246e-07  -80
4425.01  6.0246e-07  -80
4430.01  6.0246e-07  -80
4435.01  6.0246e-07  -80
4440.01  6.0246e-07  -80
4445.01  6.0246e-07  -80
4450.01  6.0246e-07  -80
4455.01  6.0246e-07  -80
4460.01  6.0246e-07  -80
4465.01  6.0246e-07  -80
4470.01  6.0246e-07  -80
4475.01  6.0246e-07  -80
4480.01  6.0246e-07  -80
4485.01  6.0246e-07  -80
4490.01  6.0246e-07  -80
4495.01  6.0246e-07  -80
4500.01  6.0246e-07  -80
4505.01  6.0246e-07  -80
4510.01  6.0246e-07  -80
4515.01  6.0246e-07  -80
4520.01  6.0246e-07  -80
4525.01  6.0246e-07  -80
4530.01  6.0246e-07  -80
4535.01  6.0246e-07  -80
4540.01  6.0246e-07  -80
4545.01  6.0246e-07  -80
4550.01  6.0246e-07  -80
4555.01  6.0246e-07  -80
4560.01  6.0246e-07  -80
4565.01  6.0246e-07  -80
4570.01  6.0246e-07  -80
4575.01  6.0246e-07  -80
4580.01  6.0246e-07  -80
4585.01  6.0246e-07  -80
4590.01  6.0246e-07  -80
4595.01  6.0246e-07  -80
4600.01  6.0246e-07  -80
4605.01  6.0246e-07  -80
4610.01  6.0246e-07  -80
4615.01  6.0246e-07  -80
4620.01  6.0246e-07  -80
4625.01  6.0246e-07  -80
4630.01  6.0246e-07  -80
4635.01  6.0246e-07  -80
4640.01  6.0246e-07  -80
4645.01  6.0246e-07  -80
4650.01  6.0246e-07  -80
4655.01  6.0246e-07  -80
4660.01  6.0246e-07  -80
4665.01  6.0246e-07  -80
4670.01  6.0246e-07  -80
4675.01  6.0246e-07  -80
4680.01  6.0246e-07  -80
4685.01  6.0246e-07  -80
4690.01  6.0246e-07  -80
4695.01  6.0246e-07  -80
4700.01  6.0246e-07  -80
4705.01  6.0246e-07  -80
4710.01  6.0246e-07  -80
4715.01  6.0246e-07  -80
4720.01  6.0246e-07  -80
4725.01  6.0246e-07  -80
4730.01  6.0246e-07  -80
4735.01  6.0246e-07  -80
4740.01  6.0246e-07  -80
4745.01  6.0246e-07  -80
4750.01  6.0246e-07  -80
4755.01  6.0246e-07  -80
4760.01  6.0246e-07  -80
4765.01  6.0246e-07  -80
4770.01  6.0246e-07  -80
4775.01  6.0246e-07  -80
4780.01  6.0246e-07  -80
4785.01  6.0246e-07  -80
4790.01  6.0246e-07  -80
4795.01  6.0246e-07  -80
4800.01  6.0246e-07  -80
4805.01  6.0246e-07  -80
4810.01  6.0246e-07  -80
4815.01  6.0246e-07  -80
4820.01  6.0246e-07  -80
4825.01  6.0246e-07  -80
4830.01  6.0246e-07  -80
4835.01  6.0246e-07  -80
4840.01  6.0246e-07  -80
4845.01  6.0246e-07  -80
4850.01  6.0246e-07  -80
4855.01  6.0246e-07  -80
4860.01  6.0246e-07  -80
4865.01  6.0246e-07  -80
4870.01  6.0246e-07  -80
4875.01  6.0246e-07  -80
4880.01  6.0246e-07  -80
4885.01  6.0246e-07  -80
4890.01  6.0246e-07  -80
4895.01  6.0246e-07  -80
4900.01  6.0246e-07  -80
4905.01  6.0246e-07  -80
4910.01  6.0246e-07  -80
4915.01  6.0246e-07  -80
4920.01  6.0246e-07  -80
4925.01  6.0246e-07  -80
4930.01  6.0246e-07  -80
4935.01  6.0246e-07  -80
4940.01  6.0246e-07  -80
4945.01  6.0246e-07  -80
4950.01  6.0246e-07  -80
4955.01  6.0246e-07  -80
4960.01  6.0246e-07  -80
4965.01  6.0246e-07  -80
4970.01  6.0246e-07  -80
4975.01  6.0246e-07  -80
4980.01  6.0246e-07  -80
4985.01  6.0246e-07  -80
4990.01  6.0246e-07  -80
4995.01  6.0246e-07  -80
5000.01  6.0246e-07  -80
5005.01  6.0246e-07  -80
5010.01  6.0246e-07  -80
5015.01  6.0246e-07  -80
5020.01  6.0246e-07  -80
5025.01  6.0246e-07  -80
5030.01  6.0246e-07  -80
5035.01  6.0246e-07  -80
5040.01  6.0246e-07  -80
5045.01  6.0246e-07  -80
5050.01  6.0246e-07  -80
5055.01  6.0246e-07  -80
5060.01  6.0246e-07  -80
5065.01  6.0246e-07  -80
5070.01  6.0246e-07  -80
5075.01  6.0246e-07  -80
5080.01  6.0246e-07  -80
5085.01  6.0246e-07  -80
5090.01  6.0246e-07  -80
5095.01  6.0246e-07  -80
5100.01  6.0246e-07  -80
5105.01  6.0246e-07  -80
5110.01  6.0246e-07  -80
5115.01  6.0246e-07  -80
5120.01  6.0246e-07  -80
5125.01  6.0246e-07  -80
5130.01  6.0246e-07  -80
5135.01  6.0246e-07  -80
5140.01  6.0246e-07  -80
5145.01  6.0246e-07  -80
5150.01  6.0246e-07  -80
5155.01  6.0246e-07  -80
5160.01  6.0246e-07  -80
5165.01  6.0246e-07  -80
5170.01  6.0246e-07  -80
5175.01  6.0246e-07  -80
5180.01  6.0246e-07  -80
5185.01  6.0246e-07  -80
5190.01  6.0246e-07  -80
5195.01  6.0246e-07  -80
5200.01  6.0246e-07  -80
5205.01  6.0246e-07  -80
5210.01  6.0246e-07  -80
5215.01  6.0246e-07  -80
5220.01  6.0246e-07  -80
5225.01  6.0246e-07  -80
5230.01  6.0246e-07  -80
5235.01  6.0246e-07  -80
5240.01  6.0246e-07  -80
5245.01  6.0246e-07  -80
5250.01  6.0246e-07  -80
5255.01  6.0246e-07  -80
5260.01  6.0246e-07  -80
5265.01  6.0246e-07  -80
5270.01  6.0246e-07  -80
5275.01  6.0246e-07  -80
5280.01  6.0246e-07  -80
5285.01  6.0246e-07  -80
5290.01  6.0246e-07  -80
5295.01  6.0246e-07  -80
5300.01  6.0246e-07  -80
5305.01  6.0246e-07  -80
5310.01  6.0246e-07  -80
5315.01  6.0246e-07  -80
5320.01  6.0246e-07  -80
5325.01  6.0246e-07  -80
5330.01  6.0246e-07  -80
5335.01  6.0246e-07  -80
5340.01  6.0246e-07  -80
5345.01  6.0246e-07  -80
5350.01  6.0246e-07  -80
5355.01  6.0246e-07  -80
5360.01  6.0246e-07  -80
5365.01  6.0246e-07  -80
5370.01  6.0246e-07  -80
5375.01  6.0246e-07  -80
5380.01  6.0246e-07  -80
5385.01  6.0246e-07  -80
5390.01  6.0246e-07  -80
5395.01  6.0246e-07  -80
5400.01  6.0246e-07  -80
5405.01  6.0246e-07  -80
5410.01  6.0246e-07  -80
5415.01  6.0246e-07  -80
5420.01  6.0246e-07  -80
5425.01  6.0246e-07  -80
5430.01  6.0246e-07  -80
5435.01  6.0246e-07  -80
5440.01  6.0246e-07  -80
5445.01  6.0246e-07  -80
5450.01  6.0246e-07  -80
5455.01  6.0246e-07  -80
5460.01  6.0246e-07  -80
5465.01  6.0246e-07  -80
5470.01  6.0246e-07  -80
5475.01  6.0246e-07  -80
5480.01  6.0246e-07  -80
5485.01  6.0246e-07  -80
5490.01  6.0246e-07  -80
5495.01  6.0246e-07  -80
5500.01  6.0246e-07  -80
5505.01  6.0246e-07  -80
5510.01  6.0246e-07  -80
5515.01  6.0246e-07  -80
5520.01  6.0246e-07  -80
5525.01  6.0246e-07  -80
5530.01  6.0246e-07  -80
5535.01  6.0246e-07  -80
5540.01  6.0246e-07  -80
5545.01  6.0246e-07  -80
5550.01  6.0246e-07  -80
5555.01  6.0246e-07  -80
5560.01  6.0246e-07  -80
5565.01  6.0246e-07  -80
5570.01  6.0246e-07  -80
5575.01  6.0246e-07  -80
5580.01  6.0246e-07  -80
5585.01  6.0246e-07  -80
5590.01  6.0246e-07  -80
5595.01  6.0246e-07  -80
5600.01  6.0246e-07  -80
5605.01  6.0246e-07  -80
5610.01  6.0246e-07  -80
5615.01  6.0246e-07  -80
5620.01  6.0246e-07  -80
5625.01  6.0246e-07  -80
5630.01  6.0246e-07  -80
5635.01  6.0246e-07  -80
5640.01  6.0246e-07  -80
5645.01  6.0246e-07  -80
5650.01  6.0246e-07  -80
5655.01  6.0246e-07  -80
5660.01  6.0246e-07  -80
5665.01  6.0246e-07  -80
5670.01  6.0246e-07  -80
5675.01  6.0246e-07  -80
5680.01  6.0246e-07  -80
5685.01  6.0246e-07  -80
5690.01  6.0246e-07  -80
5695.01  6.0246e-07  -80
5700.01  6.0246e-07  -80
5705.01  6.0246e-07  -80
5710.01  6.0246e-07  -80
5715.01  6.0246e-07  -80
5720.01  6.0246e-07  -80
5725.01  6.0246e-07  -80
5730.01  6.0246e-07  -80
5735.01  6.0246e-07  -80
5740.01  6.0246e-07  -80
5745.01  6.0246e-07  -80
5750.01  6.0246e-07  -80
5755.01  6.0246e-07  -80
5760.01  6.0246e-07  -80
5765.01  6.0246e-07  -80
5770.01  6.0246e-07  -80
5775.01  6.0246e-07  -80
5780.01  6.0246e-07  -80
5785.01  6.0246e-07  -80
5790.01  6.0246e-07  -80
5795.01  6.0246e-07  -80
5800.01  6.0246e-07  -80
5805.01  6.0246e-07  -80
5810.01  6.0246e-07  -80
5815.01  6.0246e-07  -80
5820.01  6.0246e-07  -80
5825.01  6.0246e-07  -80
5830.01  6.0246e-07  -80
5835.01  6.0246e-07  -80
5840.01  6.0246e-07  -80
5845.01  6.0246e-07  -80
5850.01  6.0246e-07  -80
5855.01  6.0246e-07  -80
5860.01  6.0246e-07  -80
5865.01  6.0246e-07  -80
5870.01  6.0246e-07  -80
5875.01  6.0246e-07  -80
5880.01  6.0246e-07  -80
5885.01  6.0246e-07  -80
5890.01  6.0246e-07  -80
5895.01  6.0246e-07  -80
5900.01  6.0246e-07  -80
5905.01  6.0246e-07  -80
5910.01  6.0246e-07  -80
5915.01  6.0246e-07  -80
5920.01  6.0246e-07  -80
5925.01  6.0246e-07  -80
5930.01  6.0246e-07  -80
5935.01  6.0246e-07  -80
5940.01  6.0246e-07  -80
5945.01  6.0246e-07  -80
5950.01  6.0246e-07  -80
5955.01  6.0246e-07  -80
5960.01  6.0246e-07  -80
5965.01  6.0246e-07  -80
5970.01  6.0246e-07  -80
5975.01  6.0246e-07  -80
5980.01  6.0246e-07  -80
5985.01  6.0246e-07  -80
5990.01  6.0246e-07  -80
5995.01  6.0246e-07  -80
6000.01  6.0246e-07  -80
6005.01  6.0246e-07  -80
6010.01  6.0246e-07  -80
6015.01  6.0246e-07  -80
6020.01  6.0246e-07  -80
6025.01  6.0246e-07  -80
6030.01  6.0246e-07  -80
6035.01  6.0246e-07  -80
6040.01  6.0246e-07  -80
6045.01  6.0246e-07  -80
6050.01  6.0246e-07  -80
6055.01  6.0246e-07  -80
6060.01  6.0246e-07  -80
6065.01  6.0246e-07  -80
6070.01  6.0246e-07  -80
6075.01  6.0246e-07  -80
6080.01  6.0246e-07  -80
6085.01  6.0246e-07  -80
6090.01  6.0246e-07  -80
6095.01  6.0246e-07  -80
6100.01  6.0246e-07  -80
6105.01  6.0246e-07  -80
6110.01  6.0246e-07  -80
6115.01  6.0246e-07  -80
6120.01  6.0246e-07  -80
6125.01  6.0246e-07  -80
6130.01  6.0246e-07  -80
6135.01  6.0246e-07  -80
6140.01  6.0246e-07  -80
6145.01  6.0246e-07  -80
6150.01  6.0246e-07  -80
6155.01  6.0246e-07  -80
6160.01  6.0246e-07  -80
6165.01  6.0246e-07  -80
6170.01  6.0246e-07  -80
6175.01  6.0246e-07  -80
6180.01  6.0246e-07  -80
6185.01  6.0246e-07  -80
6190.01  6.0246e-07  -80
6195.01  6.0246e-07  -80
6200.01  6.0246e-07  -80
6205.01  6.0246e-07  -80
6210.01  6.0246e-07  -80
6215.01  6.0246e-07  -80
6220.01  6.0246e-07  -80
6225.01  6.0246e-07  -80
6230.01  6.0246e-07  -80
6235.01  6.0246e-07  -80
6240.01  6.0246e-07  -80
6245.01  6.0246e-07  -80
6250.01  6.0246e-07  -80
6255.01  6.0246e-07  -80
6260.01  6.0246e-07  -80
6265.01  6.0246e-07  -80
6270.01  6.0246e-07  -80
6275.01  6.0246e-07  -80
6280.01  6.0246e-07  -80
6285.01  6.0246e-07  -80
6290.01  6.0246e-07  -80
6295.01  6.0246e-07  -80
6300.01  6.0246e-07  -80
6305.01  6.0246e-07  -80
6310.01  6.0246e-07  -80
6315.01  6.0246e-07  -80
6320.01  6.0246e-07  -80
6325.01  6.0246e-07  -80
6330.01  6.0246e-07  -80
6335.01  6.0246e-07  -80
6340.01  6.0246e-07  -80
6345.01  6.0246e-07  -80
6350.01  6.0246e-07  -80
6355.01  6.0246e-07  -80
6360.01  6.0246e-07  -80
6365.01  6.0246e-07  -80
6370.01  6.0246e-07  -80
6375.01  6.0246e-07  -80
6380.01  6.0246e-07  -80
6385.01  6.0246e-07  -80
6390.01  6.0246e-07  -80
6395.01  6.0246e-07  -80
6400.01  6.0246e-07  -80
6405.01  6.0246e-07  -80
6410.01  6.0246e-07  -80
6415.01  6.0246e-07  -80
6420.01  6.0246e-07  -80
6425.01  6.0246e-07  -80
6430.01  6.0246e-07  -80
6435.01  6.0246e-07  -80
6440.01  6.0246e-07  -80
6445.01  6.0246e-07  -80
6450.01  6.0246e-07  -80
6455.01  6.0246e-07  -80
6460.01  6.0246e-07  -80
6465.01  6.0246e-07  -80
6470.01  6.0246e-07  -80
6475.01  6.0246e-07  -80
6480.01  6.0246e-07  -80
6485.01  6.0246e-07  -80
6490.01  6.0246e-07  -80
6495.01  6.0246e-07  -80
6500.01  6.0246e-07  -80
6505.01  6.0246e-07  -80
6510.01  6.0246e-07  -80
6515.01  6.0246e-07  -80
6520.01  6.0246e-07  -80
6525.01  6.0246e-07  -80
6530.01  6.0246e-07  -80
6535.01  6.0246e-07  -80
6540.01  6.0246e-07  -80
6545.01  6.0246e-07  -80
6550.01  6.0246e-07  -80
6555.01  6.0246e-07  -80
6560.01  6.0246e-07  -80
6565.01  6.0246e-07  -80
6570.01  6.0246e-07  -80
6575.01  6.0246e-07  -80
6580.01  6.0246e-07  -80
6585.01  6.0246e-07  -80
6590.01  6.0246e-07  -80
6595.01  6.0246e-07  -80
6600.01  6.0246e-07  -80
6605.01  6.0246e-07  -80
6610.01  6.0246e-07  -80
6615.01  6.0246e-07  -80
6620.01  6.0246e-07  -80
6625.01  6.0246e-07  -80
6630.01  6.0246e-07  -80
6635.01  6.0246e-07  -80
6640.01  6.0246e-07  -80
6645.01  6.0246e-07  -80
6650.01  6.0246e-07  -80
6655.01  6.0246e-07  -80
6660.01  6.0246e-07  -80
6665.01  6.0246e-07  -80
6670.01  6.0246e-07  -80
6675.01  6.0246e-07  -80
6680.01  6.0246e-07  -80
6685.01  6.0246e-07  -80
6690.01  6.0246e-07  -80
6695.01  6.0246e-07  -80
6700.01  6.0246e-07  -80
6705.01  6.0246e-07  -80
6710.01  6.0246e-07  -80
6715.01  6.0246e-07  -80
6720.01  6.0246e-07  -80
6725.01  6.0246e-07  -80
6730.01  6.0246e-07  -80
6735.01  6.0246e-07  -80
6740.01  6.0246e-07  -80
6745.01  6.0246e-07  -80
6750.01  6.0246e-07  -80
6755.01  6.0246e-07  -80
6760.01  6.0246e-07  -80
6765.01  6.0246e-07  -80
6770.01  6.0246e-07  -80
6775.01  6.0246e-07  -80
6780.01  6.0246e-07  -80
6785.01  6.0246e-07  -80
6790.01  6.0246e-07  -80
6795.01  6.0246e-07  -80
6800.01  6.0246e-07  -80
6805.01  6.0246e-07  -80
6810.01  6.0246e-07  -80
6815.01  6.0246e-07  -80
6820.01  6.0246e-07  -80
6825.01  6.0246e-07  -80
6830.01  6.0246e-07  -80
6835.01  6.0246e-07  -80
6840.01  6.0246e-07  -80
6845.01  6.0246e-07  -80
6850.01  6.0246e-07  -80
6855.01  6.0246e-07  -80
6860.01  6.0246e-07  -80
6865.01  6.0246e-07  -80
6870.01  6.0246e-07  -80
6875.01  6.0246e-07  -80
6880.01  6.0246e-07  -80
6885.01  6.0246e-07  -80
6890.01  6.0246e-07  -80
6895.01  6.0246e-07  -80
6900.01  6.0246e-07  -80
6905.01  6.0246e-07  -80
6910.01  6.0246e-07  -80
6915.01  6.0246e-07  -80
6920.01  6.0246e-07  -80
6925.01  6.0246e-07  -80
6930.01  6.0246e-07  -80
6935.01  6.0246e-07  -80
6940.01  6.0246e-07  -80
6945.01  6.0246e-07  -80
6950.01  6.0246e-07  -80
6955.01  6.0246e-07  -80
6960.01  6.0246e-07  -80
6965.01  6.0246e-07  -80
6970.01  6.0246e-07  -80
6975.01  6.0246e-07  -80
6980.01  6.0246e-07  -80
6985.01  6.0246e-07  -80
6990.01  6.0246e-07  -80
6995.01  6.0246e-07  -80
7000.01  6.0246e-07  -80
7005.01  6.0246e-07  -80
7010.01  6.0246e-07  -80
7015.01  6.0246e-07  -80
7020.01  6.0246e-07  -80
7025.01  6.0246e-07  -80
7030.01  6.0246e-07  -80
7035.01  6.0246e-07  -80
7040.01  6.0246e-07  -80
7045.01  6.0246e-07  -80
7050.01  6.0246e-07  -80
7055.01  6.0246e-07  -80
7060.01  6.0246e-07  -80
7065.01  6.0246e-07  -80
7070.01  6.0246e-07  -80
7075.01  6.0246e-07  -80
7080.01  6.0246e-07  -80
7085.01  6.0246e-07  -80
7090.01  6.0246e-07  -80
7095.01  6.0246e-07  -80
7100.01  6.0246e-07  -80
7105.01  6.0246e-07  -80
7110.01  6.0246e-07  -80
7115.01  6.0246e-07  -80
7120.01  6.0246e-07  -80
7125.01  6.0246e-07  -80
7130.01  6.0246e-07  -80
7135.01  6.0246e-07  -80
7140.01  6.0246e-07  -80
7145.01  6.0246e-07  -80
7150.01  6.0246e-07  -80
7155.01  6.0246e-07  -80
7160.01  6.0246e-07  -80
7165.01  6.0246e-07  -80
7170.01  6.0246e-07  -80
7175.01  6.0246e-07  -80
7180.01  6.0246e-07  -80
7185.01  6.0246e-07  -80
7190.01  6.0246e-07  -80
7195.01  6.0246e-07  -80
7200.01  6.0246e-07  -80
7205.01  6.0246e-07  -80
7210.01  6.0246e-07  -80
7215.01  6.0246e-07  -80
7220.01  6.0246e-07  -80
7225.01  6.0246e-07  -80
7230.01  6.0246e-07  -80
7235.01  6.0246e-07  -80
7240.01  6.0246e-07  -80
7245.01  6.0246e-07  -80
7250.01  6.0246e-07  -80
7255.01  6.0246e-07  -80
7260.01  6.0246e-07  -80
7265.01  6.0246e-07  -80
7270.01  6.0246e-07  -80
7275.01  6.0246e-07  -80
7280.01  6.0246e-07  -80
7285.01  6.0246e-07  -80
7290.01  6.0246e-07  -80
7295.01  6.0246e-07  -80
7300.01  6.0246e-07  -80
7305.01  6.0246e-07  -80
7310.01  6.0246e-07  -80
7315.01  6.0246e-07  -80
7320.01  6.0246e-07  -80
7325.01  6.0246e-07  -80
7330.01  6.0246e-07  -80
7335.01  6.0246e-07  -80
7340.01  6.0246e-07  -80
7345.01  6.0246e-07  -80
7350.01  6.0246e-07  -80
7355.01  6.0246e-07  -80
7360.01  6.0246e-07  -80
7365.01  6.0246e-07  -80
7370.01  6.0246e-07  -80
7375.01  6.0246e-07  -80
7380.01  6.0246e-07  -80
7385.01  6.0246e-07  -80
7390.01  6.0246e-07  -80
7395.01  6.0246e-07  -80
7400.01  6.0246e-07  -80
7405.01  6.0246e-07  -80
7410.01  6.0246e-07  -80
7415.01  6.0246e-07  -80
7420.01  6.0246e-07  -80
7425.01  6.0246e-07  -80
7430.01  6.0246e-07  -80
7435.01  6.0246e-07  -80
7440.01  6.0246e-07  -80
7445.01  6.0246e-07  -80
7450.01  6.0246e-07  -80
7455.01  6.0246e-07  -80
7460.01  6.0246e-07  -80
7465.01  6.0246e-07  -80
7470.01  6.0246e-07  -80
7475.01  6.0246e-07  -80
7480.01  6.0246e-07  -80
7485.01  6.0246e-07  -80
7490.01  6.0246e-07  -80
7495.01  6.0246e-07  -80
7500.01  6.0246e-07  -80
7505.01  6.0246e-07  -80
7510.01  6.0246e-07  -80
7515.01  6.0246e-07  -80
7520.01  6.0246e-07  -80
7525.01  6.0246e-07  -80
7530.01  6.0246e-07  -80
7535.01  6.0246e-07  -80
7540.01  6.0246e-07  -80
7545.01  6.0246e-07  -80
7550.01  6.0246e-07  -80
7555.01  6.0246e-07  -80
7560.01  6.0246e-07  -80
7565.01  6.0246e-07  -80
7570.01  6.0246e-07  -80
7575.01  6.0246e-07  -80
7580.01  6.0246e-07  -80
7585.01  6.0246e-07  -80
7590.01  6.0246e-07  -80
7595.01  6.0246e-07  -80
7600.01  6.0246e-07  -80
7605.01  6.0246e-07  -80
7610.01  6.0246e-07  -80
7615.01  6.0246e-07  -80
7620.01  6.0246e-07  -80
7625.01  6.0246e-07  -80
7630.01  6.0246e-07  -80
7635.01  6.0246e-07  -80
7640.01  6.0246e-07  -80
7645.01  6.0246e-07  -80
7650.01  6.0246e-07  -80
7655.01  6.0246e-07  -80
7660.01  6.0246e-07  -80
7665.01  6.0246e-07  -80
7670.01  6.0246e-07  -80
7675.01  6.0246e-07  -80
7680.01  6.0246e-07  -80
7685.01  6.0246e-07  -80
7690.01  6.0246e-07  -80
7695.01  6.0246e-07  -80
7700.01  6.0246e-07  -80
7705.01  6.0246e-07  -80
7710.01  6.0246e-07  -80
7715.01  6.0246e-07  -80
7720.01  6.0246e-07  -80
7725.01  6.0246e-07  -80
7730.01  6.0246e-07  -80
7735.01  6.0246e-07  -80
7740.01  6.0246e-07  -80
7745.01  6.0246e-07  -80
7750.01  6.0246e-07  -80
7755.01  6.0246e-07  -80
7760.01  6.0246e-07  -80
7765.01  6.0246e-07  -80
7770.01  6.0246e-07  -80
7775.01  6.0246e-07  -80
7780.01  6.0246e-07  -80
7785.01  6.0246e-07  -80
7790.01  6.0246e-07  -80
7795.01  6.0246e-07  -80
7800.01  6.0246e-07  -80
7805.01  6.0246e-07  -80
7810.01  6.0246e-07  -80
7815.01  6.0246e-07  -80
7820.01  6.0246e-07  -80
7825.01  6.0246e-07  -80
7830.01  6.0246e-07  -80
7835.01  6.0246e-07  -80
7840.01  6.0246e-07  -80
7845.01  6.0246e-07  -80
7850.01  6.0246e-07  -80
7855.01  6.0246e-07  -80
7860.01  6.0246e-07  -80
7865.01  6.0246e-07  -80
7870.01  6.0246e-07  -80
7875.01  6.0246e-07  -80
7880.01  6.0246e-07  -80
7885.01  6.0246e-07  -80
7890.01  6.0246e-07  -80
7895.01  6.0246e-07  -80
7900.01  6.0246e-07  -80
7905.01  6.0246e-07  -80
7910.01  6.0246e-07  -80
7915.01  6.0246e-07  -80
7920.01  6.0246e-07  -80
7925.01  6.0246e-07  -80
7930.01  6.0246e-07  -80
7935.01  6.0246e-07  -80
7940.01  6.0246e-07  -80
7945.01  6.0246e-07  -80
7950.01  6.0246e-07  -80
7955.01  6.0246e-07  -80
7960.01  6.0246e-07  -80
7965.01  6.0246e-07  -80
7970.01  6.0246e-07  -80
7975.01  6.0246e-07  -80
7980.01  6.0246e-07  -80
7985.01  6.0246e-07  -80
7990.01  6.0246e-07  -80
7995.01  6.0246e-07  -80
8000.01  6.0246e-07  -80
8005.01  6.0246e-07  -80
8010.01  6.0246e-07  -80
8015.01  6.0246e-07  -80
8020.01  6.0246e-07  -80
8025.01  6.0246e-07  -80
8030.01  6.0246e-07  -80
8035.01  6.0246e-07  -80
8040.01  6.0246e-07  -80
8045.01  6.0246e-07  -80
8050.01  6.0246e-07  -80
8055.01  6.0246e-07  -80
8060.01  6.0246e-07  -80
8065.01  6.0246e-07  -80
8070.01  6.0246e-07  -80
8075.01  6.0246e-07  -80
8080.01  6.0246e-07  -80
8085.01  6.0246e-07  -80
8090.01  6.0246e-07  -80
8095.01  6.0246e-07  -80
8100.01  6.0246e-07  -80
8105.01  6.0246e-07  -80
8110.01  6.0246e-07  -80
8115.01  6.0246e-07  -80
8120.01  6.0246e-07  -80
8125.01  6.0246e-07  -80
8130.01  6.0246e-07  -80
8135.01  6.0246e-07  -80
8140.01  6.0246e-07  -80
8145.01  6.0246e-07  -80
8150.01  6.0246e-07  -80
8155.01  6.0246e-07  -80
8160.01  6.0246e-07  -80
8165.01  6.0246e-07  -80
8170.01  6.0246e-07  -80
8175.01  6.0246e-07  -80
8180.01  6.0246e-07  -80
8185.01  6.0246e-07  -80
8190.01  6.0246e-07  -80
8195.01  6.0246e-07  -80
8200.01  6.0246e-07  -80
8205.01  6.0246e-07  -80
8210.01  6.0246e-07  -80
8215.01  6.0246e-07  -80
8220.01  6.0246e-07  -80
8225.01  6.0246e-07  -80
8230.01  6.0246e-07  -80
8235.01  6.0246e-07  -80
8240.01  6.0246e-07  -80
8245.01  6.0246e-07  -80
8250.01  6.0246e-07  -80
8255.01  6.0246e-07  -80
8260.01  6.0246e-07  -80
8265.01  6.0246e-07  -80
8270.01  6.0246e-07  -80
8275.01  6.0246e-07  -80
8280.01  6.0246e-07  -80
8285.01  6.0246e-07  -80
8290.01  6.0246e-07  -80
8295.01  6.0246e-07  -80
8300.01  6.0246e-07  -80
8305.01  6.0246e-07  -80
8310.01  6.0246e-07  -80
8315.01  6.0246e-07  -80
8320.01  6.0246e-07  -80
8325.01  6.0246e-07  -80
8330.01  6.0246e-07  -80
8335.01  6.0246e-07  -80
8340.01  6.0246e-07  -80
8345.01  6.0246e-07  -80
8350.01  6.0246e-07  -80
8355.01  6.0246e-07  -80
8360.01  6.0246e-07  -80
8365.01  6.0246e-07  -80
8370.01  6.0246e-07  -80
8375.01  6.0246e-07  -80
8380.01  6.0246e-07  -80
8385.01  6.0246e-07  -80
8390.01  6.0246e-07  -80
8395.01  6.0246e-07  -80
8400.01  6.0246e-07  -80
8405.01  6.0246e-07  -80
8410.01  6.0246e-07  -80
8415.01  6.0246e-07  -80
8420.01  6.0246e-07  -80
8425.01  6.0246e-07  -80
8430.01  6.0246e-07  -80
8435.01  6.0246e-07  -80
8440.01  6.0246e-07  -80
8445.01  6.0246e-07  -80
8450.01  6.0246e-07  -80
8455.01  6.0246e-07  -80
8460.01  6.0246e-07  -80
8465.01  6.0246e-07  -80
8470.01  6.0246e-07  -80
8475.01  6.0246e-07  -80
8480.01  6.0246e-07  -80
8485.01  6.0246e-07  -80
8490.01  6.0246e-07  -80
8495.01  6.0246e-07  -80
8500.01  6.0246e-07  -80
8505.01  6.0246e-07  -80
8510.01  6.0246e-07  -80
8515.01  6.0246e-07  -80
8520.01  6.0246e-07  -80
8525.01  6.0246e-07  -80
8530.01  6.0246e-07  -80
8535.01  6.0246e-07  -80
8540.01  6.0246e-07  -80
8545.01  6.0246e-07  -80
8550.01  6.0246e-07  -80
8555.01  6.0246e-07  -80
8560.01  6.0246e-07  -80
8565.01  6.0246e-07  -80
8570.01  6.0246e-07  -80
8575.01  6.0246e-07  -80
8580.01  6.0246e-07  -80
8585.01  6.0246e-07  -80
8590.01  6.0246e-07  -80
8595.01  6.0246e-07  -80
8600.01  6.0246e-07  -80
8605.01  6.0246e-07  -80
8610.01  6.0246e-07  -80
8615.01  6.0246e-07  -80
8620.01  6.0246e-07  -80
8625.01  6.0246e-07  -80
8630.01  6.0246e-07  -80
8635.01  6.0246e-07  -80
8640.01  6.0246e-07  -80
8645.01  6.0246e-07  -80
8650.01  6.0246e-07  -80
8655.01  6.0246e-07  -80
8660.01  6.0246e-07  -80
8665.01  6.0246e-07  -80
8670.01  6.0246e-07  -80
8675.01  6.0246e-07  -80
8680.01  6.0246e-07  -80
8685.01  6.0246e-07  -80
8690.01  6.0246e-07  -80
8695.01  6.0246e-07  -80
8700.01  6.0246e-07  -80
8705.01  6.0246e-07  -80
8710.01  6.0246e-07  -80
8715.01  6.0246e-07  -80
8720.01  6.0246e-07  -80
8725.01  6.0246e-07  -80
8730.01  6.0246e-07  -80
8735.01  6.0246e-07  -80
8740.01  6.0246e-07  -80
8745.01  6.0246e-07  -80
8750.01  6.0246e-07  -80
8755.01  6.0246e-07  -80
8760.01  6.0246e-07  -80
8765.01  6.0246e-07  -80
8770.01  6.0246e-07  -80
8775.01  6.0246e-07  -80
8780.01  6.0246e-07  -80
8785.01  6.0246e-07  -80
8790.01  6.0246e-07  -80
8795.01  6.0246e-07  -80
8800.01  6.0246e-07  -80
8805.01  6.0246e-07  -80
8810.01  6.0246e-07  -80
8815.01  6.0246e-07  -80
8820.01  6.0246e-07  -80
8825.01  6.0246e-07  -80
8830.01  6.0246e-07  -80
8835.01  6.0246e-07  -80
8840.01  6.0246e-07  -80
8845.01  6.0246e-07  -80
8850.01  6.0246e-07  -80
8855.01  6.0246e-07  -80
8860.01  6.0246e-07  -80
8865.01  6.0246e-07  -80
8870.01  6.0246e-07  -80
8875.01  6.0246e-07  -80
8880.01  6.0246e-07  -80
8885.01  6.0246e-07  -80
8890.01  6.0246e-07  -80
8895.01  6.0246e-07  -80
8900.01  6.0246e-07  -80
8905.01  6.0246e-07  -80
8910.01  6.0246e-07  -80
8915.01  6.0246e-07  -80
8920.01  6.0246e-07  -80
8925.01  6.0246e-07  -80
8930.01  6.0246e-07  -80
8935.01  6.0246e-07  -80
8940.01  6.0246e-07  -80
8945.01  6.0246e-07  -80
8950.01  6.0246e-07  -80
8955.01  6.0246e-07  -80
8960.01  6.0246e-07  -80
8965.01  6.0246e-07  -80
8970.01  6.0246e-07  -80
8975.01  6.0246e-07  -80
8980.01  6.0246e-07  -80
8985.01  6.0246e-07  -80
8990.01  6.0246e-07  -80
8995.01  6.0246e-07  -80
9000.01  6.0246e-07  -80
9005.01  6.0246e-07  -80
9010.01  6.0246e-07  -80
9015.01  6.0246e-07  -80
9020.01  6.0246e-07  -80
9025.01  6.0246e-07  -80
9030.01  6.0246e-07  -80
9035.01  6.0246e-07  -80
9040.01  6.0246e-07  -80
9045.01  6.0246e-07  -80
9050.01  6.0246e-07  -80
9055.01  6.0246e-07  -80
9060.01  6.0246e-07  -80
9065.01  6.0246e-07  -80
9070.01  6.0246e-07  -80
9075.01  6.0246e-07  -80
9080.01  6.0246e-07  -80
9085.01  6.0246e-07  -80
9090.01  6.0246e-07  -80
9095.01  6.0246e-07  -80
9100.01  6.0246e-07  -80
9105.01  6.0246e-07  -80
9110.01  6.0246e-07  -80
9115.01  6.0246e-07  -80
9120.01  6.0246e-07  -80
9125.01  6.0246e-07  -80
9130.01  6.0246e-07  -80
9135.01  6.0246e-07  -80
9140.01  6.0246e-07  -80
9145.01  6.0246e-07  -80
9150.01  6.0246e-07  -80
9155.01  6.0246e-07  -80
9160.01  6.0246e-07  -80
9165  6.0246e-07  -80
9170  6.0246e-07  -80
9175  6.0246e-07  -80
9180  6.0246e-07  -80
9185  6.0246e-07  -80
9190  6.0246e-07  -80
9195  6.0246e-07  -80
9200  6.0246e-07  -80
9205  6.0246e-07  -80
9210  6.0246e-07  -80
9215  6.0246e-07  -80
9220  6.0246e-07  -80
9225  6.0246e-07  -80
9230  6.0246e-07  -80
9235  6.0246e-07  -80
9240  6.0246e-07  -80
9245  6.0246e-07  -80
9250  6.0246e-07  -80
9255  6.0246e-07  -80
9260  6.0246e-07  -80
9265  6.0246e-07  -80
9270  6.0246e-07  -80
9275  6.0246e-07  -80
9280  6.0246e-07  -80
9285  6.0246e-07  -80
9290  6.0246e-07  -80
9295  6.0246e-07  -80
9300  6.0246e-07  -80
9305  6.0246e-07  -80
9310  6.0246e-07  -80
9315  6.0246e-07  -80
9320  6.0246e-07  -80
9325  6.0246e-07  -80
9330  6.0246e-07  -80
9335  6.0246e-07  -80
9340  6.0246e-07  -80
9345  6.0246e-07  -80
9350  6.0246e-07  -80
9355  6.0246e-07  -80
9360  6.0246e-07  -80
9365  6.0246e-07  -80
9370  6.0246e-07  -80
9375  6.0246e-07  -80
9380  6.0246e-07  -80
9385  6.0246e-07  -80
9390  6.0246e-07  -80
9395  6.0246e-07  -80
9400  6.0246e-07  -80
9405  6.0246e-07  -80
9410  6.0246e-07  -80
9415  6.0246e-07  -80
9420  6.0246e-07  -80
9425  6.0246e-07  -80
9430  6.0246e-07  -80
9435  6.0246e-07  -80
9440  6.0246e-07  -80
9445  6.0246e-07  -80
9450  6.0246e-07  -80
9455  6.0246e-07  -80
9460  6.0246e-07  -80
9465  6.0246e-07  -80
9470  6.0246e-07  -80
9475  6.0246e-07  -80
9480  6.0246e-07  -80
9485  6.0246e-07  -80
9490  6.0246e-07  -80
9495  6.0246e-07  -80
9500  6.0246e-07  -80
9505  6.0246e-07  -80
9510  6.0246e-07  -80
9515  6.0246e-07  -80
9520  6.0246e-07  -80
9525  6.0246e-07  -80
9530  6.0246e-07  -80
9535  6.0246e-07  -80
9540  6.0246e-07  -80
9545  6.0246e-07  -80
9550  6.0246e-07  -80
9555  6.0246e-07  -80
9560  6.0246e-07  -80
9565  6.0246e-07  -80
9570  6.0246e-07  -80
9575  6.0246e-07  -80
9580  6.0246e-07  -80
9585  6.0246e-07  -80
9590  6.0246e-07  -80
9595  6.0246e-07  -80
9600  6.0246e-07  -80
9605  6.0246e-07  -80
9610  6.0246e-07  -80
9615  6.0246e-07  -80
9620  6.0246e-07  -80
9625  6.0246e-07  -80
9630  6.0246e-07  -80
9635  6.0246e-07  -80
9640  6.0246e-07  -80
9645  6.0246e-07  -80
9650  6.0246e-07  -80
9655  6.0246e-07  -80
9660  6.0246e-07  -80
9665  6.0246e-07  -80
9670  6.0246e-07  -80
9675  6.0246e-07  -80
9680  6.0246e-07  -80
9685  6.0246e-07  -80
9690  6.0246e-07  -80
9695  6.0246e-07  -80
9700  6.0246e-07  -80
9705  6.0246e-07  -80
9710  6.0246e-07  -80
9715  6.0246e-07  -80
9720  6.0246e-07  -80
9725  6.0246e-07  -80
9730  6.0246e-07  -80
9735  6.0246e-07  -80
9740  6.0246e-07  -80
9745  6.0246e-07  -80
9750  6.0246e-07  -80
9755  6.0246e-07  -80
9760  6.0246e-07  -80
9765  6.0246e-07  -80
9770  6.0246e-07  -80
9775  6.0246e-07  -80
9780  6.0246e-07  -80
9785  6.0246e-07  -80
9790  6.0246e-07  -80
9795  6.0246e-07  -80
9800  6.0246e-07  -80
9805  6.0246e-07  -80
9810  6.0246e-07  -80
9815  6.0246e-07  -80
9820  6.0246e-07  -80
9825  6.0246e-07  -80
9830  6.0246e-07  -80
9835  6.0246e-07  -80
9840  6.0246e-07  -80
9845  6.0246e-07  -80
9850  6.0246e-07  -80
9855  6.0246e-07  -80
9860  6.0246e-07  -80
9865  6.0246e-07  -80
9870  6.0246e-07  -80
9875  6.0246e-07  -80
9880  6.0246e-07  -80
9885  6.0246e-07  -80
9890  6.0246e-07  -80
9895  6.0246e-07  -80
9900  6.0246e-07  -80
9905  6.0246e-07  -80
9910  6.0246e-07  -80
9915  6.0246e-07  -80
9920  6.0246e-07  -80
9925  6.0246e-07  -80
9930  6.0246e-07  -80
9935  6.0246e-07  -80
9940  6.0246e-07  -80
9945  6.0246e-07  -80
9950  6.0246e-07  -80
9955  6.0246e-07  -80
9960  6.0246e-07  -80
9965  6.0246e-07  -80
9970  6.0246e-07  -80
9975  6.0246e-07  -80
9980  6.0246e-07  -80
9985  6.0246e-07  -80
9990  6.0246e-07  -80
9995  6.0246e-07  -80
10000  1.92373e-05  40
10005  0.00103243  40
10010  0.00399218  40
10015  0.00761342  40
10020  0.0109927  40
10025  0.013766  40
10030  0.0158576  40
10035  0.0173227  40
10040  0.0182647  40
10045  0.0187945  40
10050  0.0190121  40
10055  0.0190008  40
10060  0.0188264  40
10065  0.0185392  40
10070  0.0181767  40
10075  0.0177662  40
10080  0.0173275  40
10085  0.0168745  40
10090  0.0164169  40
10095  0.0159615  40
10100  0.0155128  40
10105  0.0150737  40
10110  0.0146462  40
10115  0.0142314  40
10120  0.0138299  40
10125  0.0134419  40
10130  0.0130674  40
10135  0.0127064  40
10140  0.0123584  40
10145  0.0120232  40
10150  0.0117005  40
10155  0.0113898  40
10160  0.0110907  40
10165  0.0108028  40
10170  0.0105258  40
10175  0.0102592  40
10180  0.0100027  40
10185  0.00975583  40
10190  0.00951829  40
10195  0.00928972  40
10200  0.00906979  40
10205  0.00885816  40
10210  0.00865453  40
10215  0.0084586  40
10220  0.00827006  40
10225  0.00808866  40
10230  0.00791411  40
10235  0.00774616  40
10240  0.00758455  40
10245  0.00742905  40
10250  0.00727943  40
10255  0.00713547  40
10260  0.00699694  40
10265  0.00686365  40
10270  0.0067354  40
10275  0.006612  40
10280  0.00649326  40
10285  0.00637901  40
10290  0.00626907  40
10295  0.00616329  40
10300  0.00606151  40
10305  0.00596358  40
10310  0.00586935  40
10315  0.00577868  40
10320  0.00569143  40
10325  0.00560749  40
10330  0.00552671  40
10335  0.00544899  40
10340  0.00537421  40
10345  0.00530225  40
10350  0.00523301  40
10355  0.00516639  40
10360  0.00510229  40
10365  0.00504061  40
10370  0.00498126  40
10375  0.00492416  40
10380  0.00486921  40
10385  0.00481634  40
10390  0.00476547  40
10395  0.00471652  40
10400  0.00466942  40
10405  0.0046241  40
10410  0.0045805  40
10415  0.00453854  40
10420  0.00449817  40
10425  0.00445932  40
10430  0.00442194  40
10435  0.00438598  40
10440  0.00435137  40
10445  0.00431808  40
10450  0.00428604  40
10455  0.00425521  40
10460  0.00422554  40
10465  0.004197  40
10470  0.00416954  40
10475  0.00414311  40
10480  0.00411769  40
10485  0.00409322  40
10490  0.00406968  40
10495  0.00404703  40
10500  0.00402523  40
10505  0.00400426  40
10510  0.00398408  40
10515  0.00396467  40
10520  0.00394599  40
10525  0.00392801  40
10530  0.00391071  40
10535  0.00389407  40
10540  0.00387806  40
10545  0.00386265  40
10550  0.00384782  40
10555  0.00383356  40
10560  0.00381983  40
10565  0.00380662  40
10570  0.00379391  40
10575  0.00378169  40
10580  0.00376992  40
10585  0.0037586  40
10590  0.0037477  40
10595  0.00373722  40
10600  0.00372714  40
10605  0.00371743  40
10610  0.00370809  40
10615  0.00369911  40
10620  0.00369046  40
10625  0.00368215  40
10630  0.00367414  40
10635  0.00366644  40
10640  0.00365903  40
10645  0.0036519  40
10650  0.00364504  40
10655  0.00363844  40
10660  0.00363209  40
10665  0.00362597  40
10670  0.00362009  40
10675  0.00361443  40
10680  0.00360899  40
10685  0.00360375  40
10690  0.00359871  40
10695  0.00359386  40
10700  0.00358919  40
10705  0.0035847  40
10710  0.00358038  40
10715  0.00357622  40
10720  0.00357222  40
10725  0.00356837  40
10730  0.00356467  40
10735  0.00356111  40
10740  0.00355768  40
10745  0.00355438  40
10750  0.0035512  40
10755  0.00354815  40
10760  0.00354521  40
10765  0.00354238  40
10770  0.00353966  40
10775  0.00353704  40
10780  0.00353452  40
10785  0.0035321  40
10790  0.00352976  40
10795  0.00352752  40
10800  0.00352536  40
10805  0.00352328  40
10810  0.00352128  40
10815  0.00351936  40
10820  0.00351751  40
10825  0.00351572  40
10830  0.00351401  40
10835  0.00351236  40
10840  0.00351077  40
10845  0.00350925  40
10850  0.00350778  40
10855  0.00350636  40
10860  0.003505  40
10865  0.0035037  40
10870  0.00350244  40
10875  0.00350122  40
10880  0.00350006  40
10885  0.00349894  40
10890  0.00349786  40
10895  0.00349682  40
10900  0.00349582  40
10905  0.00349486  40
10910  0.00349393  40
10915  0.00349304  40
10920  0.00349219  40
10925  0.00349136  40
10930  0.00349057  40
10935  0.00348981  40
10940  0.00348907  40
10945  0.00348836  40
10950  0.00348768  40
10955  0.00348703  40
10960  0.0034864  40
10965  0.0034858  40
10970  0.00348521  40
10975  0.00348465  40
10980  0.00348411  40
10985  0.00348359  40
10990  0.00348309  40
10995  0.00348261  40
11000  -0.00150255  -120
11000  0.00104332  -60
11005  0.043543  -60
11010  0.0786893  -60
11015  0.107691  -60
11020  0.131559  -60
11025  0.151138  -60
11030  0.167135  -60
11035  0.18014  -60
11040  0.190647  -60
11045  0.199069  -60
11050  0.205751  -60
11055  0.210981  -60
11060  0.215001  -60
11065  0.218012  -60
11070  0.220183  -60
11075  0.221654  -60
11080  0.222544  -60
11085  0.22295  -60
11090  0.222956  -60
11095  0.222629  -60
11100  0.222028  -60
11105  0.2212  -60
11110  0.220185  -60
11115  0.219018  -60
11120  0.217725  -60
11125  0.21633  -60
11130  0.214853  -60
11135  0.21331  -60
11140  0.211715  -60
11145  0.210079  -60
11150  0.208412  -60
11155  0.20672  -60
11160  0.205012  -60
11165  0.203292  -60
11170  0.201565  -60
11175  0.199835  -60
11180  0.198105  -60
11185  0.196377  -60
11190  0.194653  -60
11195  0.192936  -60
11200  0.191227  -60
11205  0.189527  -60
11210  0.187837  -60
11215  0.186157  -60
11220  0.184489  -60
11225  0.182834  -60
11230  0.18119  -60
11235  0.179559  -60
11240  0.177941  -60
11245  0.176336  -60
11250  0.174745  -60
11255  0.173167  -60
11260  0.171602  -60
11265  0.170051  -60
11270  0.168513  -60
11275  0.166988  -60
11280  0.165477  -60
11285  0.163979  -60
11290  0.162495  -60
11295  0.161024  -60
11300  0.159565  -60
11305  0.15812  -60
11310  0.156688  -60
11315  0.155269  -60
11320  0.153862  -60
11325  0.152468  -60
11330  0.151087  -60
11335  0.149718  -60
11340  0.148362  -60
11345  0.147018  -60
11350  0.145686  -60
11355  0.144366  -60
11360  0.143057  -60
11365  0.141761  -60
11370  0.140477  -60
11375  0.139204  -60
11380  0.137943  -60
11385  0.136693  -60
11390  0.135454  -60
11395  0.134227  -60
11400  0.133011  -60
11405  0.131805  -60
11410  0.130611  -60
11415  0.129428  -60
11420  0.128255  -60
11425  0.127093  -60
11430  0.125941  -60
11435  0.1248  -60
11440  0.12367  -60
11445  0.122549  -60
11450  0.121439  -60
11455  0.120339  -60
11460  0.119248  -60
11465  0.118168  -60
11470  0.117097  -60
11475  0.116036  -60
11480  0.114985  -60
11485  0.113943  -60
11490  0.112911  -60
11495  0.111888  -60
11500  0.110875  -60
11505  0.10987  -60
11510  0.108875  -60
11515  0.107889  -60
11520  0.106911  -60
11525  0.105943  -60
11530  0.104983  -60
11535  0.104032  -60
11540  0.10309  -60
11545  0.102156  -60
11550  0.10123  -60
11555  0.100313  -60
11560  0.0994046  -60
11565  0.0985042  -60
11570  0.0976119  -60
11575  0.0967278  -60
11580  0.0958516  -60
11585  0.0949834  -60
11590  0.0941231  -60
11595  0.0932706  -60
11600  0.0924258  -60
11605  0.0915886  -60
11610  0.0907591  -60
11615  0.0899371  -60
11620  0.0891225  -60
11625  0.0883153  -60
11630  0.0875155  -60
11635  0.0867229  -60
11640  0.0859375  -60
11645  0.0851592  -60
11650  0.084388  -60
11655  0.0836237  -60
11660  0.0828664  -60
11665  0.082116  -60
11670  0.0813723  -60
11675  0.0806355  -60
11680  0.0799053  -60
11685  0.0791817  -60
11690  0.0784647  -60
11695  0.0777541  -60
11700  0.0770501  -60
11705  0.0763524  -60
11710  0.075661  -60
11715  0.0749759  -60
11720  0.074297  -60
11725  0.0736243  -60
11730  0.0729577  -60
11735  0.0722971  -60
11740  0.0716426  -60
11745  0.0709939  -60
11750  0.0703511  -60
11755  0.0697142  -60
11760  0.0690831  -60
11765  0.0684576  -60
11770  0.0678379  -60
11775  0.0672237  -60
11780  0.0666152  -60
11785  0.0660121  -60
11790  0.0654145  -60
11795  0.0648224  -60
11800  0.0642356  -60
11805  0.0636541  -60
11810  0.0630779  -60
11815  0.0625069  -60
11820  0.0619411  -60
11825  0.0613805  -60
11830  0.0608249  -60
11835  0.0602744  -60
11840  0.0597288  -60
11845  0.0591882  -60
11850  0.0586525  -60
11855  0.0581217  -60
11860  0.0575957  -60
11865  0.0570744  -60
11870  0.0565579  -60
11875  0.0560461  -60
11880  0.0555389  -60
11885  0.0550363  -60
11890  0.0545382  -60
11895  0.0540447  -60
11900  0.0535557  -60
11905  0.0530711  -60
11910  0.0525908  -60
11915  0.052115  -60
11920  0.0516434  -60
11925  0.0511762  -60
11930  0.0507131  -60
11935  0.0502543  -60
11940  0.0497996  -60
11945  0.0493491  -60
11950  0.0489026  -60
11955  0.0484602  -60
11960  0.0480218  -60
11965  0.0475874  -60
11970  0.0471569  -60
11975  0.0467303  -60
11980  0.0463076  -60
11985  0.0458887  -60
11990  0.0454737  -60
11995  0.0450624  -60
12000  0.0446548  -60
12005  0.0442509  -60
12010  0.0438507  -60
12015  0.0434541  -60
12020  0.0430611  -60
12025  0.0426716  -60
12030  0.0422857  -60
12035  0.0419033  -60
12040  0.0415244  -60
12045  0.0411489  -60
12050  0.0407768  -60
12055  0.0404081  -60
12060  0.0400427  -60
12065  0.0396807  -60
12070  0.0393219  -60
12075  0.0389664  -60
12080  0.0386141  -60
12085  0.038265  -60
12090  0.037919  -60
12095  0.0375762  -60
12100  0.0372366  -60
12105  0.0368999  -60
12110  0.0365664  -60
12115  0.0362359  -60
12120  0.0359083  -60
12125  0.0355838  -60
12130  0.0352621  -60
12135  0.0349434  -60
12140  0.0346276  -60
12145  0.0343147  -60
12150  0.0340046  -60
12155  0.0336973  -60
12160  0.0333928  -60
12165  0.033091  -60
12170  0.032792  -60
12175  0.0324957  -60
12180  0.0322021  -60
12185  0.0319111  -60
12190  0.0316228  -60
12195  0.0313371  -60
12200  0.031054  -60
12205  0.0307735  -60
12210  0.0304955  -60
12215  0.03022  -60
12220  0.0299471  -60
12225  0.0296766  -60
12230  0.0294085  -60
12235  0.0291429  -60
12240  0.0288797  -60
12245  0.0286189  -60
12250  0.0283604  -60
12255  0.0281043  -60
12260  0.0278505  -60
12265  0.027599  -60
12270  0.0273498  -60
12275  0.0271029  -60
12280  0.0268582  -60
12285  0.0266157  -60
12290  0.0263754  -60
12295  0.0261373  -60
12300  0.0259014  -60
12305  0.0256676  -60
12310  0.0254359  -60
12315  0.0252063  -60
12320  0.0249788  -60
12325  0.0247533  -60
12330  0.02453  -60
12335  0.0243086  -60
12340  0.0240892  -60
12345  0.0238718  -60
12350  0.0236564  -60
12355  0.023443  -60
12360  0.0232315  -60
12365  0.0230219  -60
12370  0.0228142  -60
12375  0.0226084  -60
12380  0.0224045  -60
12385  0.0222024  -60
12390  0.0220021  -60
12395  0.0218037  -60
12400  0.021607  -60
12405  0.0214122  -60
12410  0.0212191  -60
12415  0.0210277  -60
12420  0.0208381  -60
12425  0.0206502  -60
12430  0.020464  -60
12435  0.0202795  -60
12440  0.0200967  -60
12445  0.0199156  -60
12450  0.019736  -60
12455  0.0195582  -60
12460  0.0193819  -60
12465  0.0192072  -60
12470  0.0190341  -60
12475  0.0188626  -60
12480  0.0186926  -60
12485  0.0185242  -60
12490  0.0183573  -60
12495  0.0181919  -60
12500  0.018028  -60
12505  0.0178656  -60
12510  0.0177047  -60
12515  0.0175452  -60
12520  0.0173872  -60
12525  0.0172306  -60
12530  0.0170754  -60
12535  0.0169217  -60
12540  0.0167693  -60
12545  0.0166183  -60
12550  0.0164687  -60
12555  0.0163204  -60
12560  0.0161735  -60
12565  0.0160279  -60
12570  0.0158837  -60
12575  0.0157407  -60
12580  0.0155991  -60
12585  0.0154587  -60
12590  0.0153196  -60
12595  0.0151817  -60
12600  0.0150452  -60
12605  0.0149098  -60
12610  0.0147757  -60
12615  0.0146428  -60
12620  0.0145111  -60
12625  0.0143806  -60
12630  0.0142512  -60
12635  0.0141231  -60
12640  0.0139961  -60
12645  0.0138703  -60
12650  0.0137456  -60
12655  0.013622  -60
12660  0.0134996  -60
12665  0.0133782  -60
12670  0.013258  -60
12675  0.0131389  -60
12680  0.0130208  -60
12685  0.0129038  -60
12690  0.0127879  -60
12695  0.012673  -60
12700  0.0125592  -60
12705  0.0124464  -60
12710  0.0123346  -60
12715  0.0122238  -60
12720  0.0121141  -60
12725  0.0120053  -60
12730  0.0118975  -60
12735  0.0117907  -60
12740  0.0116849  -60
12745  0.01158  -60
12750  0.0114761  -60
12755  0.0113731  -60
12760  0.0112711  -60
12765  0.0111699  -60
12770  0.0110697  -60
12775  0.0109704  -60
12780  0.010872  -60
12785  0.0107745  -60
12790  0.0106779  -60
12795  0.0105822  -60
12800  0.0104873  -60
12805  0.0103933  -60
12810  0.0103001  -60
12815  0.0102078  -60
12820  0.0101163  -60
12825  0.0100257  -60
12830  0.00993587  -60
12835  0.00984686  -60
12840  0.00975865  -60
12845  0.00967125  -60
12850  0.00958463  -60
12855  0.00949881  -60
12860  0.00941376  -60
12865  0.00932948  -60
12870  0.00924597  -60
12875  0.00916322  -60
12880  0.00908121  -60
12885  0.00899995  -60
12890  0.00891943  -60
12895  0.00883963  -60
12900  0.00876056  -60
12905  0.00868221  -60
12910  0.00860457  -60
12915  0.00852763  -60
12920  0.00845139  -60
12925  0.00837584  -60
12930  0.00830098  -60
12935  0.00822679  -60
12940  0.00815328  -60
12945  0.00808044  -60
12950  0.00800825  -60
12955  0.00793672  -60
12960  0.00786584  -60
12965  0.0077956  -60
12970  0.007726  -60
12975  0.00765703  -60
12980  0.00758869  -60
12985  0.00752096  -60
12990  0.00745385  -60
12995  0.00738735  -60
13000  0.00732145  -60
13005  0.00725615  -60
13010  0.00719144  -60
13015  0.00712732  -60
13020  0.00706378  -60
13025  0.00700082  -60
13030  0.00693842  -60
13035  0.00687659  -60
13040  0.00681533  -60
13045  0.00675462  -60
13050  0.00669446  -60
13055  0.00663484  -60
13060  0.00657577  -60
13065  0.00651723  -60
13070  0.00645922  -60
13075  0.00640174  -60
13080  0.00634478  -60
13085  0.00628834  -60
13090  0.00623241  -60
13095  0.00617698  -60
13100  0.00612206  -60
13105  0.00606764  -60
13110  0.00601371  -60
13115  0.00596027  -60
13120  0.00590731  -60
13125  0.00585483  -60
13130  0.00580283  -60
13135  0.00575131  -60
13140  0.00570025  -60
13145  0.00564965  -60
13150  0.00559951  -60
13155  0.00554982  -60
13160  0.00550059  -60
13165  0.0054518  -60
13170  0.00540346  -60
13175  0.00535555  -60
13180  0.00530808  -60
13185  0.00526104  -60
13190  0.00521442  -60
13195  0.00516823  -60
13200  0.00512246  -60
13205  0.0050771  -60
13210  0.00503215  -60
13215  0.00498762  -60
13220  0.00494348  -60
13225  0.00489975  -60
13230  0.00485641  -60
13235  0.00481346  -60
13240  0.00477091  -60
13245  0.00472874  -60
13250  0.00468695  -60
13255  0.00464554  -60
13260  0.00460451  -60
13265  0.00456385  -60
13270  0.00452356  -60
13275  0.00448363  -60
13280  0.00444407  -60
13285  0.00440486  -60
13290  0.00436601  -60
13295  0.00432752  -60
13300  0.00428937  -60
13305  0.00425156  -60
13310  0.00421411  -60
13315  0.00417699  -60
13320  0.0041402  -60
13325  0.00410375  -60
13330  0.00406763  -60
13335  0.00403184  -60
13340  0.00399638  -60
13345  0.00396123  -60
13350  0.0039264  -60
13355  0.00389189  -60
13360  0.0038577  -60
13365  0.00382381  -60
13370  0.00379023  -60
13375  0.00375695  -60
13380  0.00372398  -60
13385  0.0036913  -60
13390  0.00365893  -60
13395  0.00362684  -60
13400  0.00359505  -60
13405  0.00356354  -60
13410  0.00353232  -60
13415  0.00350139  -60
13420  0.00347073  -60
13425  0.00344035  -60
13430  0.00341025  -60
13435  0.00338042  -60
13440  0.00335086  -60
13445  0.00332157  -60
13450  0.00329255  -60
13455  0.00326378  -60
13460  0.00323528  -60
13465  0.00320704  -60
13470  0.00317905  -60
13475  0.00315132  -60
13480  0.00312384  -60
13485  0.00309661  -60
13490  0.00306962  -60
13495  0.00304288  -60
13500  0.00301639  -60
13505  0.00299013  -60
13510  0.00296411  -60
13515  0.00293833  -60
13520  0.00291278  -60
13525  0.00288746  -60
13530  0.00286237  -60
13535  0.00283751  -60
13540  0.00281287  -60
13545  0.00278846  -60
13550  0.00276427  -60
13555  0.0027403  -60
13560  0.00271655  -60
13565  0.00269301  -60
13570  0.00266969  -60
13575  0.00264657  -60
13580  0.00262367  -60
13585  0.00260097  -60
13590  0.00257848  -60
13595  0.0025562  -60
13600  0.00253411  -60
13605  0.00251223  -60
13610  0.00249055  -60
13615  0.00246906  -60
13620  0.00244776  -60
13625  0.00242666  -60
13630  0.00240575  -60
13635  0.00238504  -60
13640  0.0023645  -60
13645  0.00234416  -60
13650  0.002324  -60
13655  0.00230402  -60
13660  0.00228422  -60
13665  0.00226461  -60
13670  0.00224517  -60
13675  0.0022259  -60
13680  0.00220682  -60
13685  0.0021879  -60
13690  0.00216916  -60
13695  0.00215058  -60
13700  0.00213218  -60
13705  0.00211394  -60
13710  0.00209587  -60
13715  0.00207796  -60
13720  0.00206021  -60
13725  0.00204263  -60
13730  0.0020252  -60
13735  0.00200793  -60
13740  0.00199082  -60
13745  0.00197386  -60
13750  0.00195706  -60
13755  0.00194041  -60
13760  0.00192391  -60
13765  0.00190756  -60
13770  0.00189136  -60
13775  0.00187531  -60
13780  0.0018594  -60
13785  0.00184363  -60
13790  0.00182801  -60
13795  0.00181253  -60
13800  0.00179719  -60
13805  0.00178199  -60
13810  0.00176693  -60
13815  0.00175201  -60
13820  0.00173722  -60
13825  0.00172256  -60
13830  0.00170804  -60
13835  0.00169364  -60
13840  0.00167938  -60
13845  0.00166525  -60
13850  0.00165125  -60
13855  0.00163737  -60
13860  0.00162362  -60
13865  0.00160999  -60
13870  0.00159649  -60
13875  0.00158311  -60
13880  0.00156985  -60
13885  0.00155672  -60
13890  0.0015437  -60
13895  0.00153079  -60
13900  0.00151801  -60
13905  0.00150534  -60
13910  0.00149279  -60
13915  0.00148035  -60
13920  0.00146802  -60
13925  0.00145581  -60
13930  0.0014437  -60
13935  0.00143171  -60
13940  0.00141982  -60
13945  0.00140805  -60
13950  0.00139638  -60
13955  0.00138481  -60
13960  0.00137335  -60
13965  0.00136199  -60
13970  0.00135074  -60
13975  0.00133959  -60
13980  0.00132854  -60
13985  0.00131759  -60
13990  0.00130674  -60
13995  0.00129599  -60
14000  0.00128533  -60
14005  0.00127477  -60
14010  0.00126431  -60
14015  0.00125394  -60
14020  0.00124367  -60
14025  0.00123349  -60
14030  0.0012234  -60
14035  0.00121341  -60
14040  0.0012035  -60
14045  0.00119369  -60
14050  0.00118396  -60
14055  0.00117432  -60
14060  0.00116477  -60
14065  0.0011553  -60
14070  0.00114593  -60
14075  0.00113663  -60
14080  0.00112742  -60
14085  0.0011183  -60
14090  0.00110925  -60
14095  0.00110029  -60
14100  0.00109141  -60
14105  0.00108261  -60
14110  0.00107389  -60
14115  0.00106525  -60
14120  0.00105669  -60
14125  0.00104821  -60
14130  0.0010398  -60
14135  0.00103147  -60
14140  0.00102321  -60
14145  0.00101503  -60
14150  0.00100693  -60
14155  0.000998892  -60
14160  0.000990932  -60
14165  0.000983044  -60
14170  0.000975228  -60
14175  0.000967482  -60
14180  0.000959807  -60
14185  0.000952201  -60
14190  0.000944664  -60
14195  0.000937196  -60
14200  0.000929795  -60
14205  0.000922462  -60
14210  0.000915195  -60
14215  0.000907994  -60
14220  0.000900858  -60
14225  0.000893787  -60
14230  0.00088678  -60
14235  0.000879836  -60
14240  0.000872956  -60
14245  0.000866138  -60
14250  0.000859382  -60
14255  0.000852687  -60
14260  0.000846052  -60
14265  0.000839478  -60
14270  0.000832964  -60
14275  0.000826509  -60
14280  0.000820112  -60
14285  0.000813773  -60
14290  0.000807492  -60
14295  0.000801267  -60
14300  0.000795099  -60
14305  0.000788988  -60
14310  0.000782931  -60
14315  0.000776929  -60
14320  0.000770982  -60
14325  0.000765089  -60
14330  0.000759249  -60
14335  0.000753462  -60
14340  0.000747728  -60
14345  0.000742046  -60
14350  0.000736415  -60
14355  0.000730835  -60
14360  0.000725306  -60
14365  0.000719827  -60
14370  0.000714398  -60
14375  0.000709018  -60
14380  0.000703687  -60
14385  0.000698404  -60
14390  0.000693169  -60
14395  0.000687981  -60
14400  0.000682841  -60
14405  0.000677747  -60
14410  0.000672699  -60
14415  0.000667697  -60
14420  0.000662741  -60
14425  0.000657829  -60
14430  0.000652962  -60
14435  0.000648139  -60
14440  0.00064336  -60
14445  0.000638624  -60
14450  0.000633932  -60
14455  0.000629281  -60
14460  0.000624673  -60
14465  0.000620107  -60
14470  0.000615582  -60
14475  0.000611098  -60
14480  0.000606655  -60
14485  0.000602252  -60
14490  0.000597889  -60
14495  0.000593566  -60
14500  0.000589282  -60
14505  0.000585036  -60
14510  0.000580829  -60
14515  0.000576661  -60
14520  0.00057253  -60
14525  0.000568436  -60
14530  0.00056438  -60
14535  0.000560361  -60
14540  0.000556378  -60
14545  0.000552431  -60
14550  0.00054852  -60
14555  0.000544644  -60
14560  0.000540803  -60
14565  0.000536998  -60
14570  0.000533227  -60
14575  0.00052949  -60
14580  0.000525787  -60
14585  0.000522117  -60
14590  0.000518481  -60
14595  0.000514878  -60
14600  0.000511307  -60
14605  0.000507769  -60
14610  0.000504263  -60
14615  0.000500789  -60
14620  0.000497346  -60
14625  0.000493934  -60
14630  0.000490554  -60
14635  0.000487204  -60
14640  0.000483884  -60
14645  0.000480595  -60
14650  0.000477335  -60
14655  0.000474105  -60
14660  0.000470904  -60
14665  0.000467732  -60
14670  0.000464589  -60
14675  0.000461475  -60
14680  0.000458389  -60
14685  0.000455331  -60
14690  0.0004523  -60
14695  0.000449297  -60
14700  0.000446321  -60
14705  0.000443372  -60
14710  0.00044045  -60
14715  0.000437555  -60
14720  0.000434686  -60
14725  0.000431842  -60
14730  0.000429025  -60
14735  0.000426233  -60
14740  0.000423466  -60
14745  0.000420725  -60
14750  0.000418008  -60
14755  0.000415316  -60
14760  0.000412648  -60
14765  0.000410005  -60
14770  0.000407386  -60
14775  0.00040479  -60
14780  0.000402218  -60
14785  0.000399669  -60
14790  0.000397143  -60
14795  0.000394641  -60
14800  0.00039216  -60
14805  0.000389703  -60
14810  0.000387268  -60
14815  0.000384854  -60
14820  0.000382463  -60
14825  0.000380093  -60
14830  0.000377745  -60
14835  0.000375418  -60
14840  0.000373113  -60
14845  0.000370828  -60
14850  0.000368564  -60
14855  0.00036632  -60
14860  0.000364097  -60
14865  0.000361894  -60
14870  0.000359711  -60
14875  0.000357547  -60
14880  0.000355404  -60
14885  0.000353279  -60
14890  0.000351174  -60
14895  0.000349089  -60
14900  0.000347022  -60
14905  0.000344973  -60
14910  0.000342944  -60
14915  0.000340932  -60
14920  0.000338939  -60
14925  0.000336965  -60
14930  0.000335008  -60
14935  0.000333068  -60
14940  0.000331147  -60
14945  0.000329242  -60
14950  0.000327355  -60
14955  0.000325486  -60
14960  0.000323633  -60
