0.005  2.04999e-17  -80
5.005  1.17156e-09  -80
10.005  4.49295e-09  -80
15.005  9.57946e-09  -80
20.005  1.61077e-08  -80
25.005  2.38063e-08  -80
30.005  3.2447e-08  -80
35.005  4.18378e-08  -80
40.005  5.18168e-08  -80
45.005  6.22478e-08  -80
50.005  7.3016e-08  -80
55.005  8.40247e-08  -80
60.005  9.51926e-08  -80
65.005  1.06451e-07  -80
70.005  1.17743e-07  -80
75.005  1.29021e-07  -80
80.005  1.40244e-07  -80
85.005  1.5138e-07  -80
90.005  1.624e-07  -80
95.005  1.73282e-07  -80
100.005  1.84009e-07  -80
105.005  1.94565e-07  -80
110.005  2.04938e-07  -80
115.005  2.1512e-07  -80
120.005  2.25102e-07  -80
125.005  2.34881e-07  -80
130.005  2.44453e-07  -80
135.005  2.53815e-07  -80
140.005  2.62967e-07  -80
145.005  2.71908e-07  -80
150.005  2.80639e-07  -80
155.005  2.89161e-07  -80
160.005  2.97477e-07  -80
165.005  3.05589e-07  -80
170.005  3.13498e-07  -80
175.005  3.2121e-07  -80
180.005  3.28726e-07  -80
185.005  3.3605e-07  -80
190.005  3.43186e-07  -80
195.005  3.50138e-07  -80
200.005  3.56909e-07  -80
205.005  3.63504e-07  -80
210.005  3.69925e-07  -80
215.005  3.76178e-07  -80
220.005  3.82267e-07  -80
225.005  3.88194e-07  -80
230.005  3.93964e-07  -80
235.005  3.99581e-07  -80
240.005  4.05048e-07  -80
245.005  4.10369e-07  -80
250.005  4.15549e-07  -80
255.005  4.2059e-07  -80
260.005  4.25496e-07  -80
265.005  4.3027e-07  -80
270.005  4.34916e-07  -80
275.005  4.39438e-07  -80
280.005  4.43838e-07  -80
285.005  4.4812e-07  -80
290.005  4.52287e-07  -80
295.005  4.56342e-07  -80
300.005  4.60287e-07  -80
305.005  4.64126e-07  -80
310.005  4.67862e-07  -80
315.005  4.71497e-07  -80
320.005  4.75034e-07  -80
325.005  4.78476e-07  -80
330.005  4.81825e-07  -80
335.005  4.85084e-07  -80
340.005  4.88254e-07  -80
345.005  4.91339e-07  -80
350.005  4.94341e-07  -80
355.005  4.97262e-07  -80
360.005  5.00104e-07  -80
365.005  5.02869e-07  -80
370.005  5.05559e-07  -80
375.005  5.08177e-07  -80
380.005  5.10724e-07  -80
385.005  5.13203e-07  -80
390.005  5.15614e-07  -80
395.005  5.17961e-07  -80
400.005  5.20244e-07  -80
405.005  5.22465e-07  -80
410.005  5.24626e-07  -80
415.005  5.26729e-07  -80
420.005  5.28775e-07  -80
425.005  5.30766e-07  -80
430.005  5.32703e-07  -80
435.005  5.34588e-07  -80
440.005  5.36421e-07  -80
445.005  5.38206e-07  -80
450.005  5.39942e-07  -80
455.005  5.41631e-07  -80
460.005  5.43274e-07  -80
465.005  5.44874e-07  -80
470.005  5.46429e-07  -80
475.005  5.47943e-07  -80
480.005  5.49416e-07  -80
485.005  5.50849e-07  -80
490.005  5.52244e-07  -80
495.005  5.53601e-07  -80
500.005  5.54921e-07  -80
505.005  5.56205e-07  -80
510.005  5.57455e-07  -80
515.005  5.58671e-07  -80
520.005  5.59854e-07  -80
525.005  5.61005e-07  -80
530.005  5.62125e-07  -80
535.005  5.63215e-07  -80
540.005  5.64276e-07  -80
545.005  5.65307e-07  -80
550.005  5.66311e-07  -80
555.005  5.67288e-07  -80
560.005  5.68238e-07  -80
565.005  5.69163e-07  -80
570.005  5.70062e-07  -80
575.005  5.70938e-07  -80
580.005  5.71789e-07  -80
585.005  5.72618e-07  -80
590.005  5.73424e-07  -80
595.005  5.74209e-07  -80
600.005  5.74972e-07  -80
605.005  5.75715e-07  -80
610.005  5.76438e-07  -80
615.005  5.77141e-07  -80
620.005  5.77825e-07  -80
625.005  5.7849e-07  -80
630.005  5.79138e-07  -80
635.005  5.79768e-07  -80
640.005  5.80381e-07  -80
645.005  5.80978e-07  -80
650.005  5.81558e-07  -80
655.005  5.82123e-07  -80
660.005  5.82672e-07  -80
665.005  5.83207e-07  -80
670.005  5.83727e-07  -80
675.005  5.84233e-07  -80
680.005  5.84726e-07  -80
685.005  5.85205e-07  -80
690.005  5.85671e-07  -80
695.005  5.86125e-07  -80
700.005  5.86566e-07  -80
705.005  5.86996e-07  -80
710.005  5.87414e-07  -80
715.005  5.8782e-07  -80
720.005  5.88216e-07  -80
725.005  5.88601e-07  -80
730.005  5.88975e-07  -80
735.005  5.89339e-07  -80
740.005  5.89694e-07  -80
745.005  5.90039e-07  -80
750.005  5.90374e-07  -80
755.005  5.90701e-07  -80
760.005  5.91019e-07  -80
765.005  5.91328e-07  -80
770.005  5.91629e-07  -80
775.005  5.91921e-07  -80
780.005  5.92206e-07  -80
785.005  5.92483e-07  -80
790.005  5.92753e-07  -80
795.005  5.93015e-07  -80
800.005  5.9327e-07  -80
805.005  5.93518e-07  -80
810.005  5.9376e-07  -80
815.005  5.93995e-07  -80
820.005  5.94224e-07  -80
825.005  5.94446e-07  -80
830.005  5.94663e-07  -80
835.005  5.94874e-07  -80
840.005  5.95078e-07  -80
845.005  5.95278e-07  -80
850.005  5.95472e-07  -80
855.005  5.95661e-07  -80
860.005  5.95845e-07  -80
865.005  5.96023e-07  -80
870.005  5.96197e-07  -80
875.005  5.96366e-07  -80
880.005  5.96531e-07  -80
885.005  5.96691e-07  -80
890.005  5.96847e-07  -80
895.005  5.96999e-07  -80
900.005  5.97146e-07  -80
905.005  5.9729e-07  -80
910.005  5.9743e-07  -80
915.005  5.97566e-07  -80
920.005  5.97698e-07  -80
925.005  5.97826e-07  -80
930.005  5.97952e-07  -80
935.005  5.98073e-07  -80
940.005  5.98192e-07  -80
945.005  5.98307e-07  -80
950.005  5.98419e-07  -80
955.005  5.98529e-07  -80
960.005  5.98635e-07  -80
965.005  5.98738e-07  -80
970.005  5.98839e-07  -80
975.005  5.98937e-07  -80
980.005  5.99032e-07  -80
985.005  5.99124e-07  -80
990.005  5.99215e-07  -80
995.005  5.99302e-07  -80
1000  5.99388e-07  -80
1005  5.99471e-07  -80
1010  5.99551e-07  -80
1015  5.9963e-07  -80
1020  5.99706e-07  -80
1025  5.99781e-07  -80
1030  5.99853e-07  -80
1035  5.99924e-07  -80
1040  5.99992e-07  -80
1045  6.00059e-07  -80
1050  6.00124e-07  -80
1055  6.00187e-07  -80
1060  6.00248e-07  -80
1065.01  6.00308e-07  -80
1070.01  6.00366e-07  -80
1075.01  6.00423e-07  -80
1080.01  6.00478e-07  -80
1085.01  6.00531e-07  -80
1090.01  6.00584e-07  -80
1095.01  6.00634e-07  -80
1100.01  6.00684e-07  -80
1105.01  6.00732e-07  -80
1110.01  6.00778e-07  -80
1115.01  6.00824e-07  -80
1120.01  6.00868e-07  -80
1125.01  6.00911e-07  -80
1130.01  6.00953e-07  -80
1135.01  6.00994e-07  -80
1140.01  6.01033e-07  -80
1145.01  6.01072e-07  -80
1150.01  6.01109e-07  -80
1155.01  6.01146e-07  -80
1160.01  6.01181e-07  -80
1165.01  6.01216e-07  -80
1170.01  6.01249e-07  -80
1175.01  6.01282e-07  -80
1180.01  6.01314e-07  -80
1185.01  6.01345e-07  -80
1190.01  6.01375e-07  -80
1195.01  6.01404e-07  -80
1200.01  6.01433e-07  -80
1205.01  6.01461e-07  -80
1210.01  6.01488e-07  -80
1215.01  6.01514e-07  -80
1220.01  6.0154e-07  -80
1225.01  6.01564e-07  -80
1230.01  6.01589e-07  -80
1235.01  6.01612e-07  -80
1240.01  6.01635e-07  -80
1245.01  6.01657e-07  -80
1250.01  6.01679e-07  -80
1255.01  6.017e-07  -80
1260.01  6.01721e-07  -80
1265.01  6.01741e-07  -80
1270.01  6.0176e-07  -80
1275.01  6.01779e-07  -80
1280.01  6.01797e-07  -80
1285.01  6.01815e-07  -80
1290.01  6.01833e-07  -80
1295.01  6.0185e-07  -80
1300.01  6.01866e-07  -80
1305.01  6.01882e-07  -80
1310.01  6.01898e-07  -80
1315.01  6.01913e-07  -80
1320.01  6.01928e-07  -80
1325.01  6.01942e-07  -80
1330.01  6.01956e-07  -80
1335.01  6.0197e-07  -80
1340.01  6.01983e-07  -80
1345.01  6.01996e-07  -80
1350.01  6.02008e-07  -80
1355.01  6.02021e-07  -80
1360.01  6.02033e-07  -80
1365.01  6.02044e-07  -80
1370.01  6.02055e-07  -80
1375.01  6.02066e-07  -80
1380.01  6.02077e-07  -80
1385.01  6.02087e-07  -80
1390.01  6.02097e-07  -80
1395.01  6.02107e-07  -80
1400.01  6.02117e-07  -80
1405.01  6.02126e-07  -80
1410.01  6.02135e-07  -80
1415.01  6.02144e-07  -80
1420.01  6.02152e-07  -80
1425.01  6.02161e-07  -80
1430.01  6.02169e-07  -80
1435.01  6.02177e-07  -80
1440.01  6.02184e-07  -80
1445.01  6.02192e-07  -80
1450.01  6.02199e-07  -80
1455.01  6.02206e-07  -80
1460.01  6.02213e-07  -80
1465.01  6.0222e-07  -80
1470.01  6.02226e-07  -80
1475.01  6.02232e-07  -80
1480.01  6.02239e-07  -80
1485.01  6.02245e-07  -80
1490.01  6.0225e-07  -80
1495.01  6.02256e-07  -80
1500.01  6.02262e-07  -80
1505.01  6.02267e-07  -80
1510.01  6.02272e-07  -80
1515.01  6.02277e-07  -80
1520.01  6.02282e-07  -80
1525.01  6.02287e-07  -80
1530.01  6.02292e-07  -80
1535.01  6.02296e-07  -80
1540.01  6.02301e-07  -80
1545.01  6.02305e-07  -80
1550.01  6.02309e-07  -80
1555.01  6.02313e-07  -80
1560.01  6.02317e-07  -80
1565.01  6.02321e-07  -80
1570.01  6.02325e-07  -80
1575.01  6.02328e-07  -80
1580.01  6.02332e-07  -80
1585.01  6.02335e-07  -80
1590.01  6.02339e-07  -80
1595.01  6.02342e-07  -80
1600.01  6.02345e-07  -80
1605.01  6.02348e-07  -80
1610.01  6.02351e-07  -80
1615.01  6.02354e-07  -80
1620.01  6.02357e-07  -80
1625.01  6.0236e-07  -80
1630.01  6.02363e-07  -80
1635.01  6.02365e-07  -80
1640.01  6.02368e-07  -80
1645.01  6.0237e-07  -80
1650.01  6.02373e-07  -80
1655.01  6.02375e-07  -80
1660.01  6.02377e-07  -80
1665.01  6.0238e-07  -80
1670.01  6.02382e-07  -80
1675.01  6.02384e-07  -80
1680.01  6.02386e-07  -80
1685.01  6.02388e-07  -80
1690.01  6.0239e-07  -80
1695.01  6.02392e-07  -80
1700.01  6.02394e-07  -80
1705.01  6.02396e-07  -80
1710.01  6.02397e-07  -80
1715.01  6.02399e-07  -80
1720.01  6.02401e-07  -80
1725.01  6.02402e-07  -80
1730.01  6.02404e-07  -80
1735.01  6.02405e-07  -80
1740.01  6.02407e-07  -80
1745.01  6.02408e-07  -80
1750.01  6.0241e-07  -80
1755.01  6.02411e-07  -80
1760.01  6.02412e-07  -80
1765.01  6.02414e-07  -80
1770.01  6.02415e-07  -80
1775.01  6.02416e-07  -80
1780.01  6.02417e-07  -80
1785.01  6.02418e-07  -80
1790.01  6.0242e-07  -80
1795.01  6.02421e-07  -80
1800.01  6.02422e-07  -80
1805.01  6.02423e-07  -80
1810.01  6.02424e-07  -80
1815.01  6.02425e-07  -80
1820.01  6.02426e-07  -80
1825.01  6.02427e-07  -80
1830.01  6.02428e-07  -80
1835.01  6.02428e-07  -80
1840.01  6.02429e-07  -80
1845.01  6.0243e-07  -80
1850.01  6.02431e-07  -80
1855.01  6.02432e-07  -80
1860.01  6.02433e-07  -80
1865.01  6.02433e-07  -80
1870.01  6.02434e-07  -80
1875.01  6.02435e-07  -80
1880.01  6.02435e-07  -80
1885.01  6.02436e-07  -80
1890.01  6.02437e-07  -80
1895.01  6.02437e-07  -80
1900.01  6.02438e-07  -80
1905.01  6.02439e-07  -80
1910.01  6.02439e-07  -80
1915.01  6.0244e-07  -80
1920.01  6.0244e-07  -80
1925.01  6.02441e-07  -80
1930.01  6.02441e-07  -80
1935.01  6.02442e-07  -80
1940.01  6.02442e-07  -80
1945.01  6.02443e-07  -80
1950.01  6.02443e-07  -80
1955.01  6.02444e-07  -80
1960.01  6.02444e-07  -80
1965.01  6.02445e-07  -80
1970.01  6.02445e-07  -80
1975.01  6.02445e-07  -80
1980.01  6.02446e-07  -80
1985.01  6.02446e-07  -80
1990.01  6.02447e-07  -80
1995.01  6.02447e-07  -80
2000.01  6.02447e-07  -80
2005.01  6.02448e-07  -80
2010.01  6.02448e-07  -80
2015.01  6.02448e-07  -80
2020.01  6.02449e-07  -80
2025.01  6.02449e-07  -80
2030.01  6.02449e-07  -80
2035.01  6.0245e-07  -80
2040.01  6.0245e-07  -80
2045.01  6.0245e-07  -80
2050.01  6.0245e-07  -80
2055.01  6.02451e-07  -80
2060.01  6.02451e-07  -80
2065.01  6.02451e-07  -80
2070.01  6.02451e-07  -80
2075.01  6.02452e-07  -80
2080.01  6.02452e-07  -80
2085.01  6.02452e-07  -80
2090.01  6.02452e-07  -80
2095.01  6.02453e-07  -80
2100.01  6.02453e-07  -80
2105.01  6.02453e-07  -80
2110.01  6.02453e-07  -80
2115.01  6.02453e-07  -80
2120.01  6.02453e-07  -80
2125.01  6.02454e-07  -80
2130.01  6.02454e-07  -80
2135.01  6.02454e-07  -80
2140.01  6.02454e-07  -80
2145.01  6.02454e-07  -80
2150.01  6.02455e-07  -80
2155.01  6.02455e-07  -80
2160.01  6.02455e-07  -80
2165.01  6.02455e-07  -80
2170.01  6.02455e-07  -80
2175.01  6.02455e-07  -80
2180.01  6.02455e-07  -80
2185.01  6.02455e-07  -80
2190.01  6.02456e-07  -80
2195.01  6.02456e-07  -80
2200.01  6.02456e-07  -80
2205.01  6.02456e-07  -80
2210.01  6.02456e-07  -80
2215.01  6.02456e-07  -80
2220.01  6.02456e-07  -80
2225.01  6.02456e-07  -80
2230.01  6.02457e-07  -80
2235.01  6.02457e-07  -80
2240.01  6.02457e-07  -80
2245.01  6.02457e-07  -80
2250.01  6.02457e-07  -80
2255.01  6.02457e-07  -80
2260.01  6.02457e-07  -80
2265.01  6.02457e-07  -80
2270.01  6.02457e-07  -80
2275.01  6.02457e-07  -80
2280.01  6.02457e-07  -80
2285.01  6.02457e-07  -80
2290.01  6.02458e-07  -80
2295.01  6.02458e-07  -80
2300.01  6.02458e-07  -80
2305.01  6.02458e-07  -80
2310.01  6.02458e-07  -80
2315.01  6.02458e-07  -80
2320.01  6.02458e-07  -80
2325.01  6.02458e-07  -80
2330.01  6.02458e-07  -80
2335.01  6.02458e-07  -80
2340.01  6.02458e-07  -80
2345.01  6.02458e-07  -80
2350.01  6.02458e-07  -80
2355.01  6.02458e-07  -80
2360.01  6.02458e-07  -80
2365.01  6.02458e-07  -80
2370.01  6.02458e-07  -80
2375.01  6.02458e-07  -80
2380.01  6.02459e-07  -80
2385.01  6.02459e-07  -80
2390.01  6.02459e-07  -80
2395.01  6.02459e-07  -80
2400.01  6.02459e-07  -80
2405.01  6.02459e-07  -80
2410.01  6.02459e-07  -80
2415.01  6.02459e-07  -80
2420.01  6.02459e-07  -80
2425.01  6.02459e-07  -80
2430.01  6.02459e-07  -80
2435.01  6.02459e-07  -80
2440.01  6.02459e-07  -80
2445.01  6.02459e-07  -80
2450.01  6.02459e-07  -80
2455.01  6.02459e-07  -80
2460.01  6.02459e-07  -80
2465.01  6.02459e-07  -80
2470.01  6.02459e-07  -80
2475.01  6.02459e-07  -80
2480.01  6.02459e-07  -80
2485.01  6.02459e-07  -80
2490.01  6.02459e-07  -80
2495.01  6.02459e-07  -80
2500.01  6.02459e-07  -80
2505.01  6.02459e-07  -80
2510.01  6.02459e-07  -80
2515.01  6.02459e-07  -80
2520.01  6.02459e-07  -80
2525.01  6.02459e-07  -80
2530.01  6.02459e-07  -80
2535.01  6.02459e-07  -80
2540.01  6.02459e-07  -80
2545.01  6.02459e-07  -80
2550.01  6.0246e-07  -80
2555.01  6.0246e-07  -80
2560.01  6.0246e-07  -80
2565.01  6.0246e-07  -80
2570.01  6.0246e-07  -80
2575.01  6.0246e-07  -80
2580.01  6.0246e-07  -80
2585.01  6.0246e-07  -80
2590.01  6.0246e-07  -80
2595.01  6.0246e-07  -80
2600.01  6.0246e-07  -80
2605.01  6.0246e-07  -80
2610.01  6.0246e-07  -80
2615.01  6.0246e-07  -80
2620.01  6.0246e-07  -80
2625.01  6.0246e-07  -80
2630.01  6.0246e-07  -80
2635.01  6.0246e-07  -80
2640.01  6.0246e-07  -80
2645.01  6.0246e-07  -80
2650.01  6.0246e-07  -80
2655.01  6.0246e-07  -80
2660.01  6.0246e-07  -80
2665.01  6.0246e-07  -80
2670.01  6.0246e-07  -80
2675.01  6.0246e-07  -80
2680.01  6.0246e-07  -80
2685.01  6.0246e-07  -80
2690.01  6.0246e-07  -80
2695.01  6.0246e-07  -80
2700.01  6.0246e-07  -80
2705.01  6.0246e-07  -80
2710.01  6.0246e-07  -80
2715.01  6.0246e-07  -80
2720.01  6.0246e-07  -80
2725.01  6.0246e-07  -80
2730.01  6.0246e-07  -80
2735.01  6.0246e-07  -80
2740.01  6.0246e-07  -80
2745.01  6.0246e-07  -80
2750.01  6.0246e-07  -80
2755.01  6.0246e-07  -80
2760.01  6.0246e-07  -80
2765.01  6.0246e-07  -80
2770.01  6.0246e-07  -80
2775.01  6.0246e-07  -80
2780.01  6.0246e-07  -80
2785.01  6.0246e-07  -80
2790.01  6.0246e-07  -80
2795.01  6.0246e-07  -80
2800.01  6.0246e-07  -80
2805.01  6.0246e-07  -80
2810.01  6.0246e-07  -80
2815.01  6.0246e-07  -80
2820.01  6.0246e-07  -80
2825.01  6.0246e-07  -80
2830.01  6.0246e-07  -80
2835.01  6.0246e-07  -80
2840.01  6.0246e-07  -80
2845.01  6.0246e-07  -80
2850.01  6.0246e-07  -80
2855.01  6.0246e-07  -80
2860.01  6.0246e-07  -80
2865.01  6.0246e-07  -80
2870.01  6.0246e-07  -80
2875.01  6.0246e-07  -80
2880.01  6.0246e-07  -80
2885.01  6.0246e-07  -80
2890.01  6.0246e-07  -80
2895.01  6.0246e-07  -80
2900.01  6.0246e-07  -80
2905.01  6.0246e-07  -80
2910.01  6.0246e-07  -80
2915.01  6.0246e-07  -80
2920.01  6.0246e-07  -80
2925.01  6.0246e-07  -80
2930.01  6.0246e-07  -80
2935.01  6.0246e-07  -80
2940.01  6.0246e-07  -80
2945.01  6.0246e-07  -80
2950.01  6.0246e-07  -80
2955.01  6.0246e-07  -80
2960.01  6.0246e-07  -80
2965.01  6.0246e-07  -80
2970.01  6.0246e-07  -80
2975.01  6.0246e-07  -80
2980.01  6.0246e-07  -80
2985.01  6.0246e-07  -80
2990.01  6.0246e-07  -80
2995.01  6.0246e-07  -80
3000.01  6.0246e-07  -80
3005.01  6.0246e-07  -80
3010.01  6.0246e-07  -80
3015.01  6.0246e-07  -80
3020.01  6.0246e-07  -80
3025.01  6.0246e-07  -80
3030.01  6.0246e-07  -80
3035.01  6.0246e-07  -80
3040.01  6.0246e-07  -80
3045.01  6.0246e-07  -80
3050.01  6.0246e-07  -80
3055.01  6.0246e-07  -80
3060.01  6.0246e-07  -80
3065.01  6.0246e-07  -80
3070.01  6.0246e-07  -80
3075.01  6.0246e-07  -80
3080.01  6.0246e-07  -80
3085.01  6.0246e-07  -80
3090.01  6.0246e-07  -80
3095.01  6.0246e-07  -80
3100.01  6.0246e-07  -80
3105.01  6.0246e-07  -80
3110.01  6.0246e-07  -80
3115.01  6.0246e-07  -80
3120.01  6.0246e-07  -80
3125.01  6.0246e-07  -80
3130.01  6.0246e-07  -80
3135.01  6.0246e-07  -80
3140.01  6.0246e-07  -80
3145.01  6.0246e-07  -80
3150.01  6.0246e-07  -80
3155.01  6.0246e-07  -80
3160.01  6.0246e-07  -80
3165.01  6.0246e-07  -80
3170.01  6.0246e-07  -80
3175.01  6.0246e-07  -80
3180.01  6.0246e-07  -80
3185.01  6.0246e-07  -80
3190.01  6.0246e-07  -80
3195.01  6.0246e-07  -80
3200.01  6.0246e-07  -80
3205.01  6.0246e-07  -80
3210.01  6.0246e-07  -80
3215.01  6.0246e-07  -80
3220.01  6.0246e-07  -80
3225.01  6.0246e-07  -80
3230.01  6.0246e-07  -80
3235.01  6.0246e-07  -80
3240.01  6.0246e-07  -80
3245.01  6.0246e-07  -80
3250.01  6.0246e-07  -80
3255.01  6.0246e-07  -80
3260.01  6.0246e-07  -80
3265.01  6.0246e-07  -80
3270.01  6.0246e-07  -80
3275.01  6.0246e-07  -80
3280.01  6.0246e-07  -80
3285.01  6.0246e-07  -80
3290.01  6.0246e-07  -80
3295.01  6.0246e-07  -80
3300.01  6.0246e-07  -80
3305.01  6.0246e-07  -80
3310.01  6.0246e-07  -80
3315.01  6.0246e-07  -80
3320.01  6.0246e-07  -80
3325.01  6.0246e-07  -80
3330.01  6.0246e-07  -80
3335.01  6.0246e-07  -80
3340.01  6.0246e-07  -80
3345.01  6.0246e-07  -80
3350.01  6.0246e-07  -80
3355.01  6.0246e-07  -80
3360.01  6.0246e-07  -80
3365.01  6.0246e-07  -80
3370.01  6.0246e-07  -80
3375.01  6.0246e-07  -80
3380.01  6.0246e-07  -80
3385.01  6.0246e-07  -80
3390.01  6.0246e-07  -80
3395.01  6.0246e-07  -80
3400.01  6.0246e-07  -80
3405.01  6.0246e-07  -80
3410.01  6.0246e-07  -80
3415.01  6.0246e-07  -80
3420.01  6.0246e-07  -80
3425.01  6.0246e-07  -80
3430.01  6.0246e-07  -80
3435.01  6.0246e-07  -80
3440.01  6.0246e-07  -80
3445.01  6.0246e-07  -80
3450.01  6.0246e-07  -80
3455.01  6.0246e-07  -80
3460.01  6.0246e-07  -80
3465.01  6.0246e-07  -80
3470.01  6.0246e-07  -80
3475.01  6.0246e-07  -80
3480.01  6.0246e-07  -80
3485.01  6.0246e-07  -80
3490.01  6.0246e-07  -80
3495.01  6.0246e-07  -80
3500.01  6.0246e-07  -80
3505.01  6.0246e-07  -80
3510.01  6.0246e-07  -80
3515.01  6.0246e-07  -80
3520.01  6.0246e-07  -80
3525.01  6.0246e-07  -80
3530.01  6.0246e-07  -80
3535.01  6.0246e-07  -80
3540.01  6.0246e-07  -80
3545.01  6.0246e-07  -80
3550.01  6.0246e-07  -80
3555.01  6.0246e-07  -80
3560.01  6.0246e-07  -80
3565.01  6.0246e-07  -80
3570.01  6.0246e-07  -80
3575.01  6.0246e-07  -80
3580.01  6.0246e-07  -80
3585.01  6.0246e-07  -80
3590.01  6.0246e-07  -80
3595.01  6.0246e-07  -80
3600.01  6.0246e-07  -80
3605.01  6.0246e-07  -80
3610.01  6.0246e-07  -80
3615.01  6.0246e-07  -80
3620.01  6.0246e-07  -80
3625.01  6.0246e-07  -80
3630.01  6.0246e-07  -80
3635.01  6.0246e-07  -80
3640.01  6.0246e-07  -80
3645.01  6.0246e-07  -80
3650.01  6.0246e-07  -80
3655.01  6.0246e-07  -80
3660.01  6.0246e-07  -80
3665.01  6.0246e-07  -80
3670.01  6.0246e-07  -80
3675.01  6.0246e-07  -80
3680.01  6.0246e-07  -80
3685.01  6.0246e-07  -80
3690.01  6.0246e-07  -80
3695.01  6.0246e-07  -80
3700.01  6.0246e-07  -80
3705.01  6.0246e-07  -80
3710.01  6.0246e-07  -80
3715.01  6.0246e-07  -80
3720.01  6.0246e-07  -80
3725.01  6.0246e-07  -80
3730.01  6.0246e-07  -80
3735.01  6.0246e-07  -80
3740.01  6.0246e-07  -80
3745.01  6.0246e-07  -80
3750.01  6.0246e-07  -80
3755.01  6.0246e-07  -80
3760.01  6.0246e-07  -80
3765.01  6.0246e-07  -80
3770.01  6.0246e-07  -80
3775.01  6.0246e-07  -80
3780.01  6.0246e-07  -80
3785.01  6.0246e-07  -80
3790.01  6.0246e-07  -80
3795.01  6.0246e-07  -80
3800.01  6.0246e-07  -80
3805.01  6.0246e-07  -80
3810.01  6.0246e-07  -80
3815.01  6.0246e-07  -80
3820.01  6.0246e-07  -80
3825.01  6.0246e-07  -80
3830.01  6.0246e-07  -80
3835.01  6.0246e-07  -80
3840.01  6.0246e-07  -80
3845.01  6.0246e-07  -80
3850.01  6.0246e-07  -80
3855.01  6.0246e-07  -80
3860.01  6.0246e-07  -80
3865.01  6.0246e-07  -80
3870.01  6.0246e-07  -80
3875.01  6.0246e-07  -80
3880.01  6.0246e-07  -80
3885.01  6.0246e-07  -80
3890.01  6.0246e-07  -80
3895.01  6.0246e-07  -80
3900.01  6.0246e-07  -80
3905.01  6.0246e-07  -80
3910.01  6.0246e-07  -80
3915.01  6.0246e-07  -80
3920.01  6.0246e-07  -80
3925.01  6.0246e-07  -80
3930.01  6.0246e-07  -80
3935.01  6.0246e-07  -80
3940.01  6.0246e-07  -80
3945.01  6.0246e-07  -80
3950.01  6.0246e-07  -80
3955.01  6.0246e-07  -80
3960.01  6.0246e-07  -80
3965.01  6.0246e-07  -80
3970.01  6.0246e-07  -80
3975.01  6.0246e-07  -80
3980.01  6.0246e-07  -80
3985.01  6.0246e-07  -80
3990.01  6.0246e-07  -80
3995.01  6.0246e-07  -80
4000.01  6.0246e-07  -80
4005.01  6.0246e-07  -80
4010.01  6.0246e-07  -80
4015.01  6.0246e-07  -80
4020.01  6.0246e-07  -80
4025.01  6.0246e-07  -80
4030.01  6.0246e-07  -80
4035.01  6.0246e-07  -80
4040.01  6.0246e-07  -80
4045.01  6.0246e-07  -80
4050.01  6.0246e-07  -80
4055.01  6.0246e-07  -80
4060.01  6.0246e-07  -80
4065.01  6.0246e-07  -80
4070.01  6.0246e-07  -80
4075.01  6.0246e-07  -80
4080.01  6.0246e-07  -80
4085.01  6.0246e-07  -80
4090.01  6.0246e-07  -80
4095.01  6.0246e-07  -80
4100.01  6.0246e-07  -80
4105.01  6.0246e-07  -80
4110.01  6.0246e-07  -80
4115.01  6.0246e-07  -80
4120.01  6.0246e-07  -80
4125.01  6.0246e-07  -80
4130.01  6.0246e-07  -80
4135.01  6.0246e-07  -80
4140.01  6.0246e-07  -80
4145.01  6.0246e-07  -80
4150.01  6.0246e-07  -80
4155.01  6.0246e-07  -80
4160.01  6.0246e-07  -80
4165.01  6.0246e-07  -80
4170.01  6.0246e-07  -80
4175.01  6.0246e-07  -80
4180.01  6.0246e-07  -80
4185.01  6.0246e-07  -80
4190.01  6.0246e-07  -80
4195.01  6.0246e-07  -80
4200.01  6.0246e-07  -80
4205.01  6.0246e-07  -80
4210.01  6.0246e-07  -80
4215.01  6.0246e-07  -80
4220.01  6.0246e-07  -80
4225.01  6.0246e-07  -80
4230.01  6.0246e-07  -80
4235.01  6.0246e-07  -80
4240.01  6.0246e-07  -80
4245.01  6.0246e-07  -80
4250.01  6.0246e-07  -80
4255.01  6.0246e-07  -80
4260.01  6.0246e-07  -80
4265.01  6.0246e-07  -80
4270.01  6.0246e-07  -80
4275.01  6.0246e-07  -80
4280.01  6.0246e-07  -80
4285.01  6.0246e-07  -80
4290.01  6.0246e-07  -80
4295.01  6.0246e-07  -80
4300.01  6.0246e-07  -80
4305.01  6.0246e-07  -80
4310.01  6.0246e-07  -80
4315.01  6.0246e-07  -80
4320.01  6.0246e-07  -80
4325.01  6.0246e-07  -80
4330.01  6.0246e-07  -80
4335.01  6.0246e-07  -80
4340.01  6.0246e-07  -80
4345.01  6.0246e-07  -80
4350.01  6.0246e-07  -80
4355.01  6.0246e-07  -80
4360.01  6.0246e-07  -80
4365.01  6.0246e-07  -80
4370.01  6.0246e-07  -80
4375.01  6.0246e-07  -80
4380.01  6.0246e-07  -80
4385.01  6.0246e-07  -80
4390.01  6.0246e-07  -80
4395.01  6.0246e-07  -80
4400.01  6.0246e-07  -80
4405.01  6.0246e-07  -80
4410.01  6.0246e-07  -80
4415.01  6.0246e-07  -80
4420.01  6.0246e-07  -80
4425.01  6.0246e-07  -80
4430.01  6.0246e-07  -80
4435.01  6.0246e-07  -80
4440.01  6.0246e-07  -80
4445.01  6.0246e-07  -80
4450.01  6.0246e-07  -80
4455.01  6.0246e-07  -80
4460.01  6.0246e-07  -80
4465.01  6.0246e-07  -80
4470.01  6.0246e-07  -80
4475.01  6.0246e-07  -80
4480.01  6.0246e-07  -80
4485.01  6.0246e-07  -80
4490.01  6.0246e-07  -80
4495.01  6.0246e-07  -80
4500.01  6.0246e-07  -80
4505.01  6.0246e-07  -80
4510.01  6.0246e-07  -80
4515.01  6.0246e-07  -80
4520.01  6.0246e-07  -80
4525.01  6.0246e-07  -80
4530.01  6.0246e-07  -80
4535.01  6.0246e-07  -80
4540.01  6.0246e-07  -80
4545.01  6.0246e-07  -80
4550.01  6.0246e-07  -80
4555.01  6.0246e-07  -80
4560.01  6.0246e-07  -80
4565.01  6.0246e-07  -80
4570.01  6.0246e-07  -80
4575.01  6.0246e-07  -80
4580.01  6.0246e-07  -80
4585.01  6.0246e-07  -80
4590.01  6.0246e-07  -80
4595.01  6.0246e-07  -80
4600.01  6.0246e-07  -80
4605.01  6.0246e-07  -80
4610.01  6.0246e-07  -80
4615.01  6.0246e-07  -80
4620.01  6.0246e-07  -80
4625.01  6.0246e-07  -80
4630.01  6.0246e-07  -80
4635.01  6.0246e-07  -80
4640.01  6.0246e-07  -80
4645.01  6.0246e-07  -80
4650.01  6.0246e-07  -80
4655.01  6.0246e-07  -80
4660.01  6.0246e-07  -80
4665.01  6.0246e-07  -80
4670.01  6.0246e-07  -80
4675.01  6.0246e-07  -80
4680.01  6.0246e-07  -80
4685.01  6.0246e-07  -80
4690.01  6.0246e-07  -80
4695.01  6.0246e-07  -80
4700.01  6.0246e-07  -80
4705.01  6.0246e-07  -80
4710.01  6.0246e-07  -80
4715.01  6.0246e-07  -80
4720.01  6.0246e-07  -80
4725.01  6.0246e-07  -80
4730.01  6.0246e-07  -80
4735.01  6.0246e-07  -80
4740.01  6.0246e-07  -80
4745.01  6.0246e-07  -80
4750.01  6.0246e-07  -80
4755.01  6.0246e-07  -80
4760.01  6.0246e-07  -80
4765.01  6.0246e-07  -80
4770.01  6.0246e-07  -80
4775.01  6.0246e-07  -80
4780.01  6.0246e-07  -80
4785.01  6.0246e-07  -80
4790.01  6.0246e-07  -80
4795.01  6.0246e-07  -80
4800.01  6.0246e-07  -80
4805.01  6.0246e-07  -80
4810.01  6.0246e-07  -80
4815.01  6.0246e-07  -80
4820.01  6.0246e-07  -80
4825.01  6.0246e-07  -80
4830.01  6.0246e-07  -80
4835.01  6.0246e-07  -80
4840.01  6.0246e-07  -80
4845.01  6.0246e-07  -80
4850.01  6.0246e-07  -80
4855.01  6.0246e-07  -80
4860.01  6.0246e-07  -80
4865.01  6.0246e-07  -80
4870.01  6.0246e-07  -80
4875.01  6.0246e-07  -80
4880.01  6.0246e-07  -80
4885.01  6.0246e-07  -80
4890.01  6.0246e-07  -80
4895.01  6.0246e-07  -80
4900.01  6.0246e-07  -80
4905.01  6.0246e-07  -80
4910.01  6.0246e-07  -80
4915.01  6.0246e-07  -80
4920.01  6.0246e-07  -80
4925.01  6.0246e-07  -80
4930.01  6.0246e-07  -80
4935.01  6.0246e-07  -80
4940.01  6.0246e-07  -80
4945.01  6.0246e-07  -80
4950.01  6.0246e-07  -80
4955.01  6.0246e-07  -80
4960.01  6.0246e-07  -80
4965.01  6.0246e-07  -80
4970.01  6.0246e-07  -80
4975.01  6.0246e-07  -80
4980.01  6.0246e-07  -80
4985.01  6.0246e-07  -80
4990.01  6.0246e-07  -80
4995.01  6.0246e-07  -80
5000.01  6.0246e-07  -80
5005.01  6.0246e-07  -80
5010.01  6.0246e-07  -80
5015.01  6.0246e-07  -80
5020.01  6.0246e-07  -80
5025.01  6.0246e-07  -80
5030.01  6.0246e-07  -80
5035.01  6.0246e-07  -80
5040.01  6.0246e-07  -80
5045.01  6.0246e-07  -80
5050.01  6.0246e-07  -80
5055.01  6.0246e-07  -80
5060.01  6.0246e-07  -80
5065.01  6.0246e-07  -80
5070.01  6.0246e-07  -80
5075.01  6.0246e-07  -80
5080.01  6.0246e-07  -80
5085.01  6.0246e-07  -80
5090.01  6.0246e-07  -80
5095.01  6.0246e-07  -80
5100.01  6.0246e-07  -80
5105.01  6.0246e-07  -80
5110.01  6.0246e-07  -80
5115.01  6.0246e-07  -80
5120.01  6.0246e-07  -80
5125.01  6.0246e-07  -80
5130.01  6.0246e-07  -80
5135.01  6.0246e-07  -80
5140.01  6.0246e-07  -80
5145.01  6.0246e-07  -80
5150.01  6.0246e-07  -80
5155.01  6.0246e-07  -80
5160.01  6.0246e-07  -80
5165.01  6.0246e-07  -80
5170.01  6.0246e-07  -80
5175.01  6.0246e-07  -80
5180.01  6.0246e-07  -80
5185.01  6.0246e-07  -80
5190.01  6.0246e-07  -80
5195.01  6.0246e-07  -80
5200.01  6.0246e-07  -80
5205.01  6.0246e-07  -80
5210.01  6.0246e-07  -80
5215.01  6.0246e-07  -80
5220.01  6.0246e-07  -80
5225.01  6.0246e-07  -80
5230.01  6.0246e-07  -80
5235.01  6.0246e-07  -80
5240.01  6.0246e-07  -80
5245.01  6.0246e-07  -80
5250.01  6.0246e-07  -80
5255.01  6.0246e-07  -80
5260.01  6.0246e-07  -80
5265.01  6.0246e-07  -80
5270.01  6.0246e-07  -80
5275.01  6.0246e-07  -80
5280.01  6.0246e-07  -80
5285.01  6.0246e-07  -80
5290.01  6.0246e-07  -80
5295.01  6.0246e-07  -80
5300.01  6.0246e-07  -80
5305.01  6.0246e-07  -80
5310.01  6.0246e-07  -80
5315.01  6.0246e-07  -80
5320.01  6.0246e-07  -80
5325.01  6.0246e-07  -80
5330.01  6.0246e-07  -80
5335.01  6.0246e-07  -80
5340.01  6.0246e-07  -80
5345.01  6.0246e-07  -80
5350.01  6.0246e-07  -80
5355.01  6.0246e-07  -80
5360.01  6.0246e-07  -80
5365.01  6.0246e-07  -80
5370.01  6.0246e-07  -80
5375.01  6.0246e-07  -80
5380.01  6.0246e-07  -80
5385.01  6.0246e-07  -80
5390.01  6.0246e-07  -80
5395.01  6.0246e-07  -80
5400.01  6.0246e-07  -80
5405.01  6.0246e-07  -80
5410.01  6.0246e-07  -80
5415.01  6.0246e-07  -80
5420.01  6.0246e-07  -80
5425.01  6.0246e-07  -80
5430.01  6.0246e-07  -80
5435.01  6.0246e-07  -80
5440.01  6.0246e-07  -80
5445.01  6.0246e-07  -80
5450.01  6.0246e-07  -80
5455.01  6.0246e-07  -80
5460.01  6.0246e-07  -80
5465.01  6.0246e-07  -80
5470.01  6.0246e-07  -80
5475.01  6.0246e-07  -80
5480.01  6.0246e-07  -80
5485.01  6.0246e-07  -80
5490.01  6.0246e-07  -80
5495.01  6.0246e-07  -80
5500.01  6.0246e-07  -80
5505.01  6.0246e-07  -80
5510.01  6.0246e-07  -80
5515.01  6.0246e-07  -80
5520.01  6.0246e-07  -80
5525.01  6.0246e-07  -80
5530.01  6.0246e-07  -80
5535.01  6.0246e-07  -80
5540.01  6.0246e-07  -80
5545.01  6.0246e-07  -80
5550.01  6.0246e-07  -80
5555.01  6.0246e-07  -80
5560.01  6.0246e-07  -80
5565.01  6.0246e-07  -80
5570.01  6.0246e-07  -80
5575.01  6.0246e-07  -80
5580.01  6.0246e-07  -80
5585.01  6.0246e-07  -80
5590.01  6.0246e-07  -80
5595.01  6.0246e-07  -80
5600.01  6.0246e-07  -80
5605.01  6.0246e-07  -80
5610.01  6.0246e-07  -80
5615.01  6.0246e-07  -80
5620.01  6.0246e-07  -80
5625.01  6.0246e-07  -80
5630.01  6.0246e-07  -80
5635.01  6.0246e-07  -80
5640.01  6.0246e-07  -80
5645.01  6.0246e-07  -80
5650.01  6.0246e-07  -80
5655.01  6.0246e-07  -80
5660.01  6.0246e-07  -80
5665.01  6.0246e-07  -80
5670.01  6.0246e-07  -80
5675.01  6.0246e-07  -80
5680.01  6.0246e-07  -80
5685.01  6.0246e-07  -80
5690.01  6.0246e-07  -80
5695.01  6.0246e-07  -80
5700.01  6.0246e-07  -80
5705.01  6.0246e-07  -80
5710.01  6.0246e-07  -80
5715.01  6.0246e-07  -80
5720.01  6.0246e-07  -80
5725.01  6.0246e-07  -80
5730.01  6.0246e-07  -80
5735.01  6.0246e-07  -80
5740.01  6.0246e-07  -80
5745.01  6.0246e-07  -80
5750.01  6.0246e-07  -80
5755.01  6.0246e-07  -80
5760.01  6.0246e-07  -80
5765.01  6.0246e-07  -80
5770.01  6.0246e-07  -80
5775.01  6.0246e-07  -80
5780.01  6.0246e-07  -80
5785.01  6.0246e-07  -80
5790.01  6.0246e-07  -80
5795.01  6.0246e-07  -80
5800.01  6.0246e-07  -80
5805.01  6.0246e-07  -80
5810.01  6.0246e-07  -80
5815.01  6.0246e-07  -80
5820.01  6.0246e-07  -80
5825.01  6.0246e-07  -80
5830.01  6.0246e-07  -80
5835.01  6.0246e-07  -80
5840.01  6.0246e-07  -80
5845.01  6.0246e-07  -80
5850.01  6.0246e-07  -80
5855.01  6.0246e-07  -80
5860.01  6.0246e-07  -80
5865.01  6.0246e-07  -80
5870.01  6.0246e-07  -80
5875.01  6.0246e-07  -80
5880.01  6.0246e-07  -80
5885.01  6.0246e-07  -80
5890.01  6.0246e-07  -80
5895.01  6.0246e-07  -80
5900.01  6.0246e-07  -80
5905.01  6.0246e-07  -80
5910.01  6.0246e-07  -80
5915.01  6.0246e-07  -80
5920.01  6.0246e-07  -80
5925.01  6.0246e-07  -80
5930.01  6.0246e-07  -80
5935.01  6.0246e-07  -80
5940.01  6.0246e-07  -80
5945.01  6.0246e-07  -80
5950.01  6.0246e-07  -80
5955.01  6.0246e-07  -80
5960.01  6.0246e-07  -80
5965.01  6.0246e-07  -80
5970.01  6.0246e-07  -80
5975.01  6.0246e-07  -80
5980.01  6.0246e-07  -80
5985.01  6.0246e-07  -80
5990.01  6.0246e-07  -80
5995.01  6.0246e-07  -80
6000.01  6.0246e-07  -80
6005.01  6.0246e-07  -80
6010.01  6.0246e-07  -80
6015.01  6.0246e-07  -80
6020.01  6.0246e-07  -80
6025.01  6.0246e-07  -80
6030.01  6.0246e-07  -80
6035.01  6.0246e-07  -80
6040.01  6.0246e-07  -80
6045.01  6.0246e-07  -80
6050.01  6.0246e-07  -80
6055.01  6.0246e-07  -80
6060.01  6.0246e-07  -80
6065.01  6.0246e-07  -80
6070.01  6.0246e-07  -80
6075.01  6.0246e-07  -80
6080.01  6.0246e-07  -80
6085.01  6.0246e-07  -80
6090.01  6.0246e-07  -80
6095.01  6.0246e-07  -80
6100.01  6.0246e-07  -80
6105.01  6.0246e-07  -80
6110.01  6.0246e-07  -80
6115.01  6.0246e-07  -80
6120.01  6.0246e-07  -80
6125.01  6.0246e-07  -80
6130.01  6.0246e-07  -80
6135.01  6.0246e-07  -80
6140.01  6.0246e-07  -80
6145.01  6.0246e-07  -80
6150.01  6.0246e-07  -80
6155.01  6.0246e-07  -80
6160.01  6.0246e-07  -80
6165.01  6.0246e-07  -80
6170.01  6.0246e-07  -80
6175.01  6.0246e-07  -80
6180.01  6.0246e-07  -80
6185.01  6.0246e-07  -80
6190.01  6.0246e-07  -80
6195.01  6.0246e-07  -80
6200.01  6.0246e-07  -80
6205.01  6.0246e-07  -80
6210.01  6.0246e-07  -80
6215.01  6.0246e-07  -80
6220.01  6.0246e-07  -80
6225.01  6.0246e-07  -80
6230.01  6.0246e-07  -80
6235.01  6.0246e-07  -80
6240.01  6.0246e-07  -80
6245.01  6.0246e-07  -80
6250.01  6.0246e-07  -80
6255.01  6.0246e-07  -80
6260.01  6.0246e-07  -80
6265.01  6.0246e-07  -80
6270.01  6.0246e-07  -80
6275.01  6.0246e-07  -80
6280.01  6.0246e-07  -80
6285.01  6.0246e-07  -80
6290.01  6.0246e-07  -80
6295.01  6.0246e-07  -80
6300.01  6.0246e-07  -80
6305.01  6.0246e-07  -80
6310.01  6.0246e-07  -80
6315.01  6.0246e-07  -80
6320.01  6.0246e-07  -80
6325.01  6.0246e-07  -80
6330.01  6.0246e-07  -80
6335.01  6.0246e-07  -80
6340.01  6.0246e-07  -80
6345.01  6.0246e-07  -80
6350.01  6.0246e-07  -80
6355.01  6.0246e-07  -80
6360.01  6.0246e-07  -80
6365.01  6.0246e-07  -80
6370.01  6.0246e-07  -80
6375.01  6.0246e-07  -80
6380.01  6.0246e-07  -80
6385.01  6.0246e-07  -80
6390.01  6.0246e-07  -80
6395.01  6.0246e-07  -80
6400.01  6.0246e-07  -80
6405.01  6.0246e-07  -80
6410.01  6.0246e-07  -80
6415.01  6.0246e-07  -80
6420.01  6.0246e-07  -80
6425.01  6.0246e-07  -80
6430.01  6.0246e-07  -80
6435.01  6.0246e-07  -80
6440.01  6.0246e-07  -80
6445.01  6.0246e-07  -80
6450.01  6.0246e-07  -80
6455.01  6.0246e-07  -80
6460.01  6.0246e-07  -80
6465.01  6.0246e-07  -80
6470.01  6.0246e-07  -80
6475.01  6.0246e-07  -80
6480.01  6.0246e-07  -80
6485.01  6.0246e-07  -80
6490.01  6.0246e-07  -80
6495.01  6.0246e-07  -80
6500.01  6.0246e-07  -80
6505.01  6.0246e-07  -80
6510.01  6.0246e-07  -80
6515.01  6.0246e-07  -80
6520.01  6.0246e-07  -80
6525.01  6.0246e-07  -80
6530.01  6.0246e-07  -80
6535.01  6.0246e-07  -80
6540.01  6.0246e-07  -80
6545.01  6.0246e-07  -80
6550.01  6.0246e-07  -80
6555.01  6.0246e-07  -80
6560.01  6.0246e-07  -80
6565.01  6.0246e-07  -80
6570.01  6.0246e-07  -80
6575.01  6.0246e-07  -80
6580.01  6.0246e-07  -80
6585.01  6.0246e-07  -80
6590.01  6.0246e-07  -80
6595.01  6.0246e-07  -80
6600.01  6.0246e-07  -80
6605.01  6.0246e-07  -80
6610.01  6.0246e-07  -80
6615.01  6.0246e-07  -80
6620.01  6.0246e-07  -80
6625.01  6.0246e-07  -80
6630.01  6.0246e-07  -80
6635.01  6.0246e-07  -80
6640.01  6.0246e-07  -80
6645.01  6.0246e-07  -80
6650.01  6.0246e-07  -80
6655.01  6.0246e-07  -80
6660.01  6.0246e-07  -80
6665.01  6.0246e-07  -80
6670.01  6.0246e-07  -80
6675.01  6.0246e-07  -80
6680.01  6.0246e-07  -80
6685.01  6.0246e-07  -80
6690.01  6.0246e-07  -80
6695.01  6.0246e-07  -80
6700.01  6.0246e-07  -80
6705.01  6.0246e-07  -80
6710.01  6.0246e-07  -80
6715.01  6.0246e-07  -80
6720.01  6.0246e-07  -80
6725.01  6.0246e-07  -80
6730.01  6.0246e-07  -80
6735.01  6.0246e-07  -80
6740.01  6.0246e-07  -80
6745.01  6.0246e-07  -80
6750.01  6.0246e-07  -80
6755.01  6.0246e-07  -80
6760.01  6.0246e-07  -80
6765.01  6.0246e-07  -80
6770.01  6.0246e-07  -80
6775.01  6.0246e-07  -80
6780.01  6.0246e-07  -80
6785.01  6.0246e-07  -80
6790.01  6.0246e-07  -80
6795.01  6.0246e-07  -80
6800.01  6.0246e-07  -80
6805.01  6.0246e-07  -80
6810.01  6.0246e-07  -80
6815.01  6.0246e-07  -80
6820.01  6.0246e-07  -80
6825.01  6.0246e-07  -80
6830.01  6.0246e-07  -80
6835.01  6.0246e-07  -80
6840.01  6.0246e-07  -80
6845.01  6.0246e-07  -80
6850.01  6.0246e-07  -80
6855.01  6.0246e-07  -80
6860.01  6.0246e-07  -80
6865.01  6.0246e-07  -80
6870.01  6.0246e-07  -80
6875.01  6.0246e-07  -80
6880.01  6.0246e-07  -80
6885.01  6.0246e-07  -80
6890.01  6.0246e-07  -80
6895.01  6.0246e-07  -80
6900.01  6.0246e-07  -80
6905.01  6.0246e-07  -80
6910.01  6.0246e-07  -80
6915.01  6.0246e-07  -80
6920.01  6.0246e-07  -80
6925.01  6.0246e-07  -80
6930.01  6.0246e-07  -80
6935.01  6.0246e-07  -80
6940.01  6.0246e-07  -80
6945.01  6.0246e-07  -80
6950.01  6.0246e-07  -80
6955.01  6.0246e-07  -80
6960.01  6.0246e-07  -80
6965.01  6.0246e-07  -80
6970.01  6.0246e-07  -80
6975.01  6.0246e-07  -80
6980.01  6.0246e-07  -80
6985.01  6.0246e-07  -80
6990.01  6.0246e-07  -80
6995.01  6.0246e-07  -80
7000.01  6.0246e-07  -80
7005.01  6.0246e-07  -80
7010.01  6.0246e-07  -80
7015.01  6.0246e-07  -80
7020.01  6.0246e-07  -80
7025.01  6.0246e-07  -80
7030.01  6.0246e-07  -80
7035.01  6.0246e-07  -80
7040.01  6.0246e-07  -80
7045.01  6.0246e-07  -80
7050.01  6.0246e-07  -80
7055.01  6.0246e-07  -80
7060.01  6.0246e-07  -80
7065.01  6.0246e-07  -80
7070.01  6.0246e-07  -80
7075.01  6.0246e-07  -80
7080.01  6.0246e-07  -80
7085.01  6.0246e-07  -80
7090.01  6.0246e-07  -80
7095.01  6.0246e-07  -80
7100.01  6.0246e-07  -80
7105.01  6.0246e-07  -80
7110.01  6.0246e-07  -80
7115.01  6.0246e-07  -80
7120.01  6.0246e-07  -80
7125.01  6.0246e-07  -80
7130.01  6.0246e-07  -80
7135.01  6.0246e-07  -80
7140.01  6.0246e-07  -80
7145.01  6.0246e-07  -80
7150.01  6.0246e-07  -80
7155.01  6.0246e-07  -80
7160.01  6.0246e-07  -80
7165.01  6.0246e-07  -80
7170.01  6.0246e-07  -80
7175.01  6.0246e-07  -80
7180.01  6.0246e-07  -80
7185.01  6.0246e-07  -80
7190.01  6.0246e-07  -80
7195.01  6.0246e-07  -80
7200.01  6.0246e-07  -80
7205.01  6.0246e-07  -80
7210.01  6.0246e-07  -80
7215.01  6.0246e-07  -80
7220.01  6.0246e-07  -80
7225.01  6.0246e-07  -80
7230.01  6.0246e-07  -80
7235.01  6.0246e-07  -80
7240.01  6.0246e-07  -80
7245.01  6.0246e-07  -80
7250.01  6.0246e-07  -80
7255.01  6.0246e-07  -80
7260.01  6.0246e-07  -80
7265.01  6.0246e-07  -80
7270.01  6.0246e-07  -80
7275.01  6.0246e-07  -80
7280.01  6.0246e-07  -80
7285.01  6.0246e-07  -80
7290.01  6.0246e-07  -80
7295.01  6.0246e-07  -80
7300.01  6.0246e-07  -80
7305.01  6.0246e-07  -80
7310.01  6.0246e-07  -80
7315.01  6.0246e-07  -80
7320.01  6.0246e-07  -80
7325.01  6.0246e-07  -80
7330.01  6.0246e-07  -80
7335.01  6.0246e-07  -80
7340.01  6.0246e-07  -80
7345.01  6.0246e-07  -80
7350.01  6.0246e-07  -80
7355.01  6.0246e-07  -80
7360.01  6.0246e-07  -80
7365.01  6.0246e-07  -80
7370.01  6.0246e-07  -80
7375.01  6.0246e-07  -80
7380.01  6.0246e-07  -80
7385.01  6.0246e-07  -80
7390.01  6.0246e-07  -80
7395.01  6.0246e-07  -80
7400.01  6.0246e-07  -80
7405.01  6.0246e-07  -80
7410.01  6.0246e-07  -80
7415.01  6.0246e-07  -80
7420.01  6.0246e-07  -80
7425.01  6.0246e-07  -80
7430.01  6.0246e-07  -80
7435.01  6.0246e-07  -80
7440.01  6.0246e-07  -80
7445.01  6.0246e-07  -80
7450.01  6.0246e-07  -80
7455.01  6.0246e-07  -80
7460.01  6.0246e-07  -80
7465.01  6.0246e-07  -80
7470.01  6.0246e-07  -80
7475.01  6.0246e-07  -80
7480.01  6.0246e-07  -80
7485.01  6.0246e-07  -80
7490.01  6.0246e-07  -80
7495.01  6.0246e-07  -80
7500.01  6.0246e-07  -80
7505.01  6.0246e-07  -80
7510.01  6.0246e-07  -80
7515.01  6.0246e-07  -80
7520.01  6.0246e-07  -80
7525.01  6.0246e-07  -80
7530.01  6.0246e-07  -80
7535.01  6.0246e-07  -80
7540.01  6.0246e-07  -80
7545.01  6.0246e-07  -80
7550.01  6.0246e-07  -80
7555.01  6.0246e-07  -80
7560.01  6.0246e-07  -80
7565.01  6.0246e-07  -80
7570.01  6.0246e-07  -80
7575.01  6.0246e-07  -80
7580.01  6.0246e-07  -80
7585.01  6.0246e-07  -80
7590.01  6.0246e-07  -80
7595.01  6.0246e-07  -80
7600.01  6.0246e-07  -80
7605.01  6.0246e-07  -80
7610.01  6.0246e-07  -80
7615.01  6.0246e-07  -80
7620.01  6.0246e-07  -80
7625.01  6.0246e-07  -80
7630.01  6.0246e-07  -80
7635.01  6.0246e-07  -80
7640.01  6.0246e-07  -80
7645.01  6.0246e-07  -80
7650.01  6.0246e-07  -80
7655.01  6.0246e-07  -80
7660.01  6.0246e-07  -80
7665.01  6.0246e-07  -80
7670.01  6.0246e-07  -80
7675.01  6.0246e-07  -80
7680.01  6.0246e-07  -80
7685.01  6.0246e-07  -80
7690.01  6.0246e-07  -80
7695.01  6.0246e-07  -80
7700.01  6.0246e-07  -80
7705.01  6.0246e-07  -80
7710.01  6.0246e-07  -80
7715.01  6.0246e-07  -80
7720.01  6.0246e-07  -80
7725.01  6.0246e-07  -80
7730.01  6.0246e-07  -80
7735.01  6.0246e-07  -80
7740.01  6.0246e-07  -80
7745.01  6.0246e-07  -80
7750.01  6.0246e-07  -80
7755.01  6.0246e-07  -80
7760.01  6.0246e-07  -80
7765.01  6.0246e-07  -80
7770.01  6.0246e-07  -80
7775.01  6.0246e-07  -80
7780.01  6.0246e-07  -80
7785.01  6.0246e-07  -80
7790.01  6.0246e-07  -80
7795.01  6.0246e-07  -80
7800.01  6.0246e-07  -80
7805.01  6.0246e-07  -80
7810.01  6.0246e-07  -80
7815.01  6.0246e-07  -80
7820.01  6.0246e-07  -80
7825.01  6.0246e-07  -80
7830.01  6.0246e-07  -80
7835.01  6.0246e-07  -80
7840.01  6.0246e-07  -80
7845.01  6.0246e-07  -80
7850.01  6.0246e-07  -80
7855.01  6.0246e-07  -80
7860.01  6.0246e-07  -80
7865.01  6.0246e-07  -80
7870.01  6.0246e-07  -80
7875.01  6.0246e-07  -80
7880.01  6.0246e-07  -80
7885.01  6.0246e-07  -80
7890.01  6.0246e-07  -80
7895.01  6.0246e-07  -80
7900.01  6.0246e-07  -80
7905.01  6.0246e-07  -80
7910.01  6.0246e-07  -80
7915.01  6.0246e-07  -80
7920.01  6.0246e-07  -80
7925.01  6.0246e-07  -80
7930.01  6.0246e-07  -80
7935.01  6.0246e-07  -80
7940.01  6.0246e-07  -80
7945.01  6.0246e-07  -80
7950.01  6.0246e-07  -80
7955.01  6.0246e-07  -80
7960.01  6.0246e-07  -80
7965.01  6.0246e-07  -80
7970.01  6.0246e-07  -80
7975.01  6.0246e-07  -80
7980.01  6.0246e-07  -80
7985.01  6.0246e-07  -80
7990.01  6.0246e-07  -80
7995.01  6.0246e-07  -80
8000.01  6.0246e-07  -80
8005.01  6.0246e-07  -80
8010.01  6.0246e-07  -80
8015.01  6.0246e-07  -80
8020.01  6.0246e-07  -80
8025.01  6.0246e-07  -80
8030.01  6.0246e-07  -80
8035.01  6.0246e-07  -80
8040.01  6.0246e-07  -80
8045.01  6.0246e-07  -80
8050.01  6.0246e-07  -80
8055.01  6.0246e-07  -80
8060.01  6.0246e-07  -80
8065.01  6.0246e-07  -80
8070.01  6.0246e-07  -80
8075.01  6.0246e-07  -80
8080.01  6.0246e-07  -80
8085.01  6.0246e-07  -80
8090.01  6.0246e-07  -80
8095.01  6.0246e-07  -80
8100.01  6.0246e-07  -80
8105.01  6.0246e-07  -80
8110.01  6.0246e-07  -80
8115.01  6.0246e-07  -80
8120.01  6.0246e-07  -80
8125.01  6.0246e-07  -80
8130.01  6.0246e-07  -80
8135.01  6.0246e-07  -80
8140.01  6.0246e-07  -80
8145.01  6.0246e-07  -80
8150.01  6.0246e-07  -80
8155.01  6.0246e-07  -80
8160.01  6.0246e-07  -80
8165.01  6.0246e-07  -80
8170.01  6.0246e-07  -80
8175.01  6.0246e-07  -80
8180.01  6.0246e-07  -80
8185.01  6.0246e-07  -80
8190.01  6.0246e-07  -80
8195.01  6.0246e-07  -80
8200.01  6.0246e-07  -80
8205.01  6.0246e-07  -80
8210.01  6.0246e-07  -80
8215.01  6.0246e-07  -80
8220.01  6.0246e-07  -80
8225.01  6.0246e-07  -80
8230.01  6.0246e-07  -80
8235.01  6.0246e-07  -80
8240.01  6.0246e-07  -80
8245.01  6.0246e-07  -80
8250.01  6.0246e-07  -80
8255.01  6.0246e-07  -80
8260.01  6.0246e-07  -80
8265.01  6.0246e-07  -80
8270.01  6.0246e-07  -80
8275.01  6.0246e-07  -80
8280.01  6.0246e-07  -80
8285.01  6.0246e-07  -80
8290.01  6.0246e-07  -80
8295.01  6.0246e-07  -80
8300.01  6.0246e-07  -80
8305.01  6.0246e-07  -80
8310.01  6.0246e-07  -80
8315.01  6.0246e-07  -80
8320.01  6.0246e-07  -80
8325.01  6.0246e-07  -80
8330.01  6.0246e-07  -80
8335.01  6.0246e-07  -80
8340.01  6.0246e-07  -80
8345.01  6.0246e-07  -80
8350.01  6.0246e-07  -80
8355.01  6.0246e-07  -80
8360.01  6.0246e-07  -80
8365.01  6.0246e-07  -80
8370.01  6.0246e-07  -80
8375.01  6.0246e-07  -80
8380.01  6.0246e-07  -80
8385.01  6.0246e-07  -80
8390.01  6.0246e-07  -80
8395.01  6.0246e-07  -80
8400.01  6.0246e-07  -80
8405.01  6.0246e-07  -80
8410.01  6.0246e-07  -80
8415.01  6.0246e-07  -80
8420.01  6.0246e-07  -80
8425.01  6.0246e-07  -80
8430.01  6.0246e-07  -80
8435.01  6.0246e-07  -80
8440.01  6.0246e-07  -80
8445.01  6.0246e-07  -80
8450.01  6.0246e-07  -80
8455.01  6.0246e-07  -80
8460.01  6.0246e-07  -80
8465.01  6.0246e-07  -80
8470.01  6.0246e-07  -80
8475.01  6.0246e-07  -80
8480.01  6.0246e-07  -80
8485.01  6.0246e-07  -80
8490.01  6.0246e-07  -80
8495.01  6.0246e-07  -80
8500.01  6.0246e-07  -80
8505.01  6.0246e-07  -80
8510.01  6.0246e-07  -80
8515.01  6.0246e-07  -80
8520.01  6.0246e-07  -80
8525.01  6.0246e-07  -80
8530.01  6.0246e-07  -80
8535.01  6.0246e-07  -80
8540.01  6.0246e-07  -80
8545.01  6.0246e-07  -80
8550.01  6.0246e-07  -80
8555.01  6.0246e-07  -80
8560.01  6.0246e-07  -80
8565.01  6.0246e-07  -80
8570.01  6.0246e-07  -80
8575.01  6.0246e-07  -80
8580.01  6.0246e-07  -80
8585.01  6.0246e-07  -80
8590.01  6.0246e-07  -80
8595.01  6.0246e-07  -80
8600.01  6.0246e-07  -80
8605.01  6.0246e-07  -80
8610.01  6.0246e-07  -80
8615.01  6.0246e-07  -80
8620.01  6.0246e-07  -80
8625.01  6.0246e-07  -80
8630.01  6.0246e-07  -80
8635.01  6.0246e-07  -80
8640.01  6.0246e-07  -80
8645.01  6.0246e-07  -80
8650.01  6.0246e-07  -80
8655.01  6.0246e-07  -80
8660.01  6.0246e-07  -80
8665.01  6.0246e-07  -80
8670.01  6.0246e-07  -80
8675.01  6.0246e-07  -80
8680.01  6.0246e-07  -80
8685.01  6.0246e-07  -80
8690.01  6.0246e-07  -80
8695.01  6.0246e-07  -80
8700.01  6.0246e-07  -80
8705.01  6.0246e-07  -80
8710.01  6.0246e-07  -80
8715.01  6.0246e-07  -80
8720.01  6.0246e-07  -80
8725.01  6.0246e-07  -80
8730.01  6.0246e-07  -80
8735.01  6.0246e-07  -80
8740.01  6.0246e-07  -80
8745.01  6.0246e-07  -80
8750.01  6.0246e-07  -80
8755.01  6.0246e-07  -80
8760.01  6.0246e-07  -80
8765.01  6.0246e-07  -80
8770.01  6.0246e-07  -80
8775.01  6.0246e-07  -80
8780.01  6.0246e-07  -80
8785.01  6.0246e-07  -80
8790.01  6.0246e-07  -80
8795.01  6.0246e-07  -80
8800.01  6.0246e-07  -80
8805.01  6.0246e-07  -80
8810.01  6.0246e-07  -80
8815.01  6.0246e-07  -80
8820.01  6.0246e-07  -80
8825.01  6.0246e-07  -80
8830.01  6.0246e-07  -80
8835.01  6.0246e-07  -80
8840.01  6.0246e-07  -80
8845.01  6.0246e-07  -80
8850.01  6.0246e-07  -80
8855.01  6.0246e-07  -80
8860.01  6.0246e-07  -80
8865.01  6.0246e-07  -80
8870.01  6.0246e-07  -80
8875.01  6.0246e-07  -80
8880.01  6.0246e-07  -80
8885.01  6.0246e-07  -80
8890.01  6.0246e-07  -80
8895.01  6.0246e-07  -80
8900.01  6.0246e-07  -80
8905.01  6.0246e-07  -80
8910.01  6.0246e-07  -80
8915.01  6.0246e-07  -80
8920.01  6.0246e-07  -80
8925.01  6.0246e-07  -80
8930.01  6.0246e-07  -80
8935.01  6.0246e-07  -80
8940.01  6.0246e-07  -80
8945.01  6.0246e-07  -80
8950.01  6.0246e-07  -80
8955.01  6.0246e-07  -80
8960.01  6.0246e-07  -80
8965.01  6.0246e-07  -80
8970.01  6.0246e-07  -80
8975.01  6.0246e-07  -80
8980.01  6.0246e-07  -80
8985.01  6.0246e-07  -80
8990.01  6.0246e-07  -80
8995.01  6.0246e-07  -80
9000.01  6.0246e-07  -80
9005.01  6.0246e-07  -80
9010.01  6.0246e-07  -80
9015.01  6.0246e-07  -80
9020.01  6.0246e-07  -80
9025.01  6.0246e-07  -80
9030.01  6.0246e-07  -80
9035.01  6.0246e-07  -80
9040.01  6.0246e-07  -80
9045.01  6.0246e-07  -80
9050.01  6.0246e-07  -80
9055.01  6.0246e-07  -80
9060.01  6.0246e-07  -80
9065.01  6.0246e-07  -80
9070.01  6.0246e-07  -80
9075.01  6.0246e-07  -80
9080.01  6.0246e-07  -80
9085.01  6.0246e-07  -80
9090.01  6.0246e-07  -80
9095.01  6.0246e-07  -80
9100.01  6.0246e-07  -80
9105.01  6.0246e-07  -80
9110.01  6.0246e-07  -80
9115.01  6.0246e-07  -80
9120.01  6.0246e-07  -80
9125.01  6.0246e-07  -80
9130.01  6.0246e-07  -80
9135.01  6.0246e-07  -80
9140.01  6.0246e-07  -80
9145.01  6.0246e-07  -80
9150.01  6.0246e-07  -80
9155.01  6.0246e-07  -80
9160.01  6.0246e-07  -80
9165  6.0246e-07  -80
9170  6.0246e-07  -80
9175  6.0246e-07  -80
9180  6.0246e-07  -80
9185  6.0246e-07  -80
9190  6.0246e-07  -80
9195  6.0246e-07  -80
9200  6.0246e-07  -80
9205  6.0246e-07  -80
9210  6.0246e-07  -80
9215  6.0246e-07  -80
9220  6.0246e-07  -80
9225  6.0246e-07  -80
9230  6.0246e-07  -80
9235  6.0246e-07  -80
9240  6.0246e-07  -80
9245  6.0246e-07  -80
9250  6.0246e-07  -80
9255  6.0246e-07  -80
9260  6.0246e-07  -80
9265  6.0246e-07  -80
9270  6.0246e-07  -80
9275  6.0246e-07  -80
9280  6.0246e-07  -80
9285  6.0246e-07  -80
9290  6.0246e-07  -80
9295  6.0246e-07  -80
9300  6.0246e-07  -80
9305  6.0246e-07  -80
9310  6.0246e-07  -80
9315  6.0246e-07  -80
9320  6.0246e-07  -80
9325  6.0246e-07  -80
9330  6.0246e-07  -80
9335  6.0246e-07  -80
9340  6.0246e-07  -80
9345  6.0246e-07  -80
9350  6.0246e-07  -80
9355  6.0246e-07  -80
9360  6.0246e-07  -80
9365  6.0246e-07  -80
9370  6.0246e-07  -80
9375  6.0246e-07  -80
9380  6.0246e-07  -80
9385  6.0246e-07  -80
9390  6.0246e-07  -80
9395  6.0246e-07  -80
9400  6.0246e-07  -80
9405  6.0246e-07  -80
9410  6.0246e-07  -80
9415  6.0246e-07  -80
9420  6.0246e-07  -80
9425  6.0246e-07  -80
9430  6.0246e-07  -80
9435  6.0246e-07  -80
9440  6.0246e-07  -80
9445  6.0246e-07  -80
9450  6.0246e-07  -80
9455  6.0246e-07  -80
9460  6.0246e-07  -80
9465  6.0246e-07  -80
9470  6.0246e-07  -80
9475  6.0246e-07  -80
9480  6.0246e-07  -80
9485  6.0246e-07  -80
9490  6.0246e-07  -80
9495  6.0246e-07  -80
9500  6.0246e-07  -80
9505  6.0246e-07  -80
9510  6.0246e-07  -80
9515  6.0246e-07  -80
9520  6.0246e-07  -80
9525  6.0246e-07  -80
9530  6.0246e-07  -80
9535  6.0246e-07  -80
9540  6.0246e-07  -80
9545  6.0246e-07  -80
9550  6.0246e-07  -80
9555  6.0246e-07  -80
9560  6.0246e-07  -80
9565  6.0246e-07  -80
9570  6.0246e-07  -80
9575  6.0246e-07  -80
9580  6.0246e-07  -80
9585  6.0246e-07  -80
9590  6.0246e-07  -80
9595  6.0246e-07  -80
9600  6.0246e-07  -80
9605  6.0246e-07  -80
9610  6.0246e-07  -80
9615  6.0246e-07  -80
9620  6.0246e-07  -80
9625  6.0246e-07  -80
9630  6.0246e-07  -80
9635  6.0246e-07  -80
9640  6.0246e-07  -80
9645  6.0246e-07  -80
9650  6.0246e-07  -80
9655  6.0246e-07  -80
9660  6.0246e-07  -80
9665  6.0246e-07  -80
9670  6.0246e-07  -80
9675  6.0246e-07  -80
9680  6.0246e-07  -80
9685  6.0246e-07  -80
9690  6.0246e-07  -80
9695  6.0246e-07  -80
9700  6.0246e-07  -80
9705  6.0246e-07  -80
9710  6.0246e-07  -80
9715  6.0246e-07  -80
9720  6.0246e-07  -80
9725  6.0246e-07  -80
9730  6.0246e-07  -80
9735  6.0246e-07  -80
9740  6.0246e-07  -80
9745  6.0246e-07  -80
9750  6.0246e-07  -80
9755  6.0246e-07  -80
9760  6.0246e-07  -80
9765  6.0246e-07  -80
9770  6.0246e-07  -80
9775  6.0246e-07  -80
9780  6.0246e-07  -80
9785  6.0246e-07  -80
9790  6.0246e-07  -80
9795  6.0246e-07  -80
9800  6.0246e-07  -80
9805  6.0246e-07  -80
9810  6.0246e-07  -80
9815  6.0246e-07  -80
9820  6.0246e-07  -80
9825  6.0246e-07  -80
9830  6.0246e-07  -80
9835  6.0246e-07  -80
9840  6.0246e-07  -80
9845  6.0246e-07  -80
9850  6.0246e-07  -80
9855  6.0246e-07  -80
9860  6.0246e-07  -80
9865  6.0246e-07  -80
9870  6.0246e-07  -80
9875  6.0246e-07  -80
9880  6.0246e-07  -80
9885  6.0246e-07  -80
9890  6.0246e-07  -80
9895  6.0246e-07  -80
9900  6.0246e-07  -80
9905  6.0246e-07  -80
9910  6.0246e-07  -80
9915  6.0246e-07  -80
9920  6.0246e-07  -80
9925  6.0246e-07  -80
9930  6.0246e-07  -80
9935  6.0246e-07  -80
9940  6.0246e-07  -80
9945  6.0246e-07  -80
9950  6.0246e-07  -80
9955  6.0246e-07  -80
9960  6.0246e-07  -80
9965  6.0246e-07  -80
9970  6.0246e-07  -80
9975  6.0246e-07  -80
9980  6.0246e-07  -80
9985  6.0246e-07  -80
9990  6.0246e-07  -80
9995  6.0246e-07  -80
10000  1.92373e-05  40
10005  0.00103243  40
10010  0.00399218  40
10015  0.00761342  40
10020  0.0109927  40
10025  0.013766  40
10030  0.0158576  40
10035  0.0173227  40
10040  0.0182647  40
10045  0.0187945  40
10050  0.0190121  40
10055  0.0190008  40
10060  0.0188264  40
10065  0.0185392  40
10070  0.0181767  40
10075  0.0177662  40
10080  0.0173275  40
10085  0.0168745  40
10090  0.0164169  40
10095  0.0159615  40
10100  0.0155128  40
10105  0.0150737  40
10110  0.0146462  40
10115  0.0142314  40
10120  0.0138299  40
10125  0.0134419  40
10130  0.0130674  40
10135  0.0127064  40
10140  0.0123584  40
10145  0.0120232  40
10150  0.0117005  40
10155  0.0113898  40
10160  0.0110907  40
10165  0.0108028  40
10170  0.0105258  40
10175  0.0102592  40
10180  0.0100027  40
10185  0.00975583  40
10190  0.00951829  40
10195  0.00928972  40
10200  0.00906979  40
10205  0.00885816  40
10210  0.00865453  40
10215  0.0084586  40
10220  0.00827006  40
10225  0.00808866  40
10230  0.00791411  40
10235  0.00774616  40
10240  0.00758455  40
10245  0.00742905  40
10250  0.00727943  40
10255  0.00713547  40
10260  0.00699694  40
10265  0.00686365  40
10270  0.0067354  40
10275  0.006612  40
10280  0.00649326  40
10285  0.00637901  40
10290  0.00626907  40
10295  0.00616329  40
10300  0.00606151  40
10305  0.00596358  40
10310  0.00586935  40
10315  0.00577868  40
10320  0.00569143  40
10325  0.00560749  40
10330  0.00552671  40
10335  0.00544899  40
10340  0.00537421  40
10345  0.00530225  40
10350  0.00523301  40
10355  0.00516639  40
10360  0.00510229  40
10365  0.00504061  40
10370  0.00498126  40
10375  0.00492416  40
10380  0.00486921  40
10385  0.00481634  40
10390  0.00476547  40
10395  0.00471652  40
10400  0.00466942  40
10405  0.0046241  40
10410  0.0045805  40
10415  0.00453854  40
10420  0.00449817  40
10425  0.00445932  40
10430  0.00442194  40
10435  0.00438598  40
10440  0.00435137  40
10445  0.00431808  40
10450  0.00428604  40
10455  0.00425521  40
10460  0.00422554  40
10465  0.004197  40
10470  0.00416954  40
10475  0.00414311  40
10480  0.00411769  40
10485  0.00409322  40
10490  0.00406968  40
10495  0.00404703  40
10500  0.00402523  40
10505  0.00400426  40
10510  0.00398408  40
10515  0.00396467  40
10520  0.00394599  40
10525  0.00392801  40
10530  0.00391071  40
10535  0.00389407  40
10540  0.00387806  40
10545  0.00386265  40
10550  0.00384782  40
10555  0.00383356  40
10560  0.00381983  40
10565  0.00380662  40
10570  0.00379391  40
10575  0.00378169  40
10580  0.00376992  40
10585  0.0037586  40
10590  0.0037477  40
10595  0.00373722  40
10600  0.00372714  40
10605  0.00371743  40
10610  0.00370809  40
10615  0.00369911  40
10620  0.00369046  40
10625  0.00368215  40
10630  0.00367414  40
10635  0.00366644  40
10640  0.00365903  40
10645  0.0036519  40
10650  0.00364504  40
10655  0.00363844  40
10660  0.00363209  40
10665  0.00362597  40
10670  0.00362009  40
10675  0.00361443  40
10680  0.00360899  40
10685  0.00360375  40
10690  0.00359871  40
10695  0.00359386  40
10700  0.00358919  40
10705  0.0035847  40
10710  0.00358038  40
10715  0.00357622  40
10720  0.00357222  40
10725  0.00356837  40
10730  0.00356467  40
10735  0.00356111  40
10740  0.00355768  40
10745  0.00355438  40
10750  0.0035512  40
10755  0.00354815  40
10760  0.00354521  40
10765  0.00354238  40
10770  0.00353966  40
10775  0.00353704  40
10780  0.00353452  40
10785  0.0035321  40
10790  0.00352976  40
10795  0.00352752  40
10800  0.00352536  40
10805  0.00352328  40
10810  0.00352128  40
10815  0.00351936  40
10820  0.00351751  40
10825  0.00351572  40
10830  0.00351401  40
10835  0.00351236  40
10840  0.00351077  40
10845  0.00350925  40
10850  0.00350778  40
10855  0.00350636  40
10860  0.003505  40
10865  0.0035037  40
10870  0.00350244  40
10875  0.00350122  40
10880  0.00350006  40
10885  0.00349894  40
10890  0.00349786  40
10895  0.00349682  40
10900  0.00349582  40
10905  0.00349486  40
10910  0.00349393  40
10915  0.00349304  40
10920  0.00349219  40
10925  0.00349136  40
10930  0.00349057  40
10935  0.00348981  40
10940  0.00348907  40
10945  0.00348836  40
10950  0.00348768  40
10955  0.00348703  40
10960  0.0034864  40
10965  0.0034858  40
10970  0.00348521  40
10975  0.00348465  40
10980  0.00348411  40
10985  0.00348359  40
10990  0.00348309  40
10995  0.00348261  40
11000  -0.00150255  -120
11000  -0.000783573  -100
11005  -0.0870274  -100
11010  -0.133224  -100
11015  -0.155625  -100
11020  -0.164025  -100
11025  -0.164315  -100
11030  -0.160032  -100
11035  -0.153292  -100
11040  -0.14535  -100
11045  -0.136947  -100
11050  -0.128513  -100
11055  -0.120288  -100
11060  -0.112405  -100
11065  -0.104927  -100
11070  -0.0978795  -100
11075  -0.0912653  -100
11080  -0.0850738  -100
11085  -0.079288  -100
11090  -0.0738869  -100
11095  -0.0688487  -100
11100  -0.0641509  -100
11105  -0.0597719  -100
11110  -0.0556907  -100
11115  -0.0518877  -100
11120  -0.048344  -100
11125  -0.0450422  -100
11130  -0.0419658  -100
11135  -0.0390996  -100
11140  -0.0364291  -100
11145  -0.033941  -100
11150  -0.0316229  -100
11155  -0.0294631  -100
11160  -0.0274509  -100
11165  -0.0255761  -100
11170  -0.0238294  -100
11175  -0.022202  -100
11180  -0.0206858  -100
11185  -0.0192731  -100
11190  -0.0179569  -100
11195  -0.0167306  -100
11200  -0.0155881  -100
11205  -0.0145236  -100
11210  -0.0135318  -100
11215  -0.0126078  -100
11220  -0.0117468  -100
11225  -0.0109447  -100
11230  -0.0101973  -100
11235  -0.00950096  -100
11240  -0.00885218  -100
11245  -0.00824771  -100
11250  -0.00768452  -100
11255  -0.00715979  -100
11260  -0.00667089  -100
11265  -0.00621537  -100
11270  -0.00579097  -100
11275  -0.00539554  -100
11280  -0.00502712  -100
11285  -0.00468386  -100
11290  -0.00436403  -100
11295  -0.00406605  -100
11300  -0.00378841  -100
11305  -0.00352973  -100
11310  -0.00328872  -100
11315  -0.00306416  -100
11320  -0.00285494  -100
11325  -0.00266  -100
11330  -0.00247837  -100
11335  -0.00230915  -100
11340  -0.00215148  -100
11345  -0.00200458  -100
11350  -0.00186771  -100
11355  -0.00174018  -100
11360  -0.00162136  -100
11365  -0.00151066  -100
11370  -0.00140751  -100
11375  -0.00131141  -100
11380  -0.00122187  -100
11385  -0.00113844  -100
11390  -0.00106071  -100
11395  -0.000988292  -100
11400  -0.000920815  -100
11405  -0.000857946  -100
11410  -0.000799369  -100
11415  -0.000744792  -100
11420  -0.000693942  -100
11425  -0.000646563  -100
11430  -0.00060242  -100
11435  -0.000561291  -100
11440  -0.000522971  -100
11445  -0.000487267  -100
11450  -0.000454  -100
11455  -0.000423006  -100
11460  -0.000394127  -100
11465  -0.000367221  -100
11470  -0.000342152  -100
11475  -0.000318794  -100
11480  -0.000297032  -100
11485  -0.000276755  -100
11490  -0.000257863  -100
11495  -0.000240261  -100
11500  -0.000223861  -100
11505  -0.00020858  -100
11510  -0.000194343  -100
11515  -0.000181078  -100
11520  -0.000168719  -100
11525  -0.000157204  -100
11530  -0.000146475  -100
11535  -0.000136478  -100
11540  -0.000127165  -100
11545  -0.000118487  -100
11550  -0.000110401  -100
11555  -0.000102868  -100
11560  -9.58492e-05  -100
11565  -8.93096e-05  -100
11570  -8.32165e-05  -100
11575  -7.75394e-05  -100
11580  -7.225e-05  -100
11585  -6.73218e-05  -100
11590  -6.273e-05  -100
11595  -5.84518e-05  -100
11600  -5.44657e-05  -100
11605  -5.07518e-05  -100
11610  -4.72915e-05  -100
11615  -4.40674e-05  -100
11620  -4.10635e-05  -100
11625  -3.82647e-05  -100
11630  -3.5657e-05  -100
11635  -3.32274e-05  -100
11640  -3.09637e-05  -100
11645  -2.88545e-05  -100
11650  -2.68893e-05  -100
11655  -2.50584e-05  -100
11660  -2.33524e-05  -100
11665  -2.1763e-05  -100
11670  -2.0282e-05  -100
11675  -1.89022e-05  -100
11680  -1.76166e-05  -100
11685  -1.64188e-05  -100
11690  -1.53028e-05  -100
11695  -1.42629e-05  -100
11700  -1.32941e-05  -100
11705  -1.23914e-05  -100
11710  -1.15504e-05  -100
11715  -1.07668e-05  -100
11720  -1.00367e-05  -100
11725  -9.35644e-06  -100
11730  -8.72264e-06  -100
11735  -8.13211e-06  -100
11740  -7.58191e-06  -100
11745  -7.06927e-06  -100
11750  -6.59164e-06  -100
11755  -6.14662e-06  -100
11760  -5.73198e-06  -100
11765  -5.34566e-06  -100
11770  -4.98572e-06  -100
11775  -4.65035e-06  -100
11780  -4.33789e-06  -100
11785  -4.04676e-06  -100
11790  -3.7755e-06  -100
11795  -3.52277e-06  -100
11800  -3.2873e-06  -100
11805  -3.0679e-06  -100
11810  -2.86349e-06  -100
11815  -2.67303e-06  -100
11820  -2.49558e-06  -100
11825  -2.33024e-06  -100
11830  -2.17619e-06  -100
11835  -2.03267e-06  -100
11840  -1.89894e-06  -100
11845  -1.77434e-06  -100
11850  -1.65825e-06  -100
11855  -1.55009e-06  -100
11860  -1.44931e-06  -100
11865  -1.35542e-06  -100
11870  -1.26793e-06  -100
11875  -1.18642e-06  -100
11880  -1.11047e-06  -100
11885  -1.03971e-06  -100
11890  -9.73786e-07  -100
11895  -9.1236e-07  -100
11900  -8.55127e-07  -100
11905  -8.01803e-07  -100
11910  -7.52119e-07  -100
11915  -7.05828e-07  -100
11920  -6.62698e-07  -100
11925  -6.22513e-07  -100
11930  -5.85072e-07  -100
11935  -5.50187e-07  -100
11940  -5.17684e-07  -100
11945  -4.87401e-07  -100
11950  -4.59185e-07  -100
11955  -4.32896e-07  -100
11960  -4.08402e-07  -100
11965  -3.8558e-07  -100
11970  -3.64317e-07  -100
11975  -3.44506e-07  -100
11980  -3.26047e-07  -100
11985  -3.08849e-07  -100
11990  -2.92825e-07  -100
11995  -2.77895e-07  -100
12000  -2.63985e-07  -100
12005  -2.51024e-07  -100
12010  -2.38948e-07  -100
12015  -2.27697e-07  -100
12020  -2.17214e-07  -100
12025  -2.07447e-07  -100
12030  -1.98347e-07  -100
12035  -1.89868e-07  -100
12040  -1.81969e-07  -100
12045  -1.74608e-07  -100
12050  -1.6775e-07  -100
12055  -1.61361e-07  -100
12060  -1.55407e-07  -100
12065  -1.49861e-07  -100
12070  -1.44693e-07  -100
12075  -1.39877e-07  -100
12080  -1.35391e-07  -100
12085  -1.31211e-07  -100
12090  -1.27316e-07  -100
12095  -1.23688e-07  -100
12100  -1.20307e-07  -100
12105  -1.17156e-07  -100
12110  -1.14221e-07  -100
12115  -1.11487e-07  -100
12120  -1.08939e-07  -100
12125  -1.06565e-07  -100
12130  -1.04353e-07  -100
12135  -1.02293e-07  -100
12140  -1.00372e-07  -100
12145  -9.85835e-08  -100
12150  -9.69167e-08  -100
12155  -9.53637e-08  -100
12160  -9.39167e-08  -100
12165  -9.25686e-08  -100
12170  -9.13125e-08  -100
12175  -9.01421e-08  -100
12180  -8.90517e-08  -100
12185  -8.80357e-08  -100
12190  -8.70891e-08  -100
12195  -8.62072e-08  -100
12200  -8.53854e-08  -100
12205  -8.46198e-08  -100
12210  -8.39064e-08  -100
12215  -8.32418e-08  -100
12220  -8.26225e-08  -100
12225  -8.20456e-08  -100
12230  -8.1508e-08  -100
12235  -8.10071e-08  -100
12240  -8.05404e-08  -100
12245  -8.01056e-08  -100
12250  -7.97005e-08  -100
12255  -7.9323e-08  -100
12260  -7.89713e-08  -100
12265  -7.86437e-08  -100
12270  -7.83384e-08  -100
12275  -7.80539e-08  -100
12280  -7.77889e-08  -100
12285  -7.7542e-08  -100
12290  -7.73119e-08  -100
12295  -7.70975e-08  -100
12300  -7.68978e-08  -100
12305  -7.67117e-08  -100
12310  -7.65383e-08  -100
12315  -7.63768e-08  -100
12320  -7.62263e-08  -100
12325  -7.6086e-08  -100
12330  -7.59554e-08  -100
12335  -7.58336e-08  -100
12340  -7.57202e-08  -100
12345  -7.56145e-08  -100
12350  -7.55161e-08  -100
12355  -7.54243e-08  -100
12360  -7.53388e-08  -100
12365  -7.52592e-08  -100
12370  -7.5185e-08  -100
12375  -7.51159e-08  -100
12380  -7.50514e-08  -100
12385  -7.49914e-08  -100
12390  -7.49355e-08  -100
12395  -7.48834e-08  -100
12400  -7.48349e-08  -100
12405  -7.47896e-08  -100
12410  -7.47475e-08  -100
12415  -7.47082e-08  -100
12420  -7.46716e-08  -100
12425  -7.46376e-08  -100
12430  -7.46058e-08  -100
12435  -7.45762e-08  -100
12440  -7.45486e-08  -100
12445  -7.4523e-08  -100
12450  -7.4499e-08  -100
12455  -7.44767e-08  -100
12460  -7.4456e-08  -100
12465  -7.44366e-08  -100
12470  -7.44186e-08  -100
12475  -7.44018e-08  -100
12480  -7.43861e-08  -100
12485  -7.43715e-08  -100
12490  -7.43579e-08  -100
12495  -7.43453e-08  -100
12500  -7.43335e-08  -100
12505  -7.43225e-08  -100
12510  -7.43122e-08  -100
12515  -7.43027e-08  -100
12520  -7.42938e-08  -100
12525  -7.42855e-08  -100
12530  -7.42778e-08  -100
12535  -7.42706e-08  -100
12540  -7.42639e-08  -100
12545  -7.42577e-08  -100
12550  -7.42518e-08  -100
12555  -7.42464e-08  -100
12560  -7.42414e-08  -100
12565  -7.42367e-08  -100
12570  -7.42323e-08  -100
12575  -7.42282e-08  -100
12580  -7.42244e-08  -100
12585  -7.42208e-08  -100
12590  -7.42175e-08  -100
12595  -7.42145e-08  -100
12600  -7.42116e-08  -100
12605  -7.42089e-08  -100
12610  -7.42064e-08  -100
12615  -7.42041e-08  -100
12620  -7.4202e-08  -100
12625  -7.41999e-08  -100
12630  -7.41981e-08  -100
12635  -7.41963e-08  -100
12640  -7.41947e-08  -100
12645  -7.41932e-08  -100
12650  -7.41918e-08  -100
12655  -7.41904e-08  -100
12660  -7.41892e-08  -100
12665  -7.41881e-08  -100
12670  -7.4187e-08  -100
12675  -7.4186e-08  -100
12680  -7.41851e-08  -100
12685  -7.41842e-08  -100
12690  -7.41834e-08  -100
12695  -7.41827e-08  -100
12700  -7.4182e-08  -100
12705  -7.41813e-08  -100
12710  -7.41807e-08  -100
12715  -7.41802e-08  -100
12720  -7.41796e-08  -100
12725  -7.41791e-08  -100
12730  -7.41787e-08  -100
12735  -7.41783e-08  -100
12740  -7.41779e-08  -100
12745  -7.41775e-08  -100
12750  -7.41772e-08  -100
12755  -7.41768e-08  -100
12760  -7.41765e-08  -100
12765  -7.41763e-08  -100
12770  -7.4176e-08  -100
12775  -7.41758e-08  -100
12780  -7.41755e-08  -100
12785  -7.41753e-08  -100
12790  -7.41751e-08  -100
12795  -7.41749e-08  -100
12800  -7.41748e-08  -100
12805  -7.41746e-08  -100
12810  -7.41745e-08  -100
12815  -7.41743e-08  -100
12820  -7.41742e-08  -100
12825  -7.41741e-08  -100
12830  -7.4174e-08  -100
12835  -7.41739e-08  -100
12840  -7.41738e-08  -100
12845  -7.41737e-08  -100
12850  -7.41736e-08  -100
12855  -7.41735e-08  -100
12860  -7.41735e-08  -100
12865  -7.41734e-08  -100
12870  -7.41733e-08  -100
12875  -7.41733e-08  -100
12880  -7.41732e-08  -100
12885  -7.41732e-08  -100
12890  -7.41731e-08  -100
12895  -7.41731e-08  -100
12900  -7.4173e-08  -100
12905  -7.4173e-08  -100
12910  -7.4173e-08  -100
12915  -7.41729e-08  -100
12920  -7.41729e-08  -100
12925  -7.41729e-08  -100
12930  -7.41728e-08  -100
12935  -7.41728e-08  -100
12940  -7.41728e-08  -100
12945  -7.41728e-08  -100
12950  -7.41727e-08  -100
12955  -7.41727e-08  -100
12960  -7.41727e-08  -100
12965  -7.41727e-08  -100
12970  -7.41727e-08  -100
12975  -7.41727e-08  -100
12980  -7.41726e-08  -100
12985  -7.41726e-08  -100
12990  -7.41726e-08  -100
12995  -7.41726e-08  -100
13000  -7.41726e-08  -100
13005  -7.41726e-08  -100
13010  -7.41726e-08  -100
13015  -7.41726e-08  -100
13020  -7.41726e-08  -100
13025  -7.41726e-08  -100
13030  -7.41726e-08  -100
13035  -7.41725e-08  -100
13040  -7.41725e-08  -100
13045  -7.41725e-08  -100
13050  -7.41725e-08  -100
13055  -7.41725e-08  -100
13060  -7.41725e-08  -100
13065  -7.41725e-08  -100
13070  -7.41725e-08  -100
13075  -7.41725e-08  -100
13080  -7.41725e-08  -100
13085  -7.41725e-08  -100
13090  -7.41725e-08  -100
13095  -7.41725e-08  -100
13100  -7.41725e-08  -100
13105  -7.41725e-08  -100
13110  -7.41725e-08  -100
13115  -7.41725e-08  -100
13120  -7.41725e-08  -100
13125  -7.41725e-08  -100
13130  -7.41725e-08  -100
13135  -7.41725e-08  -100
13140  -7.41725e-08  -100
13145  -7.41725e-08  -100
13150  -7.41725e-08  -100
13155  -7.41725e-08  -100
13160  -7.41725e-08  -100
13165  -7.41725e-08  -100
13170  -7.41725e-08  -100
13175  -7.41725e-08  -100
13180  -7.41725e-08  -100
13185  -7.41725e-08  -100
13190  -7.41725e-08  -100
13195  -7.41725e-08  -100
13200  -7.41725e-08  -100
13205  -7.41725e-08  -100
13210  -7.41725e-08  -100
13215  -7.41725e-08  -100
13220  -7.41725e-08  -100
13225  -7.41725e-08  -100
13230  -7.41725e-08  -100
13235  -7.41725e-08  -100
13240  -7.41725e-08  -100
13245  -7.41725e-08  -100
13250  -7.41725e-08  -100
13255  -7.41725e-08  -100
13260  -7.41725e-08  -100
13265  -7.41725e-08  -100
13270  -7.41725e-08  -100
13275  -7.41725e-08  -100
13280  -7.41725e-08  -100
13285  -7.41725e-08  -100
13290  -7.41725e-08  -100
13295  -7.41725e-08  -100
13300  -7.41725e-08  -100
13305  -7.41725e-08  -100
13310  -7.41725e-08  -100
13315  -7.41725e-08  -100
13320  -7.41725e-08  -100
13325  -7.41725e-08  -100
13330  -7.41725e-08  -100
13335  -7.41725e-08  -100
13340  -7.41725e-08  -100
13345  -7.41725e-08  -100
13350  -7.41725e-08  -100
13355  -7.41725e-08  -100
13360  -7.41725e-08  -100
13365  -7.41725e-08  -100
13370  -7.41725e-08  -100
13375  -7.41725e-08  -100
13380  -7.41725e-08  -100
13385  -7.41725e-08  -100
13390  -7.41725e-08  -100
13395  -7.41725e-08  -100
13400  -7.41725e-08  -100
13405  -7.41725e-08  -100
13410  -7.41725e-08  -100
13415  -7.41725e-08  -100
13420  -7.41725e-08  -100
13425  -7.41725e-08  -100
13430  -7.41725e-08  -100
13435  -7.41725e-08  -100
13440  -7.41725e-08  -100
13445  -7.41725e-08  -100
13450  -7.41725e-08  -100
13455  -7.41725e-08  -100
13460  -7.41725e-08  -100
13465  -7.41725e-08  -100
13470  -7.41725e-08  -100
13475  -7.41725e-08  -100
13480  -7.41725e-08  -100
13485  -7.41725e-08  -100
13490  -7.41725e-08  -100
13495  -7.41725e-08  -100
13500  -7.41725e-08  -100
13505  -7.41725e-08  -100
13510  -7.41725e-08  -100
13515  -7.41725e-08  -100
13520  -7.41725e-08  -100
13525  -7.41725e-08  -100
13530  -7.41725e-08  -100
13535  -7.41725e-08  -100
13540  -7.41725e-08  -100
13545  -7.41725e-08  -100
13550  -7.41725e-08  -100
13555  -7.41725e-08  -100
13560  -7.41725e-08  -100
13565  -7.41725e-08  -100
13570  -7.41725e-08  -100
13575  -7.41725e-08  -100
13580  -7.41725e-08  -100
13585  -7.41725e-08  -100
13590  -7.41725e-08  -100
13595  -7.41725e-08  -100
13600  -7.41725e-08  -100
13605  -7.41725e-08  -100
13610  -7.41725e-08  -100
13615  -7.41725e-08  -100
13620  -7.41725e-08  -100
13625  -7.41725e-08  -100
13630  -7.41725e-08  -100
13635  -7.41725e-08  -100
13640  -7.41725e-08  -100
13645  -7.41725e-08  -100
13650  -7.41725e-08  -100
13655  -7.41725e-08  -100
13660  -7.41725e-08  -100
13665  -7.41725e-08  -100
13670  -7.41725e-08  -100
13675  -7.41725e-08  -100
13680  -7.41725e-08  -100
13685  -7.41725e-08  -100
13690  -7.41725e-08  -100
13695  -7.41725e-08  -100
13700  -7.41725e-08  -100
13705  -7.41725e-08  -100
13710  -7.41725e-08  -100
13715  -7.41725e-08  -100
13720  -7.41725e-08  -100
13725  -7.41725e-08  -100
13730  -7.41725e-08  -100
13735  -7.41725e-08  -100
13740  -7.41725e-08  -100
13745  -7.41725e-08  -100
13750  -7.41725e-08  -100
13755  -7.41725e-08  -100
13760  -7.41725e-08  -100
13765  -7.41725e-08  -100
13770  -7.41725e-08  -100
13775  -7.41725e-08  -100
13780  -7.41725e-08  -100
13785  -7.41725e-08  -100
13790  -7.41725e-08  -100
13795  -7.41725e-08  -100
13800  -7.41725e-08  -100
13805  -7.41725e-08  -100
13810  -7.41725e-08  -100
13815  -7.41725e-08  -100
13820  -7.41725e-08  -100
13825  -7.41725e-08  -100
13830  -7.41725e-08  -100
13835  -7.41725e-08  -100
13840  -7.41725e-08  -100
13845  -7.41725e-08  -100
13850  -7.41725e-08  -100
13855  -7.41725e-08  -100
13860  -7.41725e-08  -100
13865  -7.41725e-08  -100
13870  -7.41725e-08  -100
13875  -7.41725e-08  -100
13880  -7.41725e-08  -100
13885  -7.41725e-08  -100
13890  -7.41725e-08  -100
13895  -7.41725e-08  -100
13900  -7.41725e-08  -100
13905  -7.41725e-08  -100
13910  -7.41725e-08  -100
13915  -7.41725e-08  -100
13920  -7.41725e-08  -100
13925  -7.41725e-08  -100
13930  -7.41725e-08  -100
13935  -7.41725e-08  -100
13940  -7.41725e-08  -100
13945  -7.41725e-08  -100
13950  -7.41725e-08  -100
13955  -7.41725e-08  -100
13960  -7.41725e-08  -100
13965  -7.41725e-08  -100
13970  -7.41725e-08  -100
13975  -7.41725e-08  -100
13980  -7.41725e-08  -100
13985  -7.41725e-08  -100
13990  -7.41725e-08  -100
13995  -7.41725e-08  -100
14000  -7.41725e-08  -100
14005  -7.41725e-08  -100
14010  -7.41725e-08  -100
14015  -7.41725e-08  -100
14020  -7.41725e-08  -100
14025  -7.41725e-08  -100
14030  -7.41725e-08  -100
14035  -7.41725e-08  -100
14040  -7.41725e-08  -100
14045  -7.41725e-08  -100
14050  -7.41725e-08  -100
14055  -7.41725e-08  -100
14060  -7.41725e-08  -100
14065  -7.41725e-08  -100
14070  -7.41725e-08  -100
14075  -7.41725e-08  -100
14080  -7.41725e-08  -100
14085  -7.41725e-08  -100
14090  -7.41725e-08  -100
14095  -7.41725e-08  -100
14100  -7.41725e-08  -100
14105  -7.41725e-08  -100
14110  -7.41725e-08  -100
14115  -7.41725e-08  -100
14120  -7.41725e-08  -100
14125  -7.41725e-08  -100
14130  -7.41725e-08  -100
14135  -7.41725e-08  -100
14140  -7.41725e-08  -100
14145  -7.41725e-08  -100
14150  -7.41725e-08  -100
14155  -7.41725e-08  -100
14160  -7.41725e-08  -100
14165  -7.41725e-08  -100
14170  -7.41725e-08  -100
14175  -7.41725e-08  -100
14180  -7.41725e-08  -100
14185  -7.41725e-08  -100
14190  -7.41725e-08  -100
14195  -7.41725e-08  -100
14200  -7.41725e-08  -100
14205  -7.41725e-08  -100
14210  -7.41725e-08  -100
14215  -7.41725e-08  -100
14220  -7.41725e-08  -100
14225  -7.41725e-08  -100
14230  -7.41725e-08  -100
14235  -7.41725e-08  -100
14240  -7.41725e-08  -100
14245  -7.41725e-08  -100
14250  -7.41725e-08  -100
14255  -7.41725e-08  -100
14260  -7.41725e-08  -100
14265  -7.41725e-08  -100
14270  -7.41725e-08  -100
14275  -7.41725e-08  -100
14280  -7.41725e-08  -100
14285  -7.41725e-08  -100
14290  -7.41725e-08  -100
14295  -7.41725e-08  -100
14300  -7.41725e-08  -100
14305  -7.41725e-08  -100
14310  -7.41725e-08  -100
14315  -7.41725e-08  -100
14320  -7.41725e-08  -100
14325  -7.41725e-08  -100
14330  -7.41725e-08  -100
14335  -7.41725e-08  -100
14340  -7.41725e-08  -100
14345  -7.41725e-08  -100
14350  -7.41725e-08  -100
14355  -7.41725e-08  -100
14360  -7.41725e-08  -100
14365  -7.41725e-08  -100
14370  -7.41725e-08  -100
14375  -7.41725e-08  -100
14380  -7.41725e-08  -100
14385  -7.41725e-08  -100
14390  -7.41725e-08  -100
14395  -7.41725e-08  -100
14400  -7.41725e-08  -100
14405  -7.41725e-08  -100
14410  -7.41725e-08  -100
14415  -7.41725e-08  -100
14420  -7.41725e-08  -100
14425  -7.41725e-08  -100
14430  -7.41725e-08  -100
14435  -7.41725e-08  -100
14440  -7.41725e-08  -100
14445  -7.41725e-08  -100
14450  -7.41725e-08  -100
14455  -7.41725e-08  -100
14460  -7.41725e-08  -100
14465  -7.41725e-08  -100
14470  -7.41725e-08  -100
14475  -7.41725e-08  -100
14480  -7.41725e-08  -100
14485  -7.41725e-08  -100
14490  -7.41725e-08  -100
14495  -7.41725e-08  -100
14500  -7.41725e-08  -100
14505  -7.41725e-08  -100
14510  -7.41725e-08  -100
14515  -7.41725e-08  -100
14520  -7.41725e-08  -100
14525  -7.41725e-08  -100
14530  -7.41725e-08  -100
14535  -7.41725e-08  -100
14540  -7.41725e-08  -100
14545  -7.41725e-08  -100
14550  -7.41725e-08  -100
14555  -7.41725e-08  -100
14560  -7.41725e-08  -100
14565  -7.41725e-08  -100
14570  -7.41725e-08  -100
14575  -7.41725e-08  -100
14580  -7.41725e-08  -100
14585  -7.41725e-08  -100
14590  -7.41725e-08  -100
14595  -7.41725e-08  -100
14600  -7.41725e-08  -100
14605  -7.41725e-08  -100
14610  -7.41725e-08  -100
14615  -7.41725e-08  -100
14620  -7.41725e-08  -100
14625  -7.41725e-08  -100
14630  -7.41725e-08  -100
14635  -7.41725e-08  -100
14640  -7.41725e-08  -100
14645  -7.41725e-08  -100
14650  -7.41725e-08  -100
14655  -7.41725e-08  -100
14660  -7.41725e-08  -100
14665  -7.41725e-08  -100
14670  -7.41725e-08  -100
14675  -7.41725e-08  -100
14680  -7.41725e-08  -100
14685  -7.41725e-08  -100
14690  -7.41725e-08  -100
14695  -7.41725e-08  -100
14700  -7.41725e-08  -100
14705  -7.41725e-08  -100
14710  -7.41725e-08  -100
14715  -7.41725e-08  -100
14720  -7.41725e-08  -100
14725  -7.41725e-08  -100
14730  -7.41725e-08  -100
14735  -7.41725e-08  -100
14740  -7.41725e-08  -100
14745  -7.41725e-08  -100
14750  -7.41725e-08  -100
14755  -7.41725e-08  -100
14760  -7.41725e-08  -100
14765  -7.41725e-08  -100
14770  -7.41725e-08  -100
14775  -7.41725e-08  -100
14780  -7.41725e-08  -100
14785  -7.41725e-08  -100
14790  -7.41725e-08  -100
14795  -7.41725e-08  -100
14800  -7.41725e-08  -100
14805  -7.41725e-08  -100
14810  -7.41725e-08  -100
14815  -7.41725e-08  -100
14820  -7.41725e-08  -100
14825  -7.41725e-08  -100
14830  -7.41725e-08  -100
14835  -7.41725e-08  -100
14840  -7.41725e-08  -100
14845  -7.41725e-08  -100
14850  -7.41725e-08  -100
14855  -7.41725e-08  -100
14860  -7.41725e-08  -100
14865  -7.41725e-08  -100
14870  -7.41725e-08  -100
14875  -7.41725e-08  -100
14880  -7.41725e-08  -100
14885  -7.41725e-08  -100
14890  -7.41725e-08  -100
14895  -7.41725e-08  -100
14900  -7.41725e-08  -100
14905  -7.41725e-08  -100
14910  -7.41725e-08  -100
14915  -7.41725e-08  -100
14920  -7.41725e-08  -100
14925  -7.41725e-08  -100
14930  -7.41725e-08  -100
14935  -7.41725e-08  -100
14940  -7.41725e-08  -100
14945  -7.41725e-08  -100
14950  -7.41725e-08  -100
14955  -7.41725e-08  -100
14960  -7.41725e-08  -100
