0.005  1.73225e-17  -80
5.005  6.57892e-10  -80
10.005  2.4267e-09  -80
15.005  5.00994e-09  -80
20.005  8.18324e-09  -80
25.005  1.17766e-08  -80
30.005  1.56614e-08  -80
35.005  1.97398e-08  -80
40.005  2.39379e-08  -80
45.005  2.81995e-08  -80
50.005  3.24822e-08  -80
55.005  3.6754e-08  -80
60.005  4.09909e-08  -80
65.005  4.51751e-08  -80
70.005  4.92933e-08  -80
75.005  5.3336e-08  -80
80.005  5.72964e-08  -80
85.005  6.11699e-08  -80
90.005  6.49533e-08  -80
95.005  6.86451e-08  -80
100.005  7.22443e-08  -80
105.005  7.5751e-08  -80
110.005  7.91656e-08  -80
115.005  8.24892e-08  -80
120.005  8.5723e-08  -80
125.005  8.88685e-08  -80
130.005  9.19275e-08  -80
135.005  9.49016e-08  -80
140.005  9.77929e-08  -80
145.005  1.00603e-07  -80
150.005  1.03335e-07  -80
155.005  1.05989e-07  -80
160.005  1.08569e-07  -80
165.005  1.11075e-07  -80
170.005  1.1351e-07  -80
175.005  1.15877e-07  -80
180.005  1.18176e-07  -80
185.005  1.20409e-07  -80
190.005  1.22579e-07  -80
195.005  1.24688e-07  -80
200.005  1.26736e-07  -80
205.005  1.28725e-07  -80
210.005  1.30658e-07  -80
215.005  1.32536e-07  -80
220.005  1.34361e-07  -80
225.005  1.36133e-07  -80
230.005  1.37855e-07  -80
235.005  1.39527e-07  -80
240.005  1.41152e-07  -80
245.005  1.4273e-07  -80
250.005  1.44263e-07  -80
255.005  1.45753e-07  -80
260.005  1.472e-07  -80
265.005  1.48606e-07  -80
270.005  1.49971e-07  -80
275.005  1.51298e-07  -80
280.005  1.52586e-07  -80
285.005  1.53838e-07  -80
290.005  1.55054e-07  -80
295.005  1.56236e-07  -80
300.005  1.57383e-07  -80
305.005  1.58498e-07  -80
310.005  1.59581e-07  -80
315.005  1.60633e-07  -80
320.005  1.61655e-07  -80
325.005  1.62648e-07  -80
330.005  1.63612e-07  -80
335.005  1.64549e-07  -80
340.005  1.65459e-07  -80
345.005  1.66343e-07  -80
350.005  1.67202e-07  -80
355.005  1.68037e-07  -80
360.005  1.68847e-07  -80
365.005  1.69635e-07  -80
370.005  1.704e-07  -80
375.005  1.71143e-07  -80
380.005  1.71864e-07  -80
385.005  1.72566e-07  -80
390.005  1.73247e-07  -80
395.005  1.73908e-07  -80
400.005  1.74551e-07  -80
405.005  1.75176e-07  -80
410.005  1.75782e-07  -80
415.005  1.76372e-07  -80
420.005  1.76944e-07  -80
425.005  1.775e-07  -80
430.005  1.7804e-07  -80
435.005  1.78565e-07  -80
440.005  1.79075e-07  -80
445.005  1.7957e-07  -80
450.005  1.80051e-07  -80
455.005  1.80519e-07  -80
460.005  1.80973e-07  -80
465.005  1.81414e-07  -80
470.005  1.81842e-07  -80
475.005  1.82258e-07  -80
480.005  1.82663e-07  -80
485.005  1.83055e-07  -80
490.005  1.83437e-07  -80
495.005  1.83808e-07  -80
500.005  1.84168e-07  -80
505.005  1.84517e-07  -80
510.005  1.84857e-07  -80
515.005  1.85187e-07  -80
520.005  1.85508e-07  -80
525.005  1.85819e-07  -80
530.005  1.86122e-07  -80
535.005  1.86416e-07  -80
540.005  1.86701e-07  -80
545.005  1.86979e-07  -80
550.005  1.87248e-07  -80
555.005  1.8751e-07  -80
560.005  1.87764e-07  -80
565.005  1.88011e-07  -80
570.005  1.88251e-07  -80
575.005  1.88485e-07  -80
580.005  1.88711e-07  -80
585.005  1.88931e-07  -80
590.005  1.89145e-07  -80
595.005  1.89352e-07  -80
600.005  1.89554e-07  -80
605.005  1.8975e-07  -80
610.005  1.8994e-07  -80
615.005  1.90125e-07  -80
620.005  1.90305e-07  -80
625.005  1.90479e-07  -80
630.005  1.90649e-07  -80
635.005  1.90813e-07  -80
640.005  1.90973e-07  -80
645.005  1.91129e-07  -80
650.005  1.9128e-07  -80
655.005  1.91426e-07  -80
660.005  1.91569e-07  -80
665.005  1.91707e-07  -80
670.005  1.91842e-07  -80
675.005  1.91972e-07  -80
680.005  1.92099e-07  -80
685.005  1.92222e-07  -80
690.005  1.92342e-07  -80
695.005  1.92458e-07  -80
700.005  1.92571e-07  -80
705.005  1.92681e-07  -80
710.005  1.92787e-07  -80
715.005  1.92891e-07  -80
720.005  1.92992e-07  -80
725.005  1.93089e-07  -80
730.005  1.93184e-07  -80
735.005  1.93277e-07  -80
740.005  1.93366e-07  -80
745.005  1.93453e-07  -80
750.005  1.93538e-07  -80
755.005  1.9362e-07  -80
760.005  1.937e-07  -80
765.005  1.93777e-07  -80
770.005  1.93852e-07  -80
775.005  1.93926e-07  -80
780.005  1.93997e-07  -80
785.005  1.94066e-07  -80
790.005  1.94133e-07  -80
795.005  1.94198e-07  -80
800.005  1.94261e-07  -80
805.005  1.94323e-07  -80
810.005  1.94382e-07  -80
815.005  1.9444e-07  -80
820.005  1.94497e-07  -80
825.005  1.94551e-07  -80
830.005  1.94605e-07  -80
835.005  1.94656e-07  -80
840.005  1.94706e-07  -80
845.005  1.94755e-07  -80
850.005  1.94802e-07  -80
855.005  1.94848e-07  -80
860.005  1.94893e-07  -80
865.005  1.94937e-07  -80
870.005  1.94979e-07  -80
875.005  1.9502e-07  -80
880.005  1.9506e-07  -80
885.005  1.95098e-07  -80
890.005  1.95136e-07  -80
895.005  1.95172e-07  -80
900.005  1.95208e-07  -80
905.005  1.95242e-07  -80
910.005  1.95276e-07  -80
915.005  1.95308e-07  -80
920.005  1.9534e-07  -80
925.005  1.9537e-07  -80
930.005  1.954e-07  -80
935.005  1.95429e-07  -80
940.005  1.95457e-07  -80
945.005  1.95484e-07  -80
950.005  1.95511e-07  -80
955.005  1.95537e-07  -80
960.005  1.95562e-07  -80
965.005  1.95586e-07  -80
970.005  1.9561e-07  -80
975.005  1.95633e-07  -80
980.005  1.95655e-07  -80
985.005  1.95677e-07  -80
990.005  1.95698e-07  -80
995.005  1.95718e-07  -80
1000  1.95738e-07  -80
1005  1.95757e-07  -80
1010  1.95776e-07  -80
1015  1.95794e-07  -80
1020  1.95812e-07  -80
1025  1.95829e-07  -80
1030  1.95846e-07  -80
1035  1.95862e-07  -80
1040  1.95878e-07  -80
1045  1.95893e-07  -80
1050  1.95908e-07  -80
1055  1.95922e-07  -80
1060  1.95936e-07  -80
1065.01  1.9595e-07  -80
1070.01  1.95963e-07  -80
1075.01  1.95976e-07  -80
1080.01  1.95988e-07  -80
1085.01  1.96001e-07  -80
1090.01  1.96012e-07  -80
1095.01  1.96024e-07  -80
1100.01  1.96035e-07  -80
1105.01  1.96046e-07  -80
1110.01  1.96056e-07  -80
1115.01  1.96066e-07  -80
1120.01  1.96076e-07  -80
1125.01  1.96086e-07  -80
1130.01  1.96095e-07  -80
1135.01  1.96104e-07  -80
1140.01  1.96113e-07  -80
1145.01  1.96122e-07  -80
1150.01  1.9613e-07  -80
1155.01  1.96138e-07  -80
1160.01  1.96146e-07  -80
1165.01  1.96154e-07  -80
1170.01  1.96161e-07  -80
1175.01  1.96168e-07  -80
1180.01  1.96175e-07  -80
1185.01  1.96182e-07  -80
1190.01  1.96189e-07  -80
1195.01  1.96195e-07  -80
1200.01  1.96201e-07  -80
1205.01  1.96207e-07  -80
1210.01  1.96213e-07  -80
1215.01  1.96219e-07  -80
1220.01  1.96224e-07  -80
1225.01  1.9623e-07  -80
1230.01  1.96235e-07  -80
1235.01  1.9624e-07  -80
1240.01  1.96245e-07  -80
1245.01  1.9625e-07  -80
1250.01  1.96255e-07  -80
1255.01  1.96259e-07  -80
1260.01  1.96263e-07  -80
1265.01  1.96268e-07  -80
1270.01  1.96272e-07  -80
1275.01  1.96276e-07  -80
1280.01  1.9628e-07  -80
1285.01  1.96284e-07  -80
1290.01  1.96287e-07  -80
1295.01  1.96291e-07  -80
1300.01  1.96294e-07  -80
1305.01  1.96298e-07  -80
1310.01  1.96301e-07  -80
1315.01  1.96304e-07  -80
1320.01  1.96307e-07  -80
1325.01  1.9631e-07  -80
1330.01  1.96313e-07  -80
1335.01  1.96316e-07  -80
1340.01  1.96319e-07  -80
1345.01  1.96322e-07  -80
1350.01  1.96324e-07  -80
1355.01  1.96327e-07  -80
1360.01  1.96329e-07  -80
1365.01  1.96332e-07  -80
1370.01  1.96334e-07  -80
1375.01  1.96336e-07  -80
1380.01  1.96338e-07  -80
1385.01  1.96341e-07  -80
1390.01  1.96343e-07  -80
1395.01  1.96345e-07  -80
1400.01  1.96347e-07  -80
1405.01  1.96349e-07  -80
1410.01  1.9635e-07  -80
1415.01  1.96352e-07  -80
1420.01  1.96354e-07  -80
1425.01  1.96356e-07  -80
1430.01  1.96357e-07  -80
1435.01  1.96359e-07  -80
1440.01  1.9636e-07  -80
1445.01  1.96362e-07  -80
1450.01  1.96363e-07  -80
1455.01  1.96365e-07  -80
1460.01  1.96366e-07  -80
1465.01  1.96367e-07  -80
1470.01  1.96369e-07  -80
1475.01  1.9637e-07  -80
1480.01  1.96371e-07  -80
1485.01  1.96372e-07  -80
1490.01  1.96374e-07  -80
1495.01  1.96375e-07  -80
1500.01  1.96376e-07  -80
1505.01  1.96377e-07  -80
1510.01  1.96378e-07  -80
1515.01  1.96379e-07  -80
1520.01  1.9638e-07  -80
1525.01  1.96381e-07  -80
1530.01  1.96382e-07  -80
1535.01  1.96383e-07  -80
1540.01  1.96384e-07  -80
1545.01  1.96384e-07  -80
1550.01  1.96385e-07  -80
1555.01  1.96386e-07  -80
1560.01  1.96387e-07  -80
1565.01  1.96388e-07  -80
1570.01  1.96388e-07  -80
1575.01  1.96389e-07  -80
1580.01  1.9639e-07  -80
1585.01  1.9639e-07  -80
1590.01  1.96391e-07  -80
1595.01  1.96392e-07  -80
1600.01  1.96392e-07  -80
1605.01  1.96393e-07  -80
1610.01  1.96393e-07  -80
1615.01  1.96394e-07  -80
1620.01  1.96395e-07  -80
1625.01  1.96395e-07  -80
1630.01  1.96396e-07  -80
1635.01  1.96396e-07  -80
1640.01  1.96397e-07  -80
1645.01  1.96397e-07  -80
1650.01  1.96397e-07  -80
1655.01  1.96398e-07  -80
1660.01  1.96398e-07  -80
1665.01  1.96399e-07  -80
1670.01  1.96399e-07  -80
1675.01  1.964e-07  -80
1680.01  1.964e-07  -80
1685.01  1.964e-07  -80
1690.01  1.96401e-07  -80
1695.01  1.96401e-07  -80
1700.01  1.96401e-07  -80
1705.01  1.96402e-07  -80
1710.01  1.96402e-07  -80
1715.01  1.96402e-07  -80
1720.01  1.96403e-07  -80
1725.01  1.96403e-07  -80
1730.01  1.96403e-07  -80
1735.01  1.96404e-07  -80
1740.01  1.96404e-07  -80
1745.01  1.96404e-07  -80
1750.01  1.96404e-07  -80
1755.01  1.96405e-07  -80
1760.01  1.96405e-07  -80
1765.01  1.96405e-07  -80
1770.01  1.96405e-07  -80
1775.01  1.96406e-07  -80
1780.01  1.96406e-07  -80
1785.01  1.96406e-07  -80
1790.01  1.96406e-07  -80
1795.01  1.96406e-07  -80
1800.01  1.96407e-07  -80
1805.01  1.96407e-07  -80
1810.01  1.96407e-07  -80
1815.01  1.96407e-07  -80
1820.01  1.96407e-07  -80
1825.01  1.96407e-07  -80
1830.01  1.96408e-07  -80
1835.01  1.96408e-07  -80
1840.01  1.96408e-07  -80
1845.01  1.96408e-07  -80
1850.01  1.96408e-07  -80
1855.01  1.96408e-07  -80
1860.01  1.96408e-07  -80
1865.01  1.96409e-07  -80
1870.01  1.96409e-07  -80
1875.01  1.96409e-07  -80
1880.01  1.96409e-07  -80
1885.01  1.96409e-07  -80
1890.01  1.96409e-07  -80
1895.01  1.96409e-07  -80
1900.01  1.96409e-07  -80
1905.01  1.9641e-07  -80
1910.01  1.9641e-07  -80
1915.01  1.9641e-07  -80
1920.01  1.9641e-07  -80
1925.01  1.9641e-07  -80
1930.01  1.9641e-07  -80
1935.01  1.9641e-07  -80
1940.01  1.9641e-07  -80
1945.01  1.9641e-07  -80
1950.01  1.9641e-07  -80
1955.01  1.9641e-07  -80
1960.01  1.9641e-07  -80
1965.01  1.96411e-07  -80
1970.01  1.96411e-07  -80
1975.01  1.96411e-07  -80
1980.01  1.96411e-07  -80
1985.01  1.96411e-07  -80
1990.01  1.96411e-07  -80
1995.01  1.96411e-07  -80
2000.01  1.96411e-07  -80
2005.01  1.96411e-07  -80
2010.01  1.96411e-07  -80
2015.01  1.96411e-07  -80
2020.01  1.96411e-07  -80
2025.01  1.96411e-07  -80
2030.01  1.96411e-07  -80
2035.01  1.96411e-07  -80
2040.01  1.96411e-07  -80
2045.01  1.96411e-07  -80
2050.01  1.96412e-07  -80
2055.01  1.96412e-07  -80
2060.01  1.96412e-07  -80
2065.01  1.96412e-07  -80
2070.01  1.96412e-07  -80
2075.01  1.96412e-07  -80
2080.01  1.96412e-07  -80
2085.01  1.96412e-07  -80
2090.01  1.96412e-07  -80
2095.01  1.96412e-07  -80
2100.01  1.96412e-07  -80
2105.01  1.96412e-07  -80
2110.01  1.96412e-07  -80
2115.01  1.96412e-07  -80
2120.01  1.96412e-07  -80
2125.01  1.96412e-07  -80
2130.01  1.96412e-07  -80
2135.01  1.96412e-07  -80
2140.01  1.96412e-07  -80
2145.01  1.96412e-07  -80
2150.01  1.96412e-07  -80
2155.01  1.96412e-07  -80
2160.01  1.96412e-07  -80
2165.01  1.96412e-07  -80
2170.01  1.96412e-07  -80
2175.01  1.96412e-07  -80
2180.01  1.96412e-07  -80
2185.01  1.96412e-07  -80
2190.01  1.96412e-07  -80
2195.01  1.96412e-07  -80
2200.01  1.96412e-07  -80
2205.01  1.96412e-07  -80
2210.01  1.96412e-07  -80
2215.01  1.96412e-07  -80
2220.01  1.96413e-07  -80
2225.01  1.96413e-07  -80
2230.01  1.96413e-07  -80
2235.01  1.96413e-07  -80
2240.01  1.96413e-07  -80
2245.01  1.96413e-07  -80
2250.01  1.96413e-07  -80
2255.01  1.96413e-07  -80
2260.01  1.96413e-07  -80
2265.01  1.96413e-07  -80
2270.01  1.96413e-07  -80
2275.01  1.96413e-07  -80
2280.01  1.96413e-07  -80
2285.01  1.96413e-07  -80
2290.01  1.96413e-07  -80
2295.01  1.96413e-07  -80
2300.01  1.96413e-07  -80
2305.01  1.96413e-07  -80
2310.01  1.96413e-07  -80
2315.01  1.96413e-07  -80
2320.01  1.96413e-07  -80
2325.01  1.96413e-07  -80
2330.01  1.96413e-07  -80
2335.01  1.96413e-07  -80
2340.01  1.96413e-07  -80
2345.01  1.96413e-07  -80
2350.01  1.96413e-07  -80
2355.01  1.96413e-07  -80
2360.01  1.96413e-07  -80
2365.01  1.96413e-07  -80
2370.01  1.96413e-07  -80
2375.01  1.96413e-07  -80
2380.01  1.96413e-07  -80
2385.01  1.96413e-07  -80
2390.01  1.96413e-07  -80
2395.01  1.96413e-07  -80
2400.01  1.96413e-07  -80
2405.01  1.96413e-07  -80
2410.01  1.96413e-07  -80
2415.01  1.96413e-07  -80
2420.01  1.96413e-07  -80
2425.01  1.96413e-07  -80
2430.01  1.96413e-07  -80
2435.01  1.96413e-07  -80
2440.01  1.96413e-07  -80
2445.01  1.96413e-07  -80
2450.01  1.96413e-07  -80
2455.01  1.96413e-07  -80
2460.01  1.96413e-07  -80
2465.01  1.96413e-07  -80
2470.01  1.96413e-07  -80
2475.01  1.96413e-07  -80
2480.01  1.96413e-07  -80
2485.01  1.96413e-07  -80
2490.01  1.96413e-07  -80
2495.01  1.96413e-07  -80
2500.01  1.96413e-07  -80
2505.01  1.96413e-07  -80
2510.01  1.96413e-07  -80
2515.01  1.96413e-07  -80
2520.01  1.96413e-07  -80
2525.01  1.96413e-07  -80
2530.01  1.96413e-07  -80
2535.01  1.96413e-07  -80
2540.01  1.96413e-07  -80
2545.01  1.96413e-07  -80
2550.01  1.96413e-07  -80
2555.01  1.96413e-07  -80
2560.01  1.96413e-07  -80
2565.01  1.96413e-07  -80
2570.01  1.96413e-07  -80
2575.01  1.96413e-07  -80
2580.01  1.96413e-07  -80
2585.01  1.96413e-07  -80
2590.01  1.96413e-07  -80
2595.01  1.96413e-07  -80
2600.01  1.96413e-07  -80
2605.01  1.96413e-07  -80
2610.01  1.96413e-07  -80
2615.01  1.96413e-07  -80
2620.01  1.96413e-07  -80
2625.01  1.96413e-07  -80
2630.01  1.96413e-07  -80
2635.01  1.96413e-07  -80
2640.01  1.96413e-07  -80
2645.01  1.96413e-07  -80
2650.01  1.96413e-07  -80
2655.01  1.96413e-07  -80
2660.01  1.96413e-07  -80
2665.01  1.96413e-07  -80
2670.01  1.96413e-07  -80
2675.01  1.96413e-07  -80
2680.01  1.96413e-07  -80
2685.01  1.96413e-07  -80
2690.01  1.96413e-07  -80
2695.01  1.96413e-07  -80
2700.01  1.96413e-07  -80
2705.01  1.96413e-07  -80
2710.01  1.96413e-07  -80
2715.01  1.96413e-07  -80
2720.01  1.96413e-07  -80
2725.01  1.96413e-07  -80
2730.01  1.96413e-07  -80
2735.01  1.96413e-07  -80
2740.01  1.96413e-07  -80
2745.01  1.96413e-07  -80
2750.01  1.96413e-07  -80
2755.01  1.96413e-07  -80
2760.01  1.96413e-07  -80
2765.01  1.96413e-07  -80
2770.01  1.96413e-07  -80
2775.01  1.96413e-07  -80
2780.01  1.96413e-07  -80
2785.01  1.96413e-07  -80
2790.01  1.96413e-07  -80
2795.01  1.96413e-07  -80
2800.01  1.96413e-07  -80
2805.01  1.96413e-07  -80
2810.01  1.96413e-07  -80
2815.01  1.96413e-07  -80
2820.01  1.96413e-07  -80
2825.01  1.96413e-07  -80
2830.01  1.96413e-07  -80
2835.01  1.96413e-07  -80
2840.01  1.96413e-07  -80
2845.01  1.96413e-07  -80
2850.01  1.96413e-07  -80
2855.01  1.96413e-07  -80
2860.01  1.96413e-07  -80
2865.01  1.96413e-07  -80
2870.01  1.96413e-07  -80
2875.01  1.96413e-07  -80
2880.01  1.96413e-07  -80
2885.01  1.96413e-07  -80
2890.01  1.96413e-07  -80
2895.01  1.96413e-07  -80
2900.01  1.96413e-07  -80
2905.01  1.96413e-07  -80
2910.01  1.96413e-07  -80
2915.01  1.96413e-07  -80
2920.01  1.96413e-07  -80
2925.01  1.96413e-07  -80
2930.01  1.96413e-07  -80
2935.01  1.96413e-07  -80
2940.01  1.96413e-07  -80
2945.01  1.96413e-07  -80
2950.01  1.96413e-07  -80
2955.01  1.96413e-07  -80
2960.01  1.96413e-07  -80
2965.01  1.96413e-07  -80
2970.01  1.96413e-07  -80
2975.01  1.96413e-07  -80
2980.01  1.96413e-07  -80
2985.01  1.96413e-07  -80
2990.01  1.96413e-07  -80
2995.01  1.96413e-07  -80
3000.01  1.96413e-07  -80
3005.01  1.96413e-07  -80
3010.01  1.96413e-07  -80
3015.01  1.96413e-07  -80
3020.01  1.96413e-07  -80
3025.01  1.96413e-07  -80
3030.01  1.96413e-07  -80
3035.01  1.96413e-07  -80
3040.01  1.96413e-07  -80
3045.01  1.96413e-07  -80
3050.01  1.96413e-07  -80
3055.01  1.96413e-07  -80
3060.01  1.96413e-07  -80
3065.01  1.96413e-07  -80
3070.01  1.96413e-07  -80
3075.01  1.96413e-07  -80
3080.01  1.96413e-07  -80
3085.01  1.96413e-07  -80
3090.01  1.96413e-07  -80
3095.01  1.96413e-07  -80
3100.01  1.96413e-07  -80
3105.01  1.96413e-07  -80
3110.01  1.96413e-07  -80
3115.01  1.96413e-07  -80
3120.01  1.96413e-07  -80
3125.01  1.96413e-07  -80
3130.01  1.96413e-07  -80
3135.01  1.96413e-07  -80
3140.01  1.96413e-07  -80
3145.01  1.96413e-07  -80
3150.01  1.96413e-07  -80
3155.01  1.96413e-07  -80
3160.01  1.96413e-07  -80
3165.01  1.96413e-07  -80
3170.01  1.96413e-07  -80
3175.01  1.96413e-07  -80
3180.01  1.96413e-07  -80
3185.01  1.96413e-07  -80
3190.01  1.96413e-07  -80
3195.01  1.96413e-07  -80
3200.01  1.96413e-07  -80
3205.01  1.96413e-07  -80
3210.01  1.96413e-07  -80
3215.01  1.96413e-07  -80
3220.01  1.96413e-07  -80
3225.01  1.96413e-07  -80
3230.01  1.96413e-07  -80
3235.01  1.96413e-07  -80
3240.01  1.96413e-07  -80
3245.01  1.96413e-07  -80
3250.01  1.96413e-07  -80
3255.01  1.96413e-07  -80
3260.01  1.96413e-07  -80
3265.01  1.96413e-07  -80
3270.01  1.96413e-07  -80
3275.01  1.96413e-07  -80
3280.01  1.96413e-07  -80
3285.01  1.96413e-07  -80
3290.01  1.96413e-07  -80
3295.01  1.96413e-07  -80
3300.01  1.96413e-07  -80
3305.01  1.96413e-07  -80
3310.01  1.96413e-07  -80
3315.01  1.96413e-07  -80
3320.01  1.96413e-07  -80
3325.01  1.96413e-07  -80
3330.01  1.96413e-07  -80
3335.01  1.96413e-07  -80
3340.01  1.96413e-07  -80
3345.01  1.96413e-07  -80
3350.01  1.96413e-07  -80
3355.01  1.96413e-07  -80
3360.01  1.96413e-07  -80
3365.01  1.96413e-07  -80
3370.01  1.96413e-07  -80
3375.01  1.96413e-07  -80
3380.01  1.96413e-07  -80
3385.01  1.96413e-07  -80
3390.01  1.96413e-07  -80
3395.01  1.96413e-07  -80
3400.01  1.96413e-07  -80
3405.01  1.96413e-07  -80
3410.01  1.96413e-07  -80
3415.01  1.96413e-07  -80
3420.01  1.96413e-07  -80
3425.01  1.96413e-07  -80
3430.01  1.96413e-07  -80
3435.01  1.96413e-07  -80
3440.01  1.96413e-07  -80
3445.01  1.96413e-07  -80
3450.01  1.96413e-07  -80
3455.01  1.96413e-07  -80
3460.01  1.96413e-07  -80
3465.01  1.96413e-07  -80
3470.01  1.96413e-07  -80
3475.01  1.96413e-07  -80
3480.01  1.96413e-07  -80
3485.01  1.96413e-07  -80
3490.01  1.96413e-07  -80
3495.01  1.96413e-07  -80
3500.01  1.96413e-07  -80
3505.01  1.96413e-07  -80
3510.01  1.96413e-07  -80
3515.01  1.96413e-07  -80
3520.01  1.96413e-07  -80
3525.01  1.96413e-07  -80
3530.01  1.96413e-07  -80
3535.01  1.96413e-07  -80
3540.01  1.96413e-07  -80
3545.01  1.96413e-07  -80
3550.01  1.96413e-07  -80
3555.01  1.96413e-07  -80
3560.01  1.96413e-07  -80
3565.01  1.96413e-07  -80
3570.01  1.96413e-07  -80
3575.01  1.96413e-07  -80
3580.01  1.96413e-07  -80
3585.01  1.96413e-07  -80
3590.01  1.96413e-07  -80
3595.01  1.96413e-07  -80
3600.01  1.96413e-07  -80
3605.01  1.96413e-07  -80
3610.01  1.96413e-07  -80
3615.01  1.96413e-07  -80
3620.01  1.96413e-07  -80
3625.01  1.96413e-07  -80
3630.01  1.96413e-07  -80
3635.01  1.96413e-07  -80
3640.01  1.96413e-07  -80
3645.01  1.96413e-07  -80
3650.01  1.96413e-07  -80
3655.01  1.96413e-07  -80
3660.01  1.96413e-07  -80
3665.01  1.96413e-07  -80
3670.01  1.96413e-07  -80
3675.01  1.96413e-07  -80
3680.01  1.96413e-07  -80
3685.01  1.96413e-07  -80
3690.01  1.96413e-07  -80
3695.01  1.96413e-07  -80
3700.01  1.96413e-07  -80
3705.01  1.96413e-07  -80
3710.01  1.96413e-07  -80
3715.01  1.96413e-07  -80
3720.01  1.96413e-07  -80
3725.01  1.96413e-07  -80
3730.01  1.96413e-07  -80
3735.01  1.96413e-07  -80
3740.01  1.96413e-07  -80
3745.01  1.96413e-07  -80
3750.01  1.96413e-07  -80
3755.01  1.96413e-07  -80
3760.01  1.96413e-07  -80
3765.01  1.96413e-07  -80
3770.01  1.96413e-07  -80
3775.01  1.96413e-07  -80
3780.01  1.96413e-07  -80
3785.01  1.96413e-07  -80
3790.01  1.96413e-07  -80
3795.01  1.96413e-07  -80
3800.01  1.96413e-07  -80
3805.01  1.96413e-07  -80
3810.01  1.96413e-07  -80
3815.01  1.96413e-07  -80
3820.01  1.96413e-07  -80
3825.01  1.96413e-07  -80
3830.01  1.96413e-07  -80
3835.01  1.96413e-07  -80
3840.01  1.96413e-07  -80
3845.01  1.96413e-07  -80
3850.01  1.96413e-07  -80
3855.01  1.96413e-07  -80
3860.01  1.96413e-07  -80
3865.01  1.96413e-07  -80
3870.01  1.96413e-07  -80
3875.01  1.96413e-07  -80
3880.01  1.96413e-07  -80
3885.01  1.96413e-07  -80
3890.01  1.96413e-07  -80
3895.01  1.96413e-07  -80
3900.01  1.96413e-07  -80
3905.01  1.96413e-07  -80
3910.01  1.96413e-07  -80
3915.01  1.96413e-07  -80
3920.01  1.96413e-07  -80
3925.01  1.96413e-07  -80
3930.01  1.96413e-07  -80
3935.01  1.96413e-07  -80
3940.01  1.96413e-07  -80
3945.01  1.96413e-07  -80
3950.01  1.96413e-07  -80
3955.01  1.96413e-07  -80
3960.01  1.96413e-07  -80
3965.01  1.96413e-07  -80
3970.01  1.96413e-07  -80
3975.01  1.96413e-07  -80
3980.01  1.96413e-07  -80
3985.01  1.96413e-07  -80
3990.01  1.96413e-07  -80
3995.01  1.96413e-07  -80
4000.01  1.96413e-07  -80
4005.01  1.96413e-07  -80
4010.01  1.96413e-07  -80
4015.01  1.96413e-07  -80
4020.01  1.96413e-07  -80
4025.01  1.96413e-07  -80
4030.01  1.96413e-07  -80
4035.01  1.96413e-07  -80
4040.01  1.96413e-07  -80
4045.01  1.96413e-07  -80
4050.01  1.96413e-07  -80
4055.01  1.96413e-07  -80
4060.01  1.96413e-07  -80
4065.01  1.96413e-07  -80
4070.01  1.96413e-07  -80
4075.01  1.96413e-07  -80
4080.01  1.96413e-07  -80
4085.01  1.96413e-07  -80
4090.01  1.96413e-07  -80
4095.01  1.96413e-07  -80
4100.01  1.96413e-07  -80
4105.01  1.96413e-07  -80
4110.01  1.96413e-07  -80
4115.01  1.96413e-07  -80
4120.01  1.96413e-07  -80
4125.01  1.96413e-07  -80
4130.01  1.96413e-07  -80
4135.01  1.96413e-07  -80
4140.01  1.96413e-07  -80
4145.01  1.96413e-07  -80
4150.01  1.96413e-07  -80
4155.01  1.96413e-07  -80
4160.01  1.96413e-07  -80
4165.01  1.96413e-07  -80
4170.01  1.96413e-07  -80
4175.01  1.96413e-07  -80
4180.01  1.96413e-07  -80
4185.01  1.96413e-07  -80
4190.01  1.96413e-07  -80
4195.01  1.96413e-07  -80
4200.01  1.96413e-07  -80
4205.01  1.96413e-07  -80
4210.01  1.96413e-07  -80
4215.01  1.96413e-07  -80
4220.01  1.96413e-07  -80
4225.01  1.96413e-07  -80
4230.01  1.96413e-07  -80
4235.01  1.96413e-07  -80
4240.01  1.96413e-07  -80
4245.01  1.96413e-07  -80
4250.01  1.96413e-07  -80
4255.01  1.96413e-07  -80
4260.01  1.96413e-07  -80
4265.01  1.96413e-07  -80
4270.01  1.96413e-07  -80
4275.01  1.96413e-07  -80
4280.01  1.96413e-07  -80
4285.01  1.96413e-07  -80
4290.01  1.96413e-07  -80
4295.01  1.96413e-07  -80
4300.01  1.96413e-07  -80
4305.01  1.96413e-07  -80
4310.01  1.96413e-07  -80
4315.01  1.96413e-07  -80
4320.01  1.96413e-07  -80
4325.01  1.96413e-07  -80
4330.01  1.96413e-07  -80
4335.01  1.96413e-07  -80
4340.01  1.96413e-07  -80
4345.01  1.96413e-07  -80
4350.01  1.96413e-07  -80
4355.01  1.96413e-07  -80
4360.01  1.96413e-07  -80
4365.01  1.96413e-07  -80
4370.01  1.96413e-07  -80
4375.01  1.96413e-07  -80
4380.01  1.96413e-07  -80
4385.01  1.96413e-07  -80
4390.01  1.96413e-07  -80
4395.01  1.96413e-07  -80
4400.01  1.96413e-07  -80
4405.01  1.96413e-07  -80
4410.01  1.96413e-07  -80
4415.01  1.96413e-07  -80
4420.01  1.96413e-07  -80
4425.01  1.96413e-07  -80
4430.01  1.96413e-07  -80
4435.01  1.96413e-07  -80
4440.01  1.96413e-07  -80
4445.01  1.96413e-07  -80
4450.01  1.96413e-07  -80
4455.01  1.96413e-07  -80
4460.01  1.96413e-07  -80
4465.01  1.96413e-07  -80
4470.01  1.96413e-07  -80
4475.01  1.96413e-07  -80
4480.01  1.96413e-07  -80
4485.01  1.96413e-07  -80
4490.01  1.96413e-07  -80
4495.01  1.96413e-07  -80
4500.01  1.96413e-07  -80
4505.01  1.96413e-07  -80
4510.01  1.96413e-07  -80
4515.01  1.96413e-07  -80
4520.01  1.96413e-07  -80
4525.01  1.96413e-07  -80
4530.01  1.96413e-07  -80
4535.01  1.96413e-07  -80
4540.01  1.96413e-07  -80
4545.01  1.96413e-07  -80
4550.01  1.96413e-07  -80
4555.01  1.96413e-07  -80
4560.01  1.96413e-07  -80
4565.01  1.96413e-07  -80
4570.01  1.96413e-07  -80
4575.01  1.96413e-07  -80
4580.01  1.96413e-07  -80
4585.01  1.96413e-07  -80
4590.01  1.96413e-07  -80
4595.01  1.96413e-07  -80
4600.01  1.96413e-07  -80
4605.01  1.96413e-07  -80
4610.01  1.96413e-07  -80
4615.01  1.96413e-07  -80
4620.01  1.96413e-07  -80
4625.01  1.96413e-07  -80
4630.01  1.96413e-07  -80
4635.01  1.96413e-07  -80
4640.01  1.96413e-07  -80
4645.01  1.96413e-07  -80
4650.01  1.96413e-07  -80
4655.01  1.96413e-07  -80
4660.01  1.96413e-07  -80
4665.01  1.96413e-07  -80
4670.01  1.96413e-07  -80
4675.01  1.96413e-07  -80
4680.01  1.96413e-07  -80
4685.01  1.96413e-07  -80
4690.01  1.96413e-07  -80
4695.01  1.96413e-07  -80
4700.01  1.96413e-07  -80
4705.01  1.96413e-07  -80
4710.01  1.96413e-07  -80
4715.01  1.96413e-07  -80
4720.01  1.96413e-07  -80
4725.01  1.96413e-07  -80
4730.01  1.96413e-07  -80
4735.01  1.96413e-07  -80
4740.01  1.96413e-07  -80
4745.01  1.96413e-07  -80
4750.01  1.96413e-07  -80
4755.01  1.96413e-07  -80
4760.01  1.96413e-07  -80
4765.01  1.96413e-07  -80
4770.01  1.96413e-07  -80
4775.01  1.96413e-07  -80
4780.01  1.96413e-07  -80
4785.01  1.96413e-07  -80
4790.01  1.96413e-07  -80
4795.01  1.96413e-07  -80
4800.01  1.96413e-07  -80
4805.01  1.96413e-07  -80
4810.01  1.96413e-07  -80
4815.01  1.96413e-07  -80
4820.01  1.96413e-07  -80
4825.01  1.96413e-07  -80
4830.01  1.96413e-07  -80
4835.01  1.96413e-07  -80
4840.01  1.96413e-07  -80
4845.01  1.96413e-07  -80
4850.01  1.96413e-07  -80
4855.01  1.96413e-07  -80
4860.01  1.96413e-07  -80
4865.01  1.96413e-07  -80
4870.01  1.96413e-07  -80
4875.01  1.96413e-07  -80
4880.01  1.96413e-07  -80
4885.01  1.96413e-07  -80
4890.01  1.96413e-07  -80
4895.01  1.96413e-07  -80
4900.01  1.96413e-07  -80
4905.01  1.96413e-07  -80
4910.01  1.96413e-07  -80
4915.01  1.96413e-07  -80
4920.01  1.96413e-07  -80
4925.01  1.96413e-07  -80
4930.01  1.96413e-07  -80
4935.01  1.96413e-07  -80
4940.01  1.96413e-07  -80
4945.01  1.96413e-07  -80
4950.01  1.96413e-07  -80
4955.01  1.96413e-07  -80
4960.01  1.96413e-07  -80
4965.01  1.96413e-07  -80
4970.01  1.96413e-07  -80
4975.01  1.96413e-07  -80
4980.01  1.96413e-07  -80
4985.01  1.96413e-07  -80
4990.01  1.96413e-07  -80
4995.01  1.96413e-07  -80
5000.01  1.96413e-07  -80
5005.01  1.96413e-07  -80
5010.01  1.96413e-07  -80
5015.01  1.96413e-07  -80
5020.01  1.96413e-07  -80
5025.01  1.96413e-07  -80
5030.01  1.96413e-07  -80
5035.01  1.96413e-07  -80
5040.01  1.96413e-07  -80
5045.01  1.96413e-07  -80
5050.01  1.96413e-07  -80
5055.01  1.96413e-07  -80
5060.01  1.96413e-07  -80
5065.01  1.96413e-07  -80
5070.01  1.96413e-07  -80
5075.01  1.96413e-07  -80
5080.01  1.96413e-07  -80
5085.01  1.96413e-07  -80
5090.01  1.96413e-07  -80
5095.01  1.96413e-07  -80
5100.01  1.96413e-07  -80
5105.01  1.96413e-07  -80
5110.01  1.96413e-07  -80
5115.01  1.96413e-07  -80
5120.01  1.96413e-07  -80
5125.01  1.96413e-07  -80
5130.01  1.96413e-07  -80
5135.01  1.96413e-07  -80
5140.01  1.96413e-07  -80
5145.01  1.96413e-07  -80
5150.01  1.96413e-07  -80
5155.01  1.96413e-07  -80
5160.01  1.96413e-07  -80
5165.01  1.96413e-07  -80
5170.01  1.96413e-07  -80
5175.01  1.96413e-07  -80
5180.01  1.96413e-07  -80
5185.01  1.96413e-07  -80
5190.01  1.96413e-07  -80
5195.01  1.96413e-07  -80
5200.01  1.96413e-07  -80
5205.01  1.96413e-07  -80
5210.01  1.96413e-07  -80
5215.01  1.96413e-07  -80
5220.01  1.96413e-07  -80
5225.01  1.96413e-07  -80
5230.01  1.96413e-07  -80
5235.01  1.96413e-07  -80
5240.01  1.96413e-07  -80
5245.01  1.96413e-07  -80
5250.01  1.96413e-07  -80
5255.01  1.96413e-07  -80
5260.01  1.96413e-07  -80
5265.01  1.96413e-07  -80
5270.01  1.96413e-07  -80
5275.01  1.96413e-07  -80
5280.01  1.96413e-07  -80
5285.01  1.96413e-07  -80
5290.01  1.96413e-07  -80
5295.01  1.96413e-07  -80
5300.01  1.96413e-07  -80
5305.01  1.96413e-07  -80
5310.01  1.96413e-07  -80
5315.01  1.96413e-07  -80
5320.01  1.96413e-07  -80
5325.01  1.96413e-07  -80
5330.01  1.96413e-07  -80
5335.01  1.96413e-07  -80
5340.01  1.96413e-07  -80
5345.01  1.96413e-07  -80
5350.01  1.96413e-07  -80
5355.01  1.96413e-07  -80
5360.01  1.96413e-07  -80
5365.01  1.96413e-07  -80
5370.01  1.96413e-07  -80
5375.01  1.96413e-07  -80
5380.01  1.96413e-07  -80
5385.01  1.96413e-07  -80
5390.01  1.96413e-07  -80
5395.01  1.96413e-07  -80
5400.01  1.96413e-07  -80
5405.01  1.96413e-07  -80
5410.01  1.96413e-07  -80
5415.01  1.96413e-07  -80
5420.01  1.96413e-07  -80
5425.01  1.96413e-07  -80
5430.01  1.96413e-07  -80
5435.01  1.96413e-07  -80
5440.01  1.96413e-07  -80
5445.01  1.96413e-07  -80
5450.01  1.96413e-07  -80
5455.01  1.96413e-07  -80
5460.01  1.96413e-07  -80
5465.01  1.96413e-07  -80
5470.01  1.96413e-07  -80
5475.01  1.96413e-07  -80
5480.01  1.96413e-07  -80
5485.01  1.96413e-07  -80
5490.01  1.96413e-07  -80
5495.01  1.96413e-07  -80
5500.01  1.96413e-07  -80
5505.01  1.96413e-07  -80
5510.01  1.96413e-07  -80
5515.01  1.96413e-07  -80
5520.01  1.96413e-07  -80
5525.01  1.96413e-07  -80
5530.01  1.96413e-07  -80
5535.01  1.96413e-07  -80
5540.01  1.96413e-07  -80
5545.01  1.96413e-07  -80
5550.01  1.96413e-07  -80
5555.01  1.96413e-07  -80
5560.01  1.96413e-07  -80
5565.01  1.96413e-07  -80
5570.01  1.96413e-07  -80
5575.01  1.96413e-07  -80
5580.01  1.96413e-07  -80
5585.01  1.96413e-07  -80
5590.01  1.96413e-07  -80
5595.01  1.96413e-07  -80
5600.01  1.96413e-07  -80
5605.01  1.96413e-07  -80
5610.01  1.96413e-07  -80
5615.01  1.96413e-07  -80
5620.01  1.96413e-07  -80
5625.01  1.96413e-07  -80
5630.01  1.96413e-07  -80
5635.01  1.96413e-07  -80
5640.01  1.96413e-07  -80
5645.01  1.96413e-07  -80
5650.01  1.96413e-07  -80
5655.01  1.96413e-07  -80
5660.01  1.96413e-07  -80
5665.01  1.96413e-07  -80
5670.01  1.96413e-07  -80
5675.01  1.96413e-07  -80
5680.01  1.96413e-07  -80
5685.01  1.96413e-07  -80
5690.01  1.96413e-07  -80
5695.01  1.96413e-07  -80
5700.01  1.96413e-07  -80
5705.01  1.96413e-07  -80
5710.01  1.96413e-07  -80
5715.01  1.96413e-07  -80
5720.01  1.96413e-07  -80
5725.01  1.96413e-07  -80
5730.01  1.96413e-07  -80
5735.01  1.96413e-07  -80
5740.01  1.96413e-07  -80
5745.01  1.96413e-07  -80
5750.01  1.96413e-07  -80
5755.01  1.96413e-07  -80
5760.01  1.96413e-07  -80
5765.01  1.96413e-07  -80
5770.01  1.96413e-07  -80
5775.01  1.96413e-07  -80
5780.01  1.96413e-07  -80
5785.01  1.96413e-07  -80
5790.01  1.96413e-07  -80
5795.01  1.96413e-07  -80
5800.01  1.96413e-07  -80
5805.01  1.96413e-07  -80
5810.01  1.96413e-07  -80
5815.01  1.96413e-07  -80
5820.01  1.96413e-07  -80
5825.01  1.96413e-07  -80
5830.01  1.96413e-07  -80
5835.01  1.96413e-07  -80
5840.01  1.96413e-07  -80
5845.01  1.96413e-07  -80
5850.01  1.96413e-07  -80
5855.01  1.96413e-07  -80
5860.01  1.96413e-07  -80
5865.01  1.96413e-07  -80
5870.01  1.96413e-07  -80
5875.01  1.96413e-07  -80
5880.01  1.96413e-07  -80
5885.01  1.96413e-07  -80
5890.01  1.96413e-07  -80
5895.01  1.96413e-07  -80
5900.01  1.96413e-07  -80
5905.01  1.96413e-07  -80
5910.01  1.96413e-07  -80
5915.01  1.96413e-07  -80
5920.01  1.96413e-07  -80
5925.01  1.96413e-07  -80
5930.01  1.96413e-07  -80
5935.01  1.96413e-07  -80
5940.01  1.96413e-07  -80
5945.01  1.96413e-07  -80
5950.01  1.96413e-07  -80
5955.01  1.96413e-07  -80
5960.01  1.96413e-07  -80
5965.01  1.96413e-07  -80
5970.01  1.96413e-07  -80
5975.01  1.96413e-07  -80
5980.01  1.96413e-07  -80
5985.01  1.96413e-07  -80
5990.01  1.96413e-07  -80
5995.01  1.96413e-07  -80
6000.01  1.96413e-07  -80
6005.01  1.96413e-07  -80
6010.01  1.96413e-07  -80
6015.01  1.96413e-07  -80
6020.01  1.96413e-07  -80
6025.01  1.96413e-07  -80
6030.01  1.96413e-07  -80
6035.01  1.96413e-07  -80
6040.01  1.96413e-07  -80
6045.01  1.96413e-07  -80
6050.01  1.96413e-07  -80
6055.01  1.96413e-07  -80
6060.01  1.96413e-07  -80
6065.01  1.96413e-07  -80
6070.01  1.96413e-07  -80
6075.01  1.96413e-07  -80
6080.01  1.96413e-07  -80
6085.01  1.96413e-07  -80
6090.01  1.96413e-07  -80
6095.01  1.96413e-07  -80
6100.01  1.96413e-07  -80
6105.01  1.96413e-07  -80
6110.01  1.96413e-07  -80
6115.01  1.96413e-07  -80
6120.01  1.96413e-07  -80
6125.01  1.96413e-07  -80
6130.01  1.96413e-07  -80
6135.01  1.96413e-07  -80
6140.01  1.96413e-07  -80
6145.01  1.96413e-07  -80
6150.01  1.96413e-07  -80
6155.01  1.96413e-07  -80
6160.01  1.96413e-07  -80
6165.01  1.96413e-07  -80
6170.01  1.96413e-07  -80
6175.01  1.96413e-07  -80
6180.01  1.96413e-07  -80
6185.01  1.96413e-07  -80
6190.01  1.96413e-07  -80
6195.01  1.96413e-07  -80
6200.01  1.96413e-07  -80
6205.01  1.96413e-07  -80
6210.01  1.96413e-07  -80
6215.01  1.96413e-07  -80
6220.01  1.96413e-07  -80
6225.01  1.96413e-07  -80
6230.01  1.96413e-07  -80
6235.01  1.96413e-07  -80
6240.01  1.96413e-07  -80
6245.01  1.96413e-07  -80
6250.01  1.96413e-07  -80
6255.01  1.96413e-07  -80
6260.01  1.96413e-07  -80
6265.01  1.96413e-07  -80
6270.01  1.96413e-07  -80
6275.01  1.96413e-07  -80
6280.01  1.96413e-07  -80
6285.01  1.96413e-07  -80
6290.01  1.96413e-07  -80
6295.01  1.96413e-07  -80
6300.01  1.96413e-07  -80
6305.01  1.96413e-07  -80
6310.01  1.96413e-07  -80
6315.01  1.96413e-07  -80
6320.01  1.96413e-07  -80
6325.01  1.96413e-07  -80
6330.01  1.96413e-07  -80
6335.01  1.96413e-07  -80
6340.01  1.96413e-07  -80
6345.01  1.96413e-07  -80
6350.01  1.96413e-07  -80
6355.01  1.96413e-07  -80
6360.01  1.96413e-07  -80
6365.01  1.96413e-07  -80
6370.01  1.96413e-07  -80
6375.01  1.96413e-07  -80
6380.01  1.96413e-07  -80
6385.01  1.96413e-07  -80
6390.01  1.96413e-07  -80
6395.01  1.96413e-07  -80
6400.01  1.96413e-07  -80
6405.01  1.96413e-07  -80
6410.01  1.96413e-07  -80
6415.01  1.96413e-07  -80
6420.01  1.96413e-07  -80
6425.01  1.96413e-07  -80
6430.01  1.96413e-07  -80
6435.01  1.96413e-07  -80
6440.01  1.96413e-07  -80
6445.01  1.96413e-07  -80
6450.01  1.96413e-07  -80
6455.01  1.96413e-07  -80
6460.01  1.96413e-07  -80
6465.01  1.96413e-07  -80
6470.01  1.96413e-07  -80
6475.01  1.96413e-07  -80
6480.01  1.96413e-07  -80
6485.01  1.96413e-07  -80
6490.01  1.96413e-07  -80
6495.01  1.96413e-07  -80
6500.01  1.96413e-07  -80
6505.01  1.96413e-07  -80
6510.01  1.96413e-07  -80
6515.01  1.96413e-07  -80
6520.01  1.96413e-07  -80
6525.01  1.96413e-07  -80
6530.01  1.96413e-07  -80
6535.01  1.96413e-07  -80
6540.01  1.96413e-07  -80
6545.01  1.96413e-07  -80
6550.01  1.96413e-07  -80
6555.01  1.96413e-07  -80
6560.01  1.96413e-07  -80
6565.01  1.96413e-07  -80
6570.01  1.96413e-07  -80
6575.01  1.96413e-07  -80
6580.01  1.96413e-07  -80
6585.01  1.96413e-07  -80
6590.01  1.96413e-07  -80
6595.01  1.96413e-07  -80
6600.01  1.96413e-07  -80
6605.01  1.96413e-07  -80
6610.01  1.96413e-07  -80
6615.01  1.96413e-07  -80
6620.01  1.96413e-07  -80
6625.01  1.96413e-07  -80
6630.01  1.96413e-07  -80
6635.01  1.96413e-07  -80
6640.01  1.96413e-07  -80
6645.01  1.96413e-07  -80
6650.01  1.96413e-07  -80
6655.01  1.96413e-07  -80
6660.01  1.96413e-07  -80
6665.01  1.96413e-07  -80
6670.01  1.96413e-07  -80
6675.01  1.96413e-07  -80
6680.01  1.96413e-07  -80
6685.01  1.96413e-07  -80
6690.01  1.96413e-07  -80
6695.01  1.96413e-07  -80
6700.01  1.96413e-07  -80
6705.01  1.96413e-07  -80
6710.01  1.96413e-07  -80
6715.01  1.96413e-07  -80
6720.01  1.96413e-07  -80
6725.01  1.96413e-07  -80
6730.01  1.96413e-07  -80
6735.01  1.96413e-07  -80
6740.01  1.96413e-07  -80
6745.01  1.96413e-07  -80
6750.01  1.96413e-07  -80
6755.01  1.96413e-07  -80
6760.01  1.96413e-07  -80
6765.01  1.96413e-07  -80
6770.01  1.96413e-07  -80
6775.01  1.96413e-07  -80
6780.01  1.96413e-07  -80
6785.01  1.96413e-07  -80
6790.01  1.96413e-07  -80
6795.01  1.96413e-07  -80
6800.01  1.96413e-07  -80
6805.01  1.96413e-07  -80
6810.01  1.96413e-07  -80
6815.01  1.96413e-07  -80
6820.01  1.96413e-07  -80
6825.01  1.96413e-07  -80
6830.01  1.96413e-07  -80
6835.01  1.96413e-07  -80
6840.01  1.96413e-07  -80
6845.01  1.96413e-07  -80
6850.01  1.96413e-07  -80
6855.01  1.96413e-07  -80
6860.01  1.96413e-07  -80
6865.01  1.96413e-07  -80
6870.01  1.96413e-07  -80
6875.01  1.96413e-07  -80
6880.01  1.96413e-07  -80
6885.01  1.96413e-07  -80
6890.01  1.96413e-07  -80
6895.01  1.96413e-07  -80
6900.01  1.96413e-07  -80
6905.01  1.96413e-07  -80
6910.01  1.96413e-07  -80
6915.01  1.96413e-07  -80
6920.01  1.96413e-07  -80
6925.01  1.96413e-07  -80
6930.01  1.96413e-07  -80
6935.01  1.96413e-07  -80
6940.01  1.96413e-07  -80
6945.01  1.96413e-07  -80
6950.01  1.96413e-07  -80
6955.01  1.96413e-07  -80
6960.01  1.96413e-07  -80
6965.01  1.96413e-07  -80
6970.01  1.96413e-07  -80
6975.01  1.96413e-07  -80
6980.01  1.96413e-07  -80
6985.01  1.96413e-07  -80
6990.01  1.96413e-07  -80
6995.01  1.96413e-07  -80
7000.01  1.96413e-07  -80
7005.01  1.96413e-07  -80
7010.01  1.96413e-07  -80
7015.01  1.96413e-07  -80
7020.01  1.96413e-07  -80
7025.01  1.96413e-07  -80
7030.01  1.96413e-07  -80
7035.01  1.96413e-07  -80
7040.01  1.96413e-07  -80
7045.01  1.96413e-07  -80
7050.01  1.96413e-07  -80
7055.01  1.96413e-07  -80
7060.01  1.96413e-07  -80
7065.01  1.96413e-07  -80
7070.01  1.96413e-07  -80
7075.01  1.96413e-07  -80
7080.01  1.96413e-07  -80
7085.01  1.96413e-07  -80
7090.01  1.96413e-07  -80
7095.01  1.96413e-07  -80
7100.01  1.96413e-07  -80
7105.01  1.96413e-07  -80
7110.01  1.96413e-07  -80
7115.01  1.96413e-07  -80
7120.01  1.96413e-07  -80
7125.01  1.96413e-07  -80
7130.01  1.96413e-07  -80
7135.01  1.96413e-07  -80
7140.01  1.96413e-07  -80
7145.01  1.96413e-07  -80
7150.01  1.96413e-07  -80
7155.01  1.96413e-07  -80
7160.01  1.96413e-07  -80
7165.01  1.96413e-07  -80
7170.01  1.96413e-07  -80
7175.01  1.96413e-07  -80
7180.01  1.96413e-07  -80
7185.01  1.96413e-07  -80
7190.01  1.96413e-07  -80
7195.01  1.96413e-07  -80
7200.01  1.96413e-07  -80
7205.01  1.96413e-07  -80
7210.01  1.96413e-07  -80
7215.01  1.96413e-07  -80
7220.01  1.96413e-07  -80
7225.01  1.96413e-07  -80
7230.01  1.96413e-07  -80
7235.01  1.96413e-07  -80
7240.01  1.96413e-07  -80
7245.01  1.96413e-07  -80
7250.01  1.96413e-07  -80
7255.01  1.96413e-07  -80
7260.01  1.96413e-07  -80
7265.01  1.96413e-07  -80
7270.01  1.96413e-07  -80
7275.01  1.96413e-07  -80
7280.01  1.96413e-07  -80
7285.01  1.96413e-07  -80
7290.01  1.96413e-07  -80
7295.01  1.96413e-07  -80
7300.01  1.96413e-07  -80
7305.01  1.96413e-07  -80
7310.01  1.96413e-07  -80
7315.01  1.96413e-07  -80
7320.01  1.96413e-07  -80
7325.01  1.96413e-07  -80
7330.01  1.96413e-07  -80
7335.01  1.96413e-07  -80
7340.01  1.96413e-07  -80
7345.01  1.96413e-07  -80
7350.01  1.96413e-07  -80
7355.01  1.96413e-07  -80
7360.01  1.96413e-07  -80
7365.01  1.96413e-07  -80
7370.01  1.96413e-07  -80
7375.01  1.96413e-07  -80
7380.01  1.96413e-07  -80
7385.01  1.96413e-07  -80
7390.01  1.96413e-07  -80
7395.01  1.96413e-07  -80
7400.01  1.96413e-07  -80
7405.01  1.96413e-07  -80
7410.01  1.96413e-07  -80
7415.01  1.96413e-07  -80
7420.01  1.96413e-07  -80
7425.01  1.96413e-07  -80
7430.01  1.96413e-07  -80
7435.01  1.96413e-07  -80
7440.01  1.96413e-07  -80
7445.01  1.96413e-07  -80
7450.01  1.96413e-07  -80
7455.01  1.96413e-07  -80
7460.01  1.96413e-07  -80
7465.01  1.96413e-07  -80
7470.01  1.96413e-07  -80
7475.01  1.96413e-07  -80
7480.01  1.96413e-07  -80
7485.01  1.96413e-07  -80
7490.01  1.96413e-07  -80
7495.01  1.96413e-07  -80
7500.01  1.96413e-07  -80
7505.01  1.96413e-07  -80
7510.01  1.96413e-07  -80
7515.01  1.96413e-07  -80
7520.01  1.96413e-07  -80
7525.01  1.96413e-07  -80
7530.01  1.96413e-07  -80
7535.01  1.96413e-07  -80
7540.01  1.96413e-07  -80
7545.01  1.96413e-07  -80
7550.01  1.96413e-07  -80
7555.01  1.96413e-07  -80
7560.01  1.96413e-07  -80
7565.01  1.96413e-07  -80
7570.01  1.96413e-07  -80
7575.01  1.96413e-07  -80
7580.01  1.96413e-07  -80
7585.01  1.96413e-07  -80
7590.01  1.96413e-07  -80
7595.01  1.96413e-07  -80
7600.01  1.96413e-07  -80
7605.01  1.96413e-07  -80
7610.01  1.96413e-07  -80
7615.01  1.96413e-07  -80
7620.01  1.96413e-07  -80
7625.01  1.96413e-07  -80
7630.01  1.96413e-07  -80
7635.01  1.96413e-07  -80
7640.01  1.96413e-07  -80
7645.01  1.96413e-07  -80
7650.01  1.96413e-07  -80
7655.01  1.96413e-07  -80
7660.01  1.96413e-07  -80
7665.01  1.96413e-07  -80
7670.01  1.96413e-07  -80
7675.01  1.96413e-07  -80
7680.01  1.96413e-07  -80
7685.01  1.96413e-07  -80
7690.01  1.96413e-07  -80
7695.01  1.96413e-07  -80
7700.01  1.96413e-07  -80
7705.01  1.96413e-07  -80
7710.01  1.96413e-07  -80
7715.01  1.96413e-07  -80
7720.01  1.96413e-07  -80
7725.01  1.96413e-07  -80
7730.01  1.96413e-07  -80
7735.01  1.96413e-07  -80
7740.01  1.96413e-07  -80
7745.01  1.96413e-07  -80
7750.01  1.96413e-07  -80
7755.01  1.96413e-07  -80
7760.01  1.96413e-07  -80
7765.01  1.96413e-07  -80
7770.01  1.96413e-07  -80
7775.01  1.96413e-07  -80
7780.01  1.96413e-07  -80
7785.01  1.96413e-07  -80
7790.01  1.96413e-07  -80
7795.01  1.96413e-07  -80
7800.01  1.96413e-07  -80
7805.01  1.96413e-07  -80
7810.01  1.96413e-07  -80
7815.01  1.96413e-07  -80
7820.01  1.96413e-07  -80
7825.01  1.96413e-07  -80
7830.01  1.96413e-07  -80
7835.01  1.96413e-07  -80
7840.01  1.96413e-07  -80
7845.01  1.96413e-07  -80
7850.01  1.96413e-07  -80
7855.01  1.96413e-07  -80
7860.01  1.96413e-07  -80
7865.01  1.96413e-07  -80
7870.01  1.96413e-07  -80
7875.01  1.96413e-07  -80
7880.01  1.96413e-07  -80
7885.01  1.96413e-07  -80
7890.01  1.96413e-07  -80
7895.01  1.96413e-07  -80
7900.01  1.96413e-07  -80
7905.01  1.96413e-07  -80
7910.01  1.96413e-07  -80
7915.01  1.96413e-07  -80
7920.01  1.96413e-07  -80
7925.01  1.96413e-07  -80
7930.01  1.96413e-07  -80
7935.01  1.96413e-07  -80
7940.01  1.96413e-07  -80
7945.01  1.96413e-07  -80
7950.01  1.96413e-07  -80
7955.01  1.96413e-07  -80
7960.01  1.96413e-07  -80
7965.01  1.96413e-07  -80
7970.01  1.96413e-07  -80
7975.01  1.96413e-07  -80
7980.01  1.96413e-07  -80
7985.01  1.96413e-07  -80
7990.01  1.96413e-07  -80
7995.01  1.96413e-07  -80
8000.01  1.96413e-07  -80
8005.01  1.96413e-07  -80
8010.01  1.96413e-07  -80
8015.01  1.96413e-07  -80
8020.01  1.96413e-07  -80
8025.01  1.96413e-07  -80
8030.01  1.96413e-07  -80
8035.01  1.96413e-07  -80
8040.01  1.96413e-07  -80
8045.01  1.96413e-07  -80
8050.01  1.96413e-07  -80
8055.01  1.96413e-07  -80
8060.01  1.96413e-07  -80
8065.01  1.96413e-07  -80
8070.01  1.96413e-07  -80
8075.01  1.96413e-07  -80
8080.01  1.96413e-07  -80
8085.01  1.96413e-07  -80
8090.01  1.96413e-07  -80
8095.01  1.96413e-07  -80
8100.01  1.96413e-07  -80
8105.01  1.96413e-07  -80
8110.01  1.96413e-07  -80
8115.01  1.96413e-07  -80
8120.01  1.96413e-07  -80
8125.01  1.96413e-07  -80
8130.01  1.96413e-07  -80
8135.01  1.96413e-07  -80
8140.01  1.96413e-07  -80
8145.01  1.96413e-07  -80
8150.01  1.96413e-07  -80
8155.01  1.96413e-07  -80
8160.01  1.96413e-07  -80
8165.01  1.96413e-07  -80
8170.01  1.96413e-07  -80
8175.01  1.96413e-07  -80
8180.01  1.96413e-07  -80
8185.01  1.96413e-07  -80
8190.01  1.96413e-07  -80
8195.01  1.96413e-07  -80
8200.01  1.96413e-07  -80
8205.01  1.96413e-07  -80
8210.01  1.96413e-07  -80
8215.01  1.96413e-07  -80
8220.01  1.96413e-07  -80
8225.01  1.96413e-07  -80
8230.01  1.96413e-07  -80
8235.01  1.96413e-07  -80
8240.01  1.96413e-07  -80
8245.01  1.96413e-07  -80
8250.01  1.96413e-07  -80
8255.01  1.96413e-07  -80
8260.01  1.96413e-07  -80
8265.01  1.96413e-07  -80
8270.01  1.96413e-07  -80
8275.01  1.96413e-07  -80
8280.01  1.96413e-07  -80
8285.01  1.96413e-07  -80
8290.01  1.96413e-07  -80
8295.01  1.96413e-07  -80
8300.01  1.96413e-07  -80
8305.01  1.96413e-07  -80
8310.01  1.96413e-07  -80
8315.01  1.96413e-07  -80
8320.01  1.96413e-07  -80
8325.01  1.96413e-07  -80
8330.01  1.96413e-07  -80
8335.01  1.96413e-07  -80
8340.01  1.96413e-07  -80
8345.01  1.96413e-07  -80
8350.01  1.96413e-07  -80
8355.01  1.96413e-07  -80
8360.01  1.96413e-07  -80
8365.01  1.96413e-07  -80
8370.01  1.96413e-07  -80
8375.01  1.96413e-07  -80
8380.01  1.96413e-07  -80
8385.01  1.96413e-07  -80
8390.01  1.96413e-07  -80
8395.01  1.96413e-07  -80
8400.01  1.96413e-07  -80
8405.01  1.96413e-07  -80
8410.01  1.96413e-07  -80
8415.01  1.96413e-07  -80
8420.01  1.96413e-07  -80
8425.01  1.96413e-07  -80
8430.01  1.96413e-07  -80
8435.01  1.96413e-07  -80
8440.01  1.96413e-07  -80
8445.01  1.96413e-07  -80
8450.01  1.96413e-07  -80
8455.01  1.96413e-07  -80
8460.01  1.96413e-07  -80
8465.01  1.96413e-07  -80
8470.01  1.96413e-07  -80
8475.01  1.96413e-07  -80
8480.01  1.96413e-07  -80
8485.01  1.96413e-07  -80
8490.01  1.96413e-07  -80
8495.01  1.96413e-07  -80
8500.01  1.96413e-07  -80
8505.01  1.96413e-07  -80
8510.01  1.96413e-07  -80
8515.01  1.96413e-07  -80
8520.01  1.96413e-07  -80
8525.01  1.96413e-07  -80
8530.01  1.96413e-07  -80
8535.01  1.96413e-07  -80
8540.01  1.96413e-07  -80
8545.01  1.96413e-07  -80
8550.01  1.96413e-07  -80
8555.01  1.96413e-07  -80
8560.01  1.96413e-07  -80
8565.01  1.96413e-07  -80
8570.01  1.96413e-07  -80
8575.01  1.96413e-07  -80
8580.01  1.96413e-07  -80
8585.01  1.96413e-07  -80
8590.01  1.96413e-07  -80
8595.01  1.96413e-07  -80
8600.01  1.96413e-07  -80
8605.01  1.96413e-07  -80
8610.01  1.96413e-07  -80
8615.01  1.96413e-07  -80
8620.01  1.96413e-07  -80
8625.01  1.96413e-07  -80
8630.01  1.96413e-07  -80
8635.01  1.96413e-07  -80
8640.01  1.96413e-07  -80
8645.01  1.96413e-07  -80
8650.01  1.96413e-07  -80
8655.01  1.96413e-07  -80
8660.01  1.96413e-07  -80
8665.01  1.96413e-07  -80
8670.01  1.96413e-07  -80
8675.01  1.96413e-07  -80
8680.01  1.96413e-07  -80
8685.01  1.96413e-07  -80
8690.01  1.96413e-07  -80
8695.01  1.96413e-07  -80
8700.01  1.96413e-07  -80
8705.01  1.96413e-07  -80
8710.01  1.96413e-07  -80
8715.01  1.96413e-07  -80
8720.01  1.96413e-07  -80
8725.01  1.96413e-07  -80
8730.01  1.96413e-07  -80
8735.01  1.96413e-07  -80
8740.01  1.96413e-07  -80
8745.01  1.96413e-07  -80
8750.01  1.96413e-07  -80
8755.01  1.96413e-07  -80
8760.01  1.96413e-07  -80
8765.01  1.96413e-07  -80
8770.01  1.96413e-07  -80
8775.01  1.96413e-07  -80
8780.01  1.96413e-07  -80
8785.01  1.96413e-07  -80
8790.01  1.96413e-07  -80
8795.01  1.96413e-07  -80
8800.01  1.96413e-07  -80
8805.01  1.96413e-07  -80
8810.01  1.96413e-07  -80
8815.01  1.96413e-07  -80
8820.01  1.96413e-07  -80
8825.01  1.96413e-07  -80
8830.01  1.96413e-07  -80
8835.01  1.96413e-07  -80
8840.01  1.96413e-07  -80
8845.01  1.96413e-07  -80
8850.01  1.96413e-07  -80
8855.01  1.96413e-07  -80
8860.01  1.96413e-07  -80
8865.01  1.96413e-07  -80
8870.01  1.96413e-07  -80
8875.01  1.96413e-07  -80
8880.01  1.96413e-07  -80
8885.01  1.96413e-07  -80
8890.01  1.96413e-07  -80
8895.01  1.96413e-07  -80
8900.01  1.96413e-07  -80
8905.01  1.96413e-07  -80
8910.01  1.96413e-07  -80
8915.01  1.96413e-07  -80
8920.01  1.96413e-07  -80
8925.01  1.96413e-07  -80
8930.01  1.96413e-07  -80
8935.01  1.96413e-07  -80
8940.01  1.96413e-07  -80
8945.01  1.96413e-07  -80
8950.01  1.96413e-07  -80
8955.01  1.96413e-07  -80
8960.01  1.96413e-07  -80
8965.01  1.96413e-07  -80
8970.01  1.96413e-07  -80
8975.01  1.96413e-07  -80
8980.01  1.96413e-07  -80
8985.01  1.96413e-07  -80
8990.01  1.96413e-07  -80
8995.01  1.96413e-07  -80
9000.01  1.96413e-07  -80
9005.01  1.96413e-07  -80
9010.01  1.96413e-07  -80
9015.01  1.96413e-07  -80
9020.01  1.96413e-07  -80
9025.01  1.96413e-07  -80
9030.01  1.96413e-07  -80
9035.01  1.96413e-07  -80
9040.01  1.96413e-07  -80
9045.01  1.96413e-07  -80
9050.01  1.96413e-07  -80
9055.01  1.96413e-07  -80
9060.01  1.96413e-07  -80
9065.01  1.96413e-07  -80
9070.01  1.96413e-07  -80
9075.01  1.96413e-07  -80
9080.01  1.96413e-07  -80
9085.01  1.96413e-07  -80
9090.01  1.96413e-07  -80
9095.01  1.96413e-07  -80
9100.01  1.96413e-07  -80
9105.01  1.96413e-07  -80
9110.01  1.96413e-07  -80
9115.01  1.96413e-07  -80
9120.01  1.96413e-07  -80
9125.01  1.96413e-07  -80
9130.01  1.96413e-07  -80
9135.01  1.96413e-07  -80
9140.01  1.96413e-07  -80
9145.01  1.96413e-07  -80
9150.01  1.96413e-07  -80
9155.01  1.96413e-07  -80
9160.01  1.96413e-07  -80
9165  1.96413e-07  -80
9170  1.96413e-07  -80
9175  1.96413e-07  -80
9180  1.96413e-07  -80
9185  1.96413e-07  -80
9190  1.96413e-07  -80
9195  1.96413e-07  -80
9200  1.96413e-07  -80
9205  1.96413e-07  -80
9210  1.96413e-07  -80
9215  1.96413e-07  -80
9220  1.96413e-07  -80
9225  1.96413e-07  -80
9230  1.96413e-07  -80
9235  1.96413e-07  -80
9240  1.96413e-07  -80
9245  1.96413e-07  -80
9250  1.96413e-07  -80
9255  1.96413e-07  -80
9260  1.96413e-07  -80
9265  1.96413e-07  -80
9270  1.96413e-07  -80
9275  1.96413e-07  -80
9280  1.96413e-07  -80
9285  1.96413e-07  -80
9290  1.96413e-07  -80
9295  1.96413e-07  -80
9300  1.96413e-07  -80
9305  1.96413e-07  -80
9310  1.96413e-07  -80
9315  1.96413e-07  -80
9320  1.96413e-07  -80
9325  1.96413e-07  -80
9330  1.96413e-07  -80
9335  1.96413e-07  -80
9340  1.96413e-07  -80
9345  1.96413e-07  -80
9350  1.96413e-07  -80
9355  1.96413e-07  -80
9360  1.96413e-07  -80
9365  1.96413e-07  -80
9370  1.96413e-07  -80
9375  1.96413e-07  -80
9380  1.96413e-07  -80
9385  1.96413e-07  -80
9390  1.96413e-07  -80
9395  1.96413e-07  -80
9400  1.96413e-07  -80
9405  1.96413e-07  -80
9410  1.96413e-07  -80
9415  1.96413e-07  -80
9420  1.96413e-07  -80
9425  1.96413e-07  -80
9430  1.96413e-07  -80
9435  1.96413e-07  -80
9440  1.96413e-07  -80
9445  1.96413e-07  -80
9450  1.96413e-07  -80
9455  1.96413e-07  -80
9460  1.96413e-07  -80
9465  1.96413e-07  -80
9470  1.96413e-07  -80
9475  1.96413e-07  -80
9480  1.96413e-07  -80
9485  1.96413e-07  -80
9490  1.96413e-07  -80
9495  1.96413e-07  -80
9500  1.96413e-07  -80
9505  1.96413e-07  -80
9510  1.96413e-07  -80
9515  1.96413e-07  -80
9520  1.96413e-07  -80
9525  1.96413e-07  -80
9530  1.96413e-07  -80
9535  1.96413e-07  -80
9540  1.96413e-07  -80
9545  1.96413e-07  -80
9550  1.96413e-07  -80
9555  1.96413e-07  -80
9560  1.96413e-07  -80
9565  1.96413e-07  -80
9570  1.96413e-07  -80
9575  1.96413e-07  -80
9580  1.96413e-07  -80
9585  1.96413e-07  -80
9590  1.96413e-07  -80
9595  1.96413e-07  -80
9600  1.96413e-07  -80
9605  1.96413e-07  -80
9610  1.96413e-07  -80
9615  1.96413e-07  -80
9620  1.96413e-07  -80
9625  1.96413e-07  -80
9630  1.96413e-07  -80
9635  1.96413e-07  -80
9640  1.96413e-07  -80
9645  1.96413e-07  -80
9650  1.96413e-07  -80
9655  1.96413e-07  -80
9660  1.96413e-07  -80
9665  1.96413e-07  -80
9670  1.96413e-07  -80
9675  1.96413e-07  -80
9680  1.96413e-07  -80
9685  1.96413e-07  -80
9690  1.96413e-07  -80
9695  1.96413e-07  -80
9700  1.96413e-07  -80
9705  1.96413e-07  -80
9710  1.96413e-07  -80
9715  1.96413e-07  -80
9720  1.96413e-07  -80
9725  1.96413e-07  -80
9730  1.96413e-07  -80
9735  1.96413e-07  -80
9740  1.96413e-07  -80
9745  1.96413e-07  -80
9750  1.96413e-07  -80
9755  1.96413e-07  -80
9760  1.96413e-07  -80
9765  1.96413e-07  -80
9770  1.96413e-07  -80
9775  1.96413e-07  -80
9780  1.96413e-07  -80
9785  1.96413e-07  -80
9790  1.96413e-07  -80
9795  1.96413e-07  -80
9800  1.96413e-07  -80
9805  1.96413e-07  -80
9810  1.96413e-07  -80
9815  1.96413e-07  -80
9820  1.96413e-07  -80
9825  1.96413e-07  -80
9830  1.96413e-07  -80
9835  1.96413e-07  -80
9840  1.96413e-07  -80
9845  1.96413e-07  -80
9850  1.96413e-07  -80
9855  1.96413e-07  -80
9860  1.96413e-07  -80
9865  1.96413e-07  -80
9870  1.96413e-07  -80
9875  1.96413e-07  -80
9880  1.96413e-07  -80
9885  1.96413e-07  -80
9890  1.96413e-07  -80
9895  1.96413e-07  -80
9900  1.96413e-07  -80
9905  1.96413e-07  -80
9910  1.96413e-07  -80
9915  1.96413e-07  -80
9920  1.96413e-07  -80
9925  1.96413e-07  -80
9930  1.96413e-07  -80
9935  1.96413e-07  -80
9940  1.96413e-07  -80
9945  1.96413e-07  -80
9950  1.96413e-07  -80
9955  1.96413e-07  -80
9960  1.96413e-07  -80
9965  1.96413e-07  -80
9970  1.96413e-07  -80
9975  1.96413e-07  -80
9980  1.96413e-07  -80
9985  1.96413e-07  -80
9990  1.96413e-07  -80
9995  1.96413e-07  -80
10000  6.54411e-06  40
10005  0.000916641  40
10010  0.00406805  40
10015  0.00908548  40
10020  0.014949  40
10025  0.0208519  40
10030  0.0263038  40
10035  0.0310586  40
10040  0.0350285  40
10045  0.0382184  40
10050  0.0406829  40
10055  0.0424995  40
10060  0.0437526  40
10065  0.0445256  40
10070  0.0448957  40
10075  0.044932  40
10080  0.0446953  40
10085  0.044238  40
10090  0.0436048  40
10095  0.0428337  40
10100  0.0419564  40
10105  0.0409997  40
10110  0.0399855  40
10115  0.0389321  40
10120  0.0378547  40
10125  0.0367655  40
10130  0.0356746  40
10135  0.0345899  40
10140  0.033518  40
10145  0.032464  40
10150  0.0314318  40
10155  0.0304245  40
10160  0.0294444  40
10165  0.0284931  40
10170  0.0275717  40
10175  0.0266809  40
10180  0.0258211  40
10185  0.0249923  40
10190  0.0241943  40
10195  0.0234267  40
10200  0.0226891  40
10205  0.0219808  40
10210  0.0213011  40
10215  0.0206493  40
10220  0.0200244  40
10225  0.0194258  40
10230  0.0188524  40
10235  0.0183034  40
10240  0.017778  40
10245  0.0172753  40
10250  0.0167943  40
10255  0.0163343  40
10260  0.0158944  40
10265  0.0154737  40
10270  0.0150716  40
10275  0.0146873  40
10280  0.0143199  40
10285  0.0139688  40
10290  0.0136333  40
10295  0.0133128  40
10300  0.0130064  40
10305  0.0127138  40
10310  0.0124342  40
10315  0.0121671  40
10320  0.011912  40
10325  0.0116682  40
10330  0.0114354  40
10335  0.011213  40
10340  0.0110006  40
10345  0.0107977  40
10350  0.0106039  40
10355  0.0104188  40
10360  0.010242  40
10365  0.0100731  40
10370  0.00991183  40
10375  0.0097578  40
10380  0.00961069  40
10385  0.00947019  40
10390  0.009336  40
10395  0.00920785  40
10400  0.00908546  40
10405  0.00896856  40
10410  0.00885693  40
10415  0.00875031  40
10420  0.00864849  40
10425  0.00855125  40
10430  0.00845838  40
10435  0.00836968  40
10440  0.00828498  40
10445  0.00820408  40
10450  0.00812683  40
10455  0.00805304  40
10460  0.00798258  40
10465  0.00791529  40
10470  0.00785102  40
10475  0.00778965  40
10480  0.00773103  40
10485  0.00767505  40
10490  0.0076216  40
10495  0.00757054  40
10500  0.00752178  40
10505  0.00747522  40
10510  0.00743075  40
10515  0.00738828  40
10520  0.00734772  40
10525  0.00730899  40
10530  0.00727199  40
10535  0.00723667  40
10540  0.00720293  40
10545  0.00717071  40
10550  0.00713994  40
10555  0.00711055  40
10560  0.00708249  40
10565  0.00705569  40
10570  0.00703009  40
10575  0.00700565  40
10580  0.0069823  40
10585  0.00696001  40
10590  0.00693871  40
10595  0.00691838  40
10600  0.00689896  40
10605  0.00688042  40
10610  0.00686271  40
10615  0.00684579  40
10620  0.00682964  40
10625  0.00681421  40
10630  0.00679948  40
10635  0.00678541  40
10640  0.00677197  40
10645  0.00675914  40
10650  0.00674689  40
10655  0.00673518  40
10660  0.006724  40
10665  0.00671333  40
10670  0.00670314  40
10675  0.0066934  40
10680  0.0066841  40
10685  0.00667522  40
10690  0.00666674  40
10695  0.00665865  40
10700  0.00665091  40
10705  0.00664353  40
10710  0.00663647  40
10715  0.00662974  40
10720  0.0066233  40
10725  0.00661716  40
10730  0.00661129  40
10735  0.00660569  40
10740  0.00660034  40
10745  0.00659523  40
10750  0.00659035  40
10755  0.00658568  40
10760  0.00658123  40
10765  0.00657698  40
10770  0.00657292  40
10775  0.00656904  40
10780  0.00656534  40
10785  0.00656181  40
10790  0.00655843  40
10795  0.0065552  40
10800  0.00655212  40
10805  0.00654918  40
10810  0.00654637  40
10815  0.00654369  40
10820  0.00654113  40
10825  0.00653868  40
10830  0.00653634  40
10835  0.00653411  40
10840  0.00653198  40
10845  0.00652995  40
10850  0.006528  40
10855  0.00652615  40
10860  0.00652437  40
10865  0.00652268  40
10870  0.00652106  40
10875  0.00651952  40
10880  0.00651804  40
10885  0.00651664  40
10890  0.00651529  40
10895  0.00651401  40
10900  0.00651278  40
10905  0.00651161  40
10910  0.00651049  40
10915  0.00650942  40
10920  0.0065084  40
10925  0.00650743  40
10930  0.00650649  40
10935  0.00650561  40
10940  0.00650476  40
10945  0.00650395  40
10950  0.00650317  40
10955  0.00650243  40
10960  0.00650173  40
10965  0.00650105  40
10970  0.00650041  40
10975  0.00649979  40
10980  0.00649921  40
10985  0.00649865  40
10990  0.00649811  40
10995  0.0064976  40
11000  -0.00245532  -120
11000  -0.00121908  -100
11005  -0.0925107  -100
11010  -0.137272  -100
11015  -0.156322  -100
11020  -0.161345  -100
11025  -0.158884  -100
11030  -0.152593  -100
11035  -0.144499  -100
11040  -0.135719  -100
11045  -0.126857  -100
11050  -0.118232  -100
11055  -0.110002  -100
11060  -0.102238  -100
11065  -0.0949621  -100
11070  -0.0881701  -100
11075  -0.081845  -100
11080  -0.0759629  -100
11085  -0.0704976  -100
11090  -0.0654222  -100
11095  -0.0607102  -100
11100  -0.0563366  -100
11105  -0.0522775  -100
11110  -0.0485105  -100
11115  -0.0450147  -100
11120  -0.0417708  -100
11125  -0.0387605  -100
11130  -0.0359672  -100
11135  -0.0333752  -100
11140  -0.0309699  -100
11145  -0.028738  -100
11150  -0.026667  -100
11155  -0.0247452  -100
11160  -0.0229618  -100
11165  -0.021307  -100
11170  -0.0197715  -100
11175  -0.0183466  -100
11180  -0.0170244  -100
11185  -0.0157975  -100
11190  -0.0146591  -100
11195  -0.0136026  -100
11200  -0.0126223  -100
11205  -0.0117127  -100
11210  -0.0108686  -100
11215  -0.0100853  -100
11220  -0.0093585  -100
11225  -0.00868406  -100
11230  -0.00805822  -100
11235  -0.00747749  -100
11240  -0.00693861  -100
11245  -0.00643857  -100
11250  -0.00597456  -100
11255  -0.00554399  -100
11260  -0.00514446  -100
11265  -0.00477371  -100
11270  -0.00442969  -100
11275  -0.00411045  -100
11280  -0.00381423  -100
11285  -0.00353935  -100
11290  -0.00328428  -100
11295  -0.00304759  -100
11300  -0.00282796  -100
11305  -0.00262416  -100
11310  -0.00243505  -100
11315  -0.00225956  -100
11320  -0.00209672  -100
11325  -0.00194562  -100
11330  -0.0018054  -100
11335  -0.0016753  -100
11340  -0.00155456  -100
11345  -0.00144253  -100
11350  -0.00133857  -100
11355  -0.00124211  -100
11360  -0.00115259  -100
11365  -0.00106953  -100
11370  -0.000992454  -100
11375  -0.000920932  -100
11380  -0.000854564  -100
11385  -0.00079298  -100
11390  -0.000735833  -100
11395  -0.000682805  -100
11400  -0.000633598  -100
11405  -0.000587938  -100
11410  -0.000545568  -100
11415  -0.000506252  -100
11420  -0.000469769  -100
11425  -0.000435915  -100
11430  -0.000404501  -100
11435  -0.000375351  -100
11440  -0.000348302  -100
11445  -0.000323202  -100
11450  -0.000299911  -100
11455  -0.000278298  -100
11460  -0.000258243  -100
11465  -0.000239634  -100
11470  -0.000222365  -100
11475  -0.000206341  -100
11480  -0.000191472  -100
11485  -0.000177674  -100
11490  -0.000164871  -100
11495  -0.00015299  -100
11500  -0.000141966  -100
11505  -0.000131736  -100
11510  -0.000122243  -100
11515  -0.000113435  -100
11520  -0.000105261  -100
11525  -9.76761e-05  -100
11530  -9.0638e-05  -100
11535  -8.41072e-05  -100
11540  -7.8047e-05  -100
11545  -7.24235e-05  -100
11550  -6.72053e-05  -100
11555  -6.23631e-05  -100
11560  -5.78699e-05  -100
11565  -5.37006e-05  -100
11570  -4.98316e-05  -100
11575  -4.62416e-05  -100
11580  -4.29102e-05  -100
11585  -3.98189e-05  -100
11590  -3.69504e-05  -100
11595  -3.42887e-05  -100
11600  -3.18187e-05  -100
11605  -2.95268e-05  -100
11610  -2.74e-05  -100
11615  -2.54265e-05  -100
11620  -2.35952e-05  -100
11625  -2.18959e-05  -100
11630  -2.03191e-05  -100
11635  -1.88559e-05  -100
11640  -1.74981e-05  -100
11645  -1.62382e-05  -100
11650  -1.50691e-05  -100
11655  -1.39843e-05  -100
11660  -1.29776e-05  -100
11665  -1.20435e-05  -100
11670  -1.11767e-05  -100
11675  -1.03723e-05  -100
11680  -9.62597e-06  -100
11685  -8.93339e-06  -100
11690  -8.29072e-06  -100
11695  -7.69437e-06  -100
11700  -7.14099e-06  -100
11705  -6.6275e-06  -100
11710  -6.15101e-06  -100
11715  -5.70886e-06  -100
11720  -5.29857e-06  -100
11725  -4.91785e-06  -100
11730  -4.56457e-06  -100
11735  -4.23675e-06  -100
11740  -3.93256e-06  -100
11745  -3.65028e-06  -100
11750  -3.38835e-06  -100
11755  -3.1453e-06  -100
11760  -2.91976e-06  -100
11765  -2.71048e-06  -100
11770  -2.51628e-06  -100
11775  -2.33607e-06  -100
11780  -2.16885e-06  -100
11785  -2.01368e-06  -100
11790  -1.8697e-06  -100
11795  -1.73609e-06  -100
11800  -1.61211e-06  -100
11805  -1.49706e-06  -100
11810  -1.39031e-06  -100
11815  -1.29125e-06  -100
11820  -1.19933e-06  -100
11825  -1.11403e-06  -100
11830  -1.03488e-06  -100
11835  -9.61434e-07  -100
11840  -8.93281e-07  -100
11845  -8.3004e-07  -100
11850  -7.71356e-07  -100
11855  -7.16901e-07  -100
11860  -6.66371e-07  -100
11865  -6.19482e-07  -100
11870  -5.75973e-07  -100
11875  -5.35599e-07  -100
11880  -4.98135e-07  -100
11885  -4.6337e-07  -100
11890  -4.31111e-07  -100
11895  -4.01177e-07  -100
11900  -3.734e-07  -100
11905  -3.47625e-07  -100
11910  -3.23707e-07  -100
11915  -3.01513e-07  -100
11920  -2.80919e-07  -100
11925  -2.61809e-07  -100
11930  -2.44076e-07  -100
11935  -2.27621e-07  -100
11940  -2.12351e-07  -100
11945  -1.98182e-07  -100
11950  -1.85035e-07  -100
11955  -1.72835e-07  -100
11960  -1.61514e-07  -100
11965  -1.51008e-07  -100
11970  -1.4126e-07  -100
11975  -1.32215e-07  -100
11980  -1.23821e-07  -100
11985  -1.16033e-07  -100
11990  -1.08805e-07  -100
11995  -1.02099e-07  -100
12000  -9.58753e-08  -100
12005  -9.01006e-08  -100
12010  -8.4742e-08  -100
12015  -7.97696e-08  -100
12020  -7.51555e-08  -100
12025  -7.0874e-08  -100
12030  -6.6901e-08  -100
12035  -6.32144e-08  -100
12040  -5.97934e-08  -100
12045  -5.6619e-08  -100
12050  -5.36733e-08  -100
12055  -5.09399e-08  -100
12060  -4.84035e-08  -100
12065  -4.60499e-08  -100
12070  -4.3866e-08  -100
12075  -4.18394e-08  -100
12080  -3.99588e-08  -100
12085  -3.82138e-08  -100
12090  -3.65946e-08  -100
12095  -3.5092e-08  -100
12100  -3.36977e-08  -100
12105  -3.24039e-08  -100
12110  -3.12034e-08  -100
12115  -3.00893e-08  -100
12120  -2.90556e-08  -100
12125  -2.80963e-08  -100
12130  -2.72062e-08  -100
12135  -2.63802e-08  -100
12140  -2.56138e-08  -100
12145  -2.49026e-08  -100
12150  -2.42426e-08  -100
12155  -2.36302e-08  -100
12160  -2.3062e-08  -100
12165  -2.25347e-08  -100
12170  -2.20454e-08  -100
12175  -2.15913e-08  -100
12180  -2.117e-08  -100
12185  -2.0779e-08  -100
12190  -2.04163e-08  -100
12195  -2.00796e-08  -100
12200  -1.97672e-08  -100
12205  -1.94774e-08  -100
12210  -1.92084e-08  -100
12215  -1.89588e-08  -100
12220  -1.87272e-08  -100
12225  -1.85123e-08  -100
12230  -1.83129e-08  -100
12235  -1.81278e-08  -100
12240  -1.79561e-08  -100
12245  -1.77967e-08  -100
12250  -1.76489e-08  -100
12255  -1.75117e-08  -100
12260  -1.73844e-08  -100
12265  -1.72662e-08  -100
12270  -1.71566e-08  -100
12275  -1.70549e-08  -100
12280  -1.69605e-08  -100
12285  -1.68729e-08  -100
12290  -1.67916e-08  -100
12295  -1.67162e-08  -100
12300  -1.66462e-08  -100
12305  -1.65813e-08  -100
12310  -1.6521e-08  -100
12315  -1.64651e-08  -100
12320  -1.64132e-08  -100
12325  -1.6365e-08  -100
12330  -1.63204e-08  -100
12335  -1.62789e-08  -100
12340  -1.62404e-08  -100
12345  -1.62047e-08  -100
12350  -1.61716e-08  -100
12355  -1.61409e-08  -100
12360  -1.61123e-08  -100
12365  -1.60859e-08  -100
12370  -1.60613e-08  -100
12375  -1.60385e-08  -100
12380  -1.60174e-08  -100
12385  -1.59977e-08  -100
12390  -1.59795e-08  -100
12395  -1.59626e-08  -100
12400  -1.5947e-08  -100
12405  -1.59324e-08  -100
12410  -1.59189e-08  -100
12415  -1.59064e-08  -100
12420  -1.58948e-08  -100
12425  -1.5884e-08  -100
12430  -1.5874e-08  -100
12435  -1.58647e-08  -100
12440  -1.5856e-08  -100
12445  -1.5848e-08  -100
12450  -1.58406e-08  -100
12455  -1.58337e-08  -100
12460  -1.58273e-08  -100
12465  -1.58214e-08  -100
12470  -1.58159e-08  -100
12475  -1.58108e-08  -100
12480  -1.58061e-08  -100
12485  -1.58017e-08  -100
12490  -1.57976e-08  -100
12495  -1.57938e-08  -100
12500  -1.57903e-08  -100
12505  -1.5787e-08  -100
12510  -1.5784e-08  -100
12515  -1.57812e-08  -100
12520  -1.57786e-08  -100
12525  -1.57762e-08  -100
12530  -1.57739e-08  -100
12535  -1.57719e-08  -100
12540  -1.57699e-08  -100
12545  -1.57681e-08  -100
12550  -1.57665e-08  -100
12555  -1.57649e-08  -100
12560  -1.57635e-08  -100
12565  -1.57622e-08  -100
12570  -1.57609e-08  -100
12575  -1.57598e-08  -100
12580  -1.57587e-08  -100
12585  -1.57577e-08  -100
12590  -1.57568e-08  -100
12595  -1.5756e-08  -100
12600  -1.57552e-08  -100
12605  -1.57545e-08  -100
12610  -1.57538e-08  -100
12615  -1.57532e-08  -100
12620  -1.57526e-08  -100
12625  -1.5752e-08  -100
12630  -1.57515e-08  -100
12635  -1.57511e-08  -100
12640  -1.57506e-08  -100
12645  -1.57502e-08  -100
12650  -1.57499e-08  -100
12655  -1.57495e-08  -100
12660  -1.57492e-08  -100
12665  -1.57489e-08  -100
12670  -1.57486e-08  -100
12675  -1.57484e-08  -100
12680  -1.57481e-08  -100
12685  -1.57479e-08  -100
12690  -1.57477e-08  -100
12695  -1.57475e-08  -100
12700  -1.57473e-08  -100
12705  -1.57472e-08  -100
12710  -1.5747e-08  -100
12715  -1.57469e-08  -100
12720  -1.57467e-08  -100
12725  -1.57466e-08  -100
12730  -1.57465e-08  -100
12735  -1.57464e-08  -100
12740  -1.57463e-08  -100
12745  -1.57462e-08  -100
12750  -1.57461e-08  -100
12755  -1.57461e-08  -100
12760  -1.5746e-08  -100
12765  -1.57459e-08  -100
12770  -1.57459e-08  -100
12775  -1.57458e-08  -100
12780  -1.57457e-08  -100
12785  -1.57457e-08  -100
12790  -1.57457e-08  -100
12795  -1.57456e-08  -100
12800  -1.57456e-08  -100
12805  -1.57455e-08  -100
12810  -1.57455e-08  -100
12815  -1.57455e-08  -100
12820  -1.57454e-08  -100
12825  -1.57454e-08  -100
12830  -1.57454e-08  -100
12835  -1.57454e-08  -100
12840  -1.57453e-08  -100
12845  -1.57453e-08  -100
12850  -1.57453e-08  -100
12855  -1.57453e-08  -100
12860  -1.57453e-08  -100
12865  -1.57453e-08  -100
12870  -1.57452e-08  -100
12875  -1.57452e-08  -100
12880  -1.57452e-08  -100
12885  -1.57452e-08  -100
12890  -1.57452e-08  -100
12895  -1.57452e-08  -100
12900  -1.57452e-08  -100
12905  -1.57452e-08  -100
12910  -1.57452e-08  -100
12915  -1.57452e-08  -100
12920  -1.57451e-08  -100
12925  -1.57451e-08  -100
12930  -1.57451e-08  -100
12935  -1.57451e-08  -100
12940  -1.57451e-08  -100
12945  -1.57451e-08  -100
12950  -1.57451e-08  -100
12955  -1.57451e-08  -100
12960  -1.57451e-08  -100
12965  -1.57451e-08  -100
12970  -1.57451e-08  -100
12975  -1.57451e-08  -100
12980  -1.57451e-08  -100
12985  -1.57451e-08  -100
12990  -1.57451e-08  -100
12995  -1.57451e-08  -100
13000  -1.57451e-08  -100
13005  -1.57451e-08  -100
13010  -1.57451e-08  -100
13015  -1.57451e-08  -100
13020  -1.57451e-08  -100
13025  -1.57451e-08  -100
13030  -1.57451e-08  -100
13035  -1.57451e-08  -100
13040  -1.57451e-08  -100
13045  -1.57451e-08  -100
13050  -1.57451e-08  -100
13055  -1.57451e-08  -100
13060  -1.57451e-08  -100
13065  -1.57451e-08  -100
13070  -1.57451e-08  -100
13075  -1.57451e-08  -100
13080  -1.57451e-08  -100
13085  -1.57451e-08  -100
13090  -1.57451e-08  -100
13095  -1.57451e-08  -100
13100  -1.57451e-08  -100
13105  -1.57451e-08  -100
13110  -1.57451e-08  -100
13115  -1.57451e-08  -100
13120  -1.57451e-08  -100
13125  -1.57451e-08  -100
13130  -1.57451e-08  -100
13135  -1.57451e-08  -100
13140  -1.57451e-08  -100
13145  -1.57451e-08  -100
13150  -1.57451e-08  -100
13155  -1.57451e-08  -100
13160  -1.57451e-08  -100
13165  -1.57451e-08  -100
13170  -1.57451e-08  -100
13175  -1.57451e-08  -100
13180  -1.57451e-08  -100
13185  -1.57451e-08  -100
13190  -1.57451e-08  -100
13195  -1.57451e-08  -100
13200  -1.57451e-08  -100
13205  -1.57451e-08  -100
13210  -1.57451e-08  -100
13215  -1.57451e-08  -100
13220  -1.57451e-08  -100
13225  -1.57451e-08  -100
13230  -1.57451e-08  -100
13235  -1.57451e-08  -100
13240  -1.57451e-08  -100
13245  -1.57451e-08  -100
13250  -1.57451e-08  -100
13255  -1.57451e-08  -100
13260  -1.57451e-08  -100
13265  -1.57451e-08  -100
13270  -1.57451e-08  -100
13275  -1.57451e-08  -100
13280  -1.57451e-08  -100
13285  -1.57451e-08  -100
13290  -1.57451e-08  -100
13295  -1.57451e-08  -100
13300  -1.57451e-08  -100
13305  -1.57451e-08  -100
13310  -1.57451e-08  -100
13315  -1.57451e-08  -100
13320  -1.57451e-08  -100
13325  -1.57451e-08  -100
13330  -1.57451e-08  -100
13335  -1.57451e-08  -100
13340  -1.57451e-08  -100
13345  -1.57451e-08  -100
13350  -1.57451e-08  -100
13355  -1.57451e-08  -100
13360  -1.57451e-08  -100
13365  -1.57451e-08  -100
13370  -1.57451e-08  -100
13375  -1.57451e-08  -100
13380  -1.57451e-08  -100
13385  -1.57451e-08  -100
13390  -1.57451e-08  -100
13395  -1.57451e-08  -100
13400  -1.57451e-08  -100
13405  -1.57451e-08  -100
13410  -1.57451e-08  -100
13415  -1.57451e-08  -100
13420  -1.57451e-08  -100
13425  -1.57451e-08  -100
13430  -1.57451e-08  -100
13435  -1.57451e-08  -100
13440  -1.57451e-08  -100
13445  -1.57451e-08  -100
13450  -1.57451e-08  -100
13455  -1.57451e-08  -100
13460  -1.57451e-08  -100
13465  -1.57451e-08  -100
13470  -1.57451e-08  -100
13475  -1.57451e-08  -100
13480  -1.57451e-08  -100
13485  -1.57451e-08  -100
13490  -1.57451e-08  -100
13495  -1.57451e-08  -100
13500  -1.57451e-08  -100
13505  -1.57451e-08  -100
13510  -1.57451e-08  -100
13515  -1.57451e-08  -100
13520  -1.57451e-08  -100
13525  -1.57451e-08  -100
13530  -1.57451e-08  -100
13535  -1.57451e-08  -100
13540  -1.57451e-08  -100
13545  -1.57451e-08  -100
13550  -1.57451e-08  -100
13555  -1.57451e-08  -100
13560  -1.57451e-08  -100
13565  -1.57451e-08  -100
13570  -1.57451e-08  -100
13575  -1.57451e-08  -100
13580  -1.57451e-08  -100
13585  -1.57451e-08  -100
13590  -1.57451e-08  -100
13595  -1.57451e-08  -100
13600  -1.57451e-08  -100
13605  -1.57451e-08  -100
13610  -1.57451e-08  -100
13615  -1.57451e-08  -100
13620  -1.57451e-08  -100
13625  -1.57451e-08  -100
13630  -1.57451e-08  -100
13635  -1.57451e-08  -100
13640  -1.57451e-08  -100
13645  -1.57451e-08  -100
13650  -1.57451e-08  -100
13655  -1.57451e-08  -100
13660  -1.57451e-08  -100
13665  -1.57451e-08  -100
13670  -1.57451e-08  -100
13675  -1.57451e-08  -100
13680  -1.57451e-08  -100
13685  -1.57451e-08  -100
13690  -1.57451e-08  -100
13695  -1.57451e-08  -100
13700  -1.57451e-08  -100
13705  -1.57451e-08  -100
13710  -1.57451e-08  -100
13715  -1.57451e-08  -100
13720  -1.57451e-08  -100
13725  -1.57451e-08  -100
13730  -1.57451e-08  -100
13735  -1.57451e-08  -100
13740  -1.57451e-08  -100
13745  -1.57451e-08  -100
13750  -1.57451e-08  -100
13755  -1.57451e-08  -100
13760  -1.57451e-08  -100
13765  -1.57451e-08  -100
13770  -1.57451e-08  -100
13775  -1.57451e-08  -100
13780  -1.57451e-08  -100
13785  -1.57451e-08  -100
13790  -1.57451e-08  -100
13795  -1.57451e-08  -100
13800  -1.57451e-08  -100
13805  -1.57451e-08  -100
13810  -1.57451e-08  -100
13815  -1.57451e-08  -100
13820  -1.57451e-08  -100
13825  -1.57451e-08  -100
13830  -1.57451e-08  -100
13835  -1.57451e-08  -100
13840  -1.57451e-08  -100
13845  -1.57451e-08  -100
13850  -1.57451e-08  -100
13855  -1.57451e-08  -100
13860  -1.57451e-08  -100
13865  -1.57451e-08  -100
13870  -1.57451e-08  -100
13875  -1.57451e-08  -100
13880  -1.57451e-08  -100
13885  -1.57451e-08  -100
13890  -1.57451e-08  -100
13895  -1.57451e-08  -100
13900  -1.57451e-08  -100
13905  -1.57451e-08  -100
13910  -1.57451e-08  -100
13915  -1.57451e-08  -100
13920  -1.57451e-08  -100
13925  -1.57451e-08  -100
13930  -1.57451e-08  -100
13935  -1.57451e-08  -100
13940  -1.57451e-08  -100
13945  -1.57451e-08  -100
13950  -1.57451e-08  -100
13955  -1.57451e-08  -100
13960  -1.57451e-08  -100
13965  -1.57451e-08  -100
13970  -1.57451e-08  -100
13975  -1.57451e-08  -100
13980  -1.57451e-08  -100
13985  -1.57451e-08  -100
13990  -1.57451e-08  -100
13995  -1.57451e-08  -100
14000  -1.57451e-08  -100
14005  -1.57451e-08  -100
14010  -1.57451e-08  -100
14015  -1.57451e-08  -100
14020  -1.57451e-08  -100
14025  -1.57451e-08  -100
14030  -1.57451e-08  -100
14035  -1.57451e-08  -100
14040  -1.57451e-08  -100
14045  -1.57451e-08  -100
14050  -1.57451e-08  -100
14055  -1.57451e-08  -100
14060  -1.57451e-08  -100
14065  -1.57451e-08  -100
14070  -1.57451e-08  -100
14075  -1.57451e-08  -100
14080  -1.57451e-08  -100
14085  -1.57451e-08  -100
14090  -1.57451e-08  -100
14095  -1.57451e-08  -100
14100  -1.57451e-08  -100
14105  -1.57451e-08  -100
14110  -1.57451e-08  -100
14115  -1.57451e-08  -100
14120  -1.57451e-08  -100
14125  -1.57451e-08  -100
14130  -1.57451e-08  -100
14135  -1.57451e-08  -100
14140  -1.57451e-08  -100
14145  -1.57451e-08  -100
14150  -1.57451e-08  -100
14155  -1.57451e-08  -100
14160  -1.57451e-08  -100
14165  -1.57451e-08  -100
14170  -1.57451e-08  -100
14175  -1.57451e-08  -100
14180  -1.57451e-08  -100
14185  -1.57451e-08  -100
14190  -1.57451e-08  -100
14195  -1.57451e-08  -100
14200  -1.57451e-08  -100
14205  -1.57451e-08  -100
14210  -1.57451e-08  -100
14215  -1.57451e-08  -100
14220  -1.57451e-08  -100
14225  -1.57451e-08  -100
14230  -1.57451e-08  -100
14235  -1.57451e-08  -100
14240  -1.57451e-08  -100
14245  -1.57451e-08  -100
14250  -1.57451e-08  -100
14255  -1.57451e-08  -100
14260  -1.57451e-08  -100
14265  -1.57451e-08  -100
14270  -1.57451e-08  -100
14275  -1.57451e-08  -100
14280  -1.57451e-08  -100
14285  -1.57451e-08  -100
14290  -1.57451e-08  -100
14295  -1.57451e-08  -100
14300  -1.57451e-08  -100
14305  -1.57451e-08  -100
14310  -1.57451e-08  -100
14315  -1.57451e-08  -100
14320  -1.57451e-08  -100
14325  -1.57451e-08  -100
14330  -1.57451e-08  -100
14335  -1.57451e-08  -100
14340  -1.57451e-08  -100
14345  -1.57451e-08  -100
14350  -1.57451e-08  -100
14355  -1.57451e-08  -100
14360  -1.57451e-08  -100
14365  -1.57451e-08  -100
14370  -1.57451e-08  -100
14375  -1.57451e-08  -100
14380  -1.57451e-08  -100
14385  -1.57451e-08  -100
14390  -1.57451e-08  -100
14395  -1.57451e-08  -100
14400  -1.57451e-08  -100
14405  -1.57451e-08  -100
14410  -1.57451e-08  -100
14415  -1.57451e-08  -100
14420  -1.57451e-08  -100
14425  -1.57451e-08  -100
14430  -1.57451e-08  -100
14435  -1.57451e-08  -100
14440  -1.57451e-08  -100
14445  -1.57451e-08  -100
14450  -1.57451e-08  -100
14455  -1.57451e-08  -100
14460  -1.57451e-08  -100
14465  -1.57451e-08  -100
14470  -1.57451e-08  -100
14475  -1.57451e-08  -100
14480  -1.57451e-08  -100
14485  -1.57451e-08  -100
14490  -1.57451e-08  -100
14495  -1.57451e-08  -100
14500  -1.57451e-08  -100
14505  -1.57451e-08  -100
14510  -1.57451e-08  -100
14515  -1.57451e-08  -100
14520  -1.57451e-08  -100
14525  -1.57451e-08  -100
14530  -1.57451e-08  -100
14535  -1.57451e-08  -100
14540  -1.57451e-08  -100
14545  -1.57451e-08  -100
14550  -1.57451e-08  -100
14555  -1.57451e-08  -100
14560  -1.57451e-08  -100
14565  -1.57451e-08  -100
14570  -1.57451e-08  -100
14575  -1.57451e-08  -100
14580  -1.57451e-08  -100
14585  -1.57451e-08  -100
14590  -1.57451e-08  -100
14595  -1.57451e-08  -100
14600  -1.57451e-08  -100
14605  -1.57451e-08  -100
14610  -1.57451e-08  -100
14615  -1.57451e-08  -100
14620  -1.57451e-08  -100
14625  -1.57451e-08  -100
14630  -1.57451e-08  -100
14635  -1.57451e-08  -100
14640  -1.57451e-08  -100
14645  -1.57451e-08  -100
14650  -1.57451e-08  -100
14655  -1.57451e-08  -100
14660  -1.57451e-08  -100
14665  -1.57451e-08  -100
14670  -1.57451e-08  -100
14675  -1.57451e-08  -100
14680  -1.57451e-08  -100
14685  -1.57451e-08  -100
14690  -1.57451e-08  -100
14695  -1.57451e-08  -100
14700  -1.57451e-08  -100
14705  -1.57451e-08  -100
14710  -1.57451e-08  -100
14715  -1.57451e-08  -100
14720  -1.57451e-08  -100
14725  -1.57451e-08  -100
14730  -1.57451e-08  -100
14735  -1.57451e-08  -100
14740  -1.57451e-08  -100
14745  -1.57451e-08  -100
14750  -1.57451e-08  -100
14755  -1.57451e-08  -100
14760  -1.57451e-08  -100
14765  -1.57451e-08  -100
14770  -1.57451e-08  -100
14775  -1.57451e-08  -100
14780  -1.57451e-08  -100
14785  -1.57451e-08  -100
14790  -1.57451e-08  -100
14795  -1.57451e-08  -100
14800  -1.57451e-08  -100
14805  -1.57451e-08  -100
14810  -1.57451e-08  -100
14815  -1.57451e-08  -100
14820  -1.57451e-08  -100
14825  -1.57451e-08  -100
14830  -1.57451e-08  -100
14835  -1.57451e-08  -100
14840  -1.57451e-08  -100
14845  -1.57451e-08  -100
14850  -1.57451e-08  -100
14855  -1.57451e-08  -100
14860  -1.57451e-08  -100
14865  -1.57451e-08  -100
14870  -1.57451e-08  -100
14875  -1.57451e-08  -100
14880  -1.57451e-08  -100
14885  -1.57451e-08  -100
14890  -1.57451e-08  -100
14895  -1.57451e-08  -100
14900  -1.57451e-08  -100
14905  -1.57451e-08  -100
14910  -1.57451e-08  -100
14915  -1.57451e-08  -100
14920  -1.57451e-08  -100
14925  -1.57451e-08  -100
14930  -1.57451e-08  -100
14935  -1.57451e-08  -100
14940  -1.57451e-08  -100
14945  -1.57451e-08  -100
14950  -1.57451e-08  -100
14955  -1.57451e-08  -100
14960  -1.57451e-08  -100
