0.005  1.73225e-17  -80
5.005  6.57892e-10  -80
10.005  2.4267e-09  -80
15.005  5.00994e-09  -80
20.005  8.18324e-09  -80
25.005  1.17766e-08  -80
30.005  1.56614e-08  -80
35.005  1.97398e-08  -80
40.005  2.39379e-08  -80
45.005  2.81995e-08  -80
50.005  3.24822e-08  -80
55.005  3.6754e-08  -80
60.005  4.09909e-08  -80
65.005  4.51751e-08  -80
70.005  4.92933e-08  -80
75.005  5.3336e-08  -80
80.005  5.72964e-08  -80
85.005  6.11699e-08  -80
90.005  6.49533e-08  -80
95.005  6.86451e-08  -80
100.005  7.22443e-08  -80
105.005  7.5751e-08  -80
110.005  7.91656e-08  -80
115.005  8.24892e-08  -80
120.005  8.5723e-08  -80
125.005  8.88685e-08  -80
130.005  9.19275e-08  -80
135.005  9.49016e-08  -80
140.005  9.77929e-08  -80
145.005  1.00603e-07  -80
150.005  1.03335e-07  -80
155.005  1.05989e-07  -80
160.005  1.08569e-07  -80
165.005  1.11075e-07  -80
170.005  1.1351e-07  -80
175.005  1.15877e-07  -80
180.005  1.18176e-07  -80
185.005  1.20409e-07  -80
190.005  1.22579e-07  -80
195.005  1.24688e-07  -80
200.005  1.26736e-07  -80
205.005  1.28725e-07  -80
210.005  1.30658e-07  -80
215.005  1.32536e-07  -80
220.005  1.34361e-07  -80
225.005  1.36133e-07  -80
230.005  1.37855e-07  -80
235.005  1.39527e-07  -80
240.005  1.41152e-07  -80
245.005  1.4273e-07  -80
250.005  1.44263e-07  -80
255.005  1.45753e-07  -80
260.005  1.472e-07  -80
265.005  1.48606e-07  -80
270.005  1.49971e-07  -80
275.005  1.51298e-07  -80
280.005  1.52586e-07  -80
285.005  1.53838e-07  -80
290.005  1.55054e-07  -80
295.005  1.56236e-07  -80
300.005  1.57383e-07  -80
305.005  1.58498e-07  -80
310.005  1.59581e-07  -80
315.005  1.60633e-07  -80
320.005  1.61655e-07  -80
325.005  1.62648e-07  -80
330.005  1.63612e-07  -80
335.005  1.64549e-07  -80
340.005  1.65459e-07  -80
345.005  1.66343e-07  -80
350.005  1.67202e-07  -80
355.005  1.68037e-07  -80
360.005  1.68847e-07  -80
365.005  1.69635e-07  -80
370.005  1.704e-07  -80
375.005  1.71143e-07  -80
380.005  1.71864e-07  -80
385.005  1.72566e-07  -80
390.005  1.73247e-07  -80
395.005  1.73908e-07  -80
400.005  1.74551e-07  -80
405.005  1.75176e-07  -80
410.005  1.75782e-07  -80
415.005  1.76372e-07  -80
420.005  1.76944e-07  -80
425.005  1.775e-07  -80
430.005  1.7804e-07  -80
435.005  1.78565e-07  -80
440.005  1.79075e-07  -80
445.005  1.7957e-07  -80
450.005  1.80051e-07  -80
455.005  1.80519e-07  -80
460.005  1.80973e-07  -80
465.005  1.81414e-07  -80
470.005  1.81842e-07  -80
475.005  1.82258e-07  -80
480.005  1.82663e-07  -80
485.005  1.83055e-07  -80
490.005  1.83437e-07  -80
495.005  1.83808e-07  -80
500.005  1.84168e-07  -80
505.005  1.84517e-07  -80
510.005  1.84857e-07  -80
515.005  1.85187e-07  -80
520.005  1.85508e-07  -80
525.005  1.85819e-07  -80
530.005  1.86122e-07  -80
535.005  1.86416e-07  -80
540.005  1.86701e-07  -80
545.005  1.86979e-07  -80
550.005  1.87248e-07  -80
555.005  1.8751e-07  -80
560.005  1.87764e-07  -80
565.005  1.88011e-07  -80
570.005  1.88251e-07  -80
575.005  1.88485e-07  -80
580.005  1.88711e-07  -80
585.005  1.88931e-07  -80
590.005  1.89145e-07  -80
595.005  1.89352e-07  -80
600.005  1.89554e-07  -80
605.005  1.8975e-07  -80
610.005  1.8994e-07  -80
615.005  1.90125e-07  -80
620.005  1.90305e-07  -80
625.005  1.90479e-07  -80
630.005  1.90649e-07  -80
635.005  1.90813e-07  -80
640.005  1.90973e-07  -80
645.005  1.91129e-07  -80
650.005  1.9128e-07  -80
655.005  1.91426e-07  -80
660.005  1.91569e-07  -80
665.005  1.91707e-07  -80
670.005  1.91842e-07  -80
675.005  1.91972e-07  -80
680.005  1.92099e-07  -80
685.005  1.92222e-07  -80
690.005  1.92342e-07  -80
695.005  1.92458e-07  -80
700.005  1.92571e-07  -80
705.005  1.92681e-07  -80
710.005  1.92787e-07  -80
715.005  1.92891e-07  -80
720.005  1.92992e-07  -80
725.005  1.93089e-07  -80
730.005  1.93184e-07  -80
735.005  1.93277e-07  -80
740.005  1.93366e-07  -80
745.005  1.93453e-07  -80
750.005  1.93538e-07  -80
755.005  1.9362e-07  -80
760.005  1.937e-07  -80
765.005  1.93777e-07  -80
770.005  1.93852e-07  -80
775.005  1.93926e-07  -80
780.005  1.93997e-07  -80
785.005  1.94066e-07  -80
790.005  1.94133e-07  -80
795.005  1.94198e-07  -80
800.005  1.94261e-07  -80
805.005  1.94323e-07  -80
810.005  1.94382e-07  -80
815.005  1.9444e-07  -80
820.005  1.94497e-07  -80
825.005  1.94551e-07  -80
830.005  1.94605e-07  -80
835.005  1.94656e-07  -80
840.005  1.94706e-07  -80
845.005  1.94755e-07  -80
850.005  1.94802e-07  -80
855.005  1.94848e-07  -80
860.005  1.94893e-07  -80
865.005  1.94937e-07  -80
870.005  1.94979e-07  -80
875.005  1.9502e-07  -80
880.005  1.9506e-07  -80
885.005  1.95098e-07  -80
890.005  1.95136e-07  -80
895.005  1.95172e-07  -80
900.005  1.95208e-07  -80
905.005  1.95242e-07  -80
910.005  1.95276e-07  -80
915.005  1.95308e-07  -80
920.005  1.9534e-07  -80
925.005  1.9537e-07  -80
930.005  1.954e-07  -80
935.005  1.95429e-07  -80
940.005  1.95457e-07  -80
945.005  1.95484e-07  -80
950.005  1.95511e-07  -80
955.005  1.95537e-07  -80
960.005  1.95562e-07  -80
965.005  1.95586e-07  -80
970.005  1.9561e-07  -80
975.005  1.95633e-07  -80
980.005  1.95655e-07  -80
985.005  1.95677e-07  -80
990.005  1.95698e-07  -80
995.005  1.95718e-07  -80
1000  1.95738e-07  -80
1005  1.95757e-07  -80
1010  1.95776e-07  -80
1015  1.95794e-07  -80
1020  1.95812e-07  -80
1025  1.95829e-07  -80
1030  1.95846e-07  -80
1035  1.95862e-07  -80
1040  1.95878e-07  -80
1045  1.95893e-07  -80
1050  1.95908e-07  -80
1055  1.95922e-07  -80
1060  1.95936e-07  -80
1065.01  1.9595e-07  -80
1070.01  1.95963e-07  -80
1075.01  1.95976e-07  -80
1080.01  1.95988e-07  -80
1085.01  1.96001e-07  -80
1090.01  1.96012e-07  -80
1095.01  1.96024e-07  -80
1100.01  1.96035e-07  -80
1105.01  1.96046e-07  -80
1110.01  1.96056e-07  -80
1115.01  1.96066e-07  -80
1120.01  1.96076e-07  -80
1125.01  1.96086e-07  -80
1130.01  1.96095e-07  -80
1135.01  1.96104e-07  -80
1140.01  1.96113e-07  -80
1145.01  1.96122e-07  -80
1150.01  1.9613e-07  -80
1155.01  1.96138e-07  -80
1160.01  1.96146e-07  -80
1165.01  1.96154e-07  -80
1170.01  1.96161e-07  -80
1175.01  1.96168e-07  -80
1180.01  1.96175e-07  -80
1185.01  1.96182e-07  -80
1190.01  1.96189e-07  -80
1195.01  1.96195e-07  -80
1200.01  1.96201e-07  -80
1205.01  1.96207e-07  -80
1210.01  1.96213e-07  -80
1215.01  1.96219e-07  -80
1220.01  1.96224e-07  -80
1225.01  1.9623e-07  -80
1230.01  1.96235e-07  -80
1235.01  1.9624e-07  -80
1240.01  1.96245e-07  -80
1245.01  1.9625e-07  -80
1250.01  1.96255e-07  -80
1255.01  1.96259e-07  -80
1260.01  1.96263e-07  -80
1265.01  1.96268e-07  -80
1270.01  1.96272e-07  -80
1275.01  1.96276e-07  -80
1280.01  1.9628e-07  -80
1285.01  1.96284e-07  -80
1290.01  1.96287e-07  -80
1295.01  1.96291e-07  -80
1300.01  1.96294e-07  -80
1305.01  1.96298e-07  -80
1310.01  1.96301e-07  -80
1315.01  1.96304e-07  -80
1320.01  1.96307e-07  -80
1325.01  1.9631e-07  -80
1330.01  1.96313e-07  -80
1335.01  1.96316e-07  -80
1340.01  1.96319e-07  -80
1345.01  1.96322e-07  -80
1350.01  1.96324e-07  -80
1355.01  1.96327e-07  -80
1360.01  1.96329e-07  -80
1365.01  1.96332e-07  -80
1370.01  1.96334e-07  -80
1375.01  1.96336e-07  -80
1380.01  1.96338e-07  -80
1385.01  1.96341e-07  -80
1390.01  1.96343e-07  -80
1395.01  1.96345e-07  -80
1400.01  1.96347e-07  -80
1405.01  1.96349e-07  -80
1410.01  1.9635e-07  -80
1415.01  1.96352e-07  -80
1420.01  1.96354e-07  -80
1425.01  1.96356e-07  -80
1430.01  1.96357e-07  -80
1435.01  1.96359e-07  -80
1440.01  1.9636e-07  -80
1445.01  1.96362e-07  -80
1450.01  1.96363e-07  -80
1455.01  1.96365e-07  -80
1460.01  1.96366e-07  -80
1465.01  1.96367e-07  -80
1470.01  1.96369e-07  -80
1475.01  1.9637e-07  -80
1480.01  1.96371e-07  -80
1485.01  1.96372e-07  -80
1490.01  1.96374e-07  -80
1495.01  1.96375e-07  -80
1500.01  1.96376e-07  -80
1505.01  1.96377e-07  -80
1510.01  1.96378e-07  -80
1515.01  1.96379e-07  -80
1520.01  1.9638e-07  -80
1525.01  1.96381e-07  -80
1530.01  1.96382e-07  -80
1535.01  1.96383e-07  -80
1540.01  1.96384e-07  -80
1545.01  1.96384e-07  -80
1550.01  1.96385e-07  -80
1555.01  1.96386e-07  -80
1560.01  1.96387e-07  -80
1565.01  1.96388e-07  -80
1570.01  1.96388e-07  -80
1575.01  1.96389e-07  -80
1580.01  1.9639e-07  -80
1585.01  1.9639e-07  -80
1590.01  1.96391e-07  -80
1595.01  1.96392e-07  -80
1600.01  1.96392e-07  -80
1605.01  1.96393e-07  -80
1610.01  1.96393e-07  -80
1615.01  1.96394e-07  -80
1620.01  1.96395e-07  -80
1625.01  1.96395e-07  -80
1630.01  1.96396e-07  -80
1635.01  1.96396e-07  -80
1640.01  1.96397e-07  -80
1645.01  1.96397e-07  -80
1650.01  1.96397e-07  -80
1655.01  1.96398e-07  -80
1660.01  1.96398e-07  -80
1665.01  1.96399e-07  -80
1670.01  1.96399e-07  -80
1675.01  1.964e-07  -80
1680.01  1.964e-07  -80
1685.01  1.964e-07  -80
1690.01  1.96401e-07  -80
1695.01  1.96401e-07  -80
1700.01  1.96401e-07  -80
1705.01  1.96402e-07  -80
1710.01  1.96402e-07  -80
1715.01  1.96402e-07  -80
1720.01  1.96403e-07  -80
1725.01  1.96403e-07  -80
1730.01  1.96403e-07  -80
1735.01  1.96404e-07  -80
1740.01  1.96404e-07  -80
1745.01  1.96404e-07  -80
1750.01  1.96404e-07  -80
1755.01  1.96405e-07  -80
1760.01  1.96405e-07  -80
1765.01  1.96405e-07  -80
1770.01  1.96405e-07  -80
1775.01  1.96406e-07  -80
1780.01  1.96406e-07  -80
1785.01  1.96406e-07  -80
1790.01  1.96406e-07  -80
1795.01  1.96406e-07  -80
1800.01  1.96407e-07  -80
1805.01  1.96407e-07  -80
1810.01  1.96407e-07  -80
1815.01  1.96407e-07  -80
1820.01  1.96407e-07  -80
1825.01  1.96407e-07  -80
1830.01  1.96408e-07  -80
1835.01  1.96408e-07  -80
1840.01  1.96408e-07  -80
1845.01  1.96408e-07  -80
1850.01  1.96408e-07  -80
1855.01  1.96408e-07  -80
1860.01  1.96408e-07  -80
1865.01  1.96409e-07  -80
1870.01  1.96409e-07  -80
1875.01  1.96409e-07  -80
1880.01  1.96409e-07  -80
1885.01  1.96409e-07  -80
1890.01  1.96409e-07  -80
1895.01  1.96409e-07  -80
1900.01  1.96409e-07  -80
1905.01  1.9641e-07  -80
1910.01  1.9641e-07  -80
1915.01  1.9641e-07  -80
1920.01  1.9641e-07  -80
1925.01  1.9641e-07  -80
1930.01  1.9641e-07  -80
1935.01  1.9641e-07  -80
1940.01  1.9641e-07  -80
1945.01  1.9641e-07  -80
1950.01  1.9641e-07  -80
1955.01  1.9641e-07  -80
1960.01  1.9641e-07  -80
1965.01  1.96411e-07  -80
1970.01  1.96411e-07  -80
1975.01  1.96411e-07  -80
1980.01  1.96411e-07  -80
1985.01  1.96411e-07  -80
1990.01  1.96411e-07  -80
1995.01  1.96411e-07  -80
2000.01  1.96411e-07  -80
2005.01  1.96411e-07  -80
2010.01  1.96411e-07  -80
2015.01  1.96411e-07  -80
2020.01  1.96411e-07  -80
2025.01  1.96411e-07  -80
2030.01  1.96411e-07  -80
2035.01  1.96411e-07  -80
2040.01  1.96411e-07  -80
2045.01  1.96411e-07  -80
2050.01  1.96412e-07  -80
2055.01  1.96412e-07  -80
2060.01  1.96412e-07  -80
2065.01  1.96412e-07  -80
2070.01  1.96412e-07  -80
2075.01  1.96412e-07  -80
2080.01  1.96412e-07  -80
2085.01  1.96412e-07  -80
2090.01  1.96412e-07  -80
2095.01  1.96412e-07  -80
2100.01  1.96412e-07  -80
2105.01  1.96412e-07  -80
2110.01  1.96412e-07  -80
2115.01  1.96412e-07  -80
2120.01  1.96412e-07  -80
2125.01  1.96412e-07  -80
2130.01  1.96412e-07  -80
2135.01  1.96412e-07  -80
2140.01  1.96412e-07  -80
2145.01  1.96412e-07  -80
2150.01  1.96412e-07  -80
2155.01  1.96412e-07  -80
2160.01  1.96412e-07  -80
2165.01  1.96412e-07  -80
2170.01  1.96412e-07  -80
2175.01  1.96412e-07  -80
2180.01  1.96412e-07  -80
2185.01  1.96412e-07  -80
2190.01  1.96412e-07  -80
2195.01  1.96412e-07  -80
2200.01  1.96412e-07  -80
2205.01  1.96412e-07  -80
2210.01  1.96412e-07  -80
2215.01  1.96412e-07  -80
2220.01  1.96413e-07  -80
2225.01  1.96413e-07  -80
2230.01  1.96413e-07  -80
2235.01  1.96413e-07  -80
2240.01  1.96413e-07  -80
2245.01  1.96413e-07  -80
2250.01  1.96413e-07  -80
2255.01  1.96413e-07  -80
2260.01  1.96413e-07  -80
2265.01  1.96413e-07  -80
2270.01  1.96413e-07  -80
2275.01  1.96413e-07  -80
2280.01  1.96413e-07  -80
2285.01  1.96413e-07  -80
2290.01  1.96413e-07  -80
2295.01  1.96413e-07  -80
2300.01  1.96413e-07  -80
2305.01  1.96413e-07  -80
2310.01  1.96413e-07  -80
2315.01  1.96413e-07  -80
2320.01  1.96413e-07  -80
2325.01  1.96413e-07  -80
2330.01  1.96413e-07  -80
2335.01  1.96413e-07  -80
2340.01  1.96413e-07  -80
2345.01  1.96413e-07  -80
2350.01  1.96413e-07  -80
2355.01  1.96413e-07  -80
2360.01  1.96413e-07  -80
2365.01  1.96413e-07  -80
2370.01  1.96413e-07  -80
2375.01  1.96413e-07  -80
2380.01  1.96413e-07  -80
2385.01  1.96413e-07  -80
2390.01  1.96413e-07  -80
2395.01  1.96413e-07  -80
2400.01  1.96413e-07  -80
2405.01  1.96413e-07  -80
2410.01  1.96413e-07  -80
2415.01  1.96413e-07  -80
2420.01  1.96413e-07  -80
2425.01  1.96413e-07  -80
2430.01  1.96413e-07  -80
2435.01  1.96413e-07  -80
2440.01  1.96413e-07  -80
2445.01  1.96413e-07  -80
2450.01  1.96413e-07  -80
2455.01  1.96413e-07  -80
2460.01  1.96413e-07  -80
2465.01  1.96413e-07  -80
2470.01  1.96413e-07  -80
2475.01  1.96413e-07  -80
2480.01  1.96413e-07  -80
2485.01  1.96413e-07  -80
2490.01  1.96413e-07  -80
2495.01  1.96413e-07  -80
2500.01  1.96413e-07  -80
2505.01  1.96413e-07  -80
2510.01  1.96413e-07  -80
2515.01  1.96413e-07  -80
2520.01  1.96413e-07  -80
2525.01  1.96413e-07  -80
2530.01  1.96413e-07  -80
2535.01  1.96413e-07  -80
2540.01  1.96413e-07  -80
2545.01  1.96413e-07  -80
2550.01  1.96413e-07  -80
2555.01  1.96413e-07  -80
2560.01  1.96413e-07  -80
2565.01  1.96413e-07  -80
2570.01  1.96413e-07  -80
2575.01  1.96413e-07  -80
2580.01  1.96413e-07  -80
2585.01  1.96413e-07  -80
2590.01  1.96413e-07  -80
2595.01  1.96413e-07  -80
2600.01  1.96413e-07  -80
2605.01  1.96413e-07  -80
2610.01  1.96413e-07  -80
2615.01  1.96413e-07  -80
2620.01  1.96413e-07  -80
2625.01  1.96413e-07  -80
2630.01  1.96413e-07  -80
2635.01  1.96413e-07  -80
2640.01  1.96413e-07  -80
2645.01  1.96413e-07  -80
2650.01  1.96413e-07  -80
2655.01  1.96413e-07  -80
2660.01  1.96413e-07  -80
2665.01  1.96413e-07  -80
2670.01  1.96413e-07  -80
2675.01  1.96413e-07  -80
2680.01  1.96413e-07  -80
2685.01  1.96413e-07  -80
2690.01  1.96413e-07  -80
2695.01  1.96413e-07  -80
2700.01  1.96413e-07  -80
2705.01  1.96413e-07  -80
2710.01  1.96413e-07  -80
2715.01  1.96413e-07  -80
2720.01  1.96413e-07  -80
2725.01  1.96413e-07  -80
2730.01  1.96413e-07  -80
2735.01  1.96413e-07  -80
2740.01  1.96413e-07  -80
2745.01  1.96413e-07  -80
2750.01  1.96413e-07  -80
2755.01  1.96413e-07  -80
2760.01  1.96413e-07  -80
2765.01  1.96413e-07  -80
2770.01  1.96413e-07  -80
2775.01  1.96413e-07  -80
2780.01  1.96413e-07  -80
2785.01  1.96413e-07  -80
2790.01  1.96413e-07  -80
2795.01  1.96413e-07  -80
2800.01  1.96413e-07  -80
2805.01  1.96413e-07  -80
2810.01  1.96413e-07  -80
2815.01  1.96413e-07  -80
2820.01  1.96413e-07  -80
2825.01  1.96413e-07  -80
2830.01  1.96413e-07  -80
2835.01  1.96413e-07  -80
2840.01  1.96413e-07  -80
2845.01  1.96413e-07  -80
2850.01  1.96413e-07  -80
2855.01  1.96413e-07  -80
2860.01  1.96413e-07  -80
2865.01  1.96413e-07  -80
2870.01  1.96413e-07  -80
2875.01  1.96413e-07  -80
2880.01  1.96413e-07  -80
2885.01  1.96413e-07  -80
2890.01  1.96413e-07  -80
2895.01  1.96413e-07  -80
2900.01  1.96413e-07  -80
2905.01  1.96413e-07  -80
2910.01  1.96413e-07  -80
2915.01  1.96413e-07  -80
2920.01  1.96413e-07  -80
2925.01  1.96413e-07  -80
2930.01  1.96413e-07  -80
2935.01  1.96413e-07  -80
2940.01  1.96413e-07  -80
2945.01  1.96413e-07  -80
2950.01  1.96413e-07  -80
2955.01  1.96413e-07  -80
2960.01  1.96413e-07  -80
2965.01  1.96413e-07  -80
2970.01  1.96413e-07  -80
2975.01  1.96413e-07  -80
2980.01  1.96413e-07  -80
2985.01  1.96413e-07  -80
2990.01  1.96413e-07  -80
2995.01  1.96413e-07  -80
3000.01  1.96413e-07  -80
3005.01  1.96413e-07  -80
3010.01  1.96413e-07  -80
3015.01  1.96413e-07  -80
3020.01  1.96413e-07  -80
3025.01  1.96413e-07  -80
3030.01  1.96413e-07  -80
3035.01  1.96413e-07  -80
3040.01  1.96413e-07  -80
3045.01  1.96413e-07  -80
3050.01  1.96413e-07  -80
3055.01  1.96413e-07  -80
3060.01  1.96413e-07  -80
3065.01  1.96413e-07  -80
3070.01  1.96413e-07  -80
3075.01  1.96413e-07  -80
3080.01  1.96413e-07  -80
3085.01  1.96413e-07  -80
3090.01  1.96413e-07  -80
3095.01  1.96413e-07  -80
3100.01  1.96413e-07  -80
3105.01  1.96413e-07  -80
3110.01  1.96413e-07  -80
3115.01  1.96413e-07  -80
3120.01  1.96413e-07  -80
3125.01  1.96413e-07  -80
3130.01  1.96413e-07  -80
3135.01  1.96413e-07  -80
3140.01  1.96413e-07  -80
3145.01  1.96413e-07  -80
3150.01  1.96413e-07  -80
3155.01  1.96413e-07  -80
3160.01  1.96413e-07  -80
3165.01  1.96413e-07  -80
3170.01  1.96413e-07  -80
3175.01  1.96413e-07  -80
3180.01  1.96413e-07  -80
3185.01  1.96413e-07  -80
3190.01  1.96413e-07  -80
3195.01  1.96413e-07  -80
3200.01  1.96413e-07  -80
3205.01  1.96413e-07  -80
3210.01  1.96413e-07  -80
3215.01  1.96413e-07  -80
3220.01  1.96413e-07  -80
3225.01  1.96413e-07  -80
3230.01  1.96413e-07  -80
3235.01  1.96413e-07  -80
3240.01  1.96413e-07  -80
3245.01  1.96413e-07  -80
3250.01  1.96413e-07  -80
3255.01  1.96413e-07  -80
3260.01  1.96413e-07  -80
3265.01  1.96413e-07  -80
3270.01  1.96413e-07  -80
3275.01  1.96413e-07  -80
3280.01  1.96413e-07  -80
3285.01  1.96413e-07  -80
3290.01  1.96413e-07  -80
3295.01  1.96413e-07  -80
3300.01  1.96413e-07  -80
3305.01  1.96413e-07  -80
3310.01  1.96413e-07  -80
3315.01  1.96413e-07  -80
3320.01  1.96413e-07  -80
3325.01  1.96413e-07  -80
3330.01  1.96413e-07  -80
3335.01  1.96413e-07  -80
3340.01  1.96413e-07  -80
3345.01  1.96413e-07  -80
3350.01  1.96413e-07  -80
3355.01  1.96413e-07  -80
3360.01  1.96413e-07  -80
3365.01  1.96413e-07  -80
3370.01  1.96413e-07  -80
3375.01  1.96413e-07  -80
3380.01  1.96413e-07  -80
3385.01  1.96413e-07  -80
3390.01  1.96413e-07  -80
3395.01  1.96413e-07  -80
3400.01  1.96413e-07  -80
3405.01  1.96413e-07  -80
3410.01  1.96413e-07  -80
3415.01  1.96413e-07  -80
3420.01  1.96413e-07  -80
3425.01  1.96413e-07  -80
3430.01  1.96413e-07  -80
3435.01  1.96413e-07  -80
3440.01  1.96413e-07  -80
3445.01  1.96413e-07  -80
3450.01  1.96413e-07  -80
3455.01  1.96413e-07  -80
3460.01  1.96413e-07  -80
3465.01  1.96413e-07  -80
3470.01  1.96413e-07  -80
3475.01  1.96413e-07  -80
3480.01  1.96413e-07  -80
3485.01  1.96413e-07  -80
3490.01  1.96413e-07  -80
3495.01  1.96413e-07  -80
3500.01  1.96413e-07  -80
3505.01  1.96413e-07  -80
3510.01  1.96413e-07  -80
3515.01  1.96413e-07  -80
3520.01  1.96413e-07  -80
3525.01  1.96413e-07  -80
3530.01  1.96413e-07  -80
3535.01  1.96413e-07  -80
3540.01  1.96413e-07  -80
3545.01  1.96413e-07  -80
3550.01  1.96413e-07  -80
3555.01  1.96413e-07  -80
3560.01  1.96413e-07  -80
3565.01  1.96413e-07  -80
3570.01  1.96413e-07  -80
3575.01  1.96413e-07  -80
3580.01  1.96413e-07  -80
3585.01  1.96413e-07  -80
3590.01  1.96413e-07  -80
3595.01  1.96413e-07  -80
3600.01  1.96413e-07  -80
3605.01  1.96413e-07  -80
3610.01  1.96413e-07  -80
3615.01  1.96413e-07  -80
3620.01  1.96413e-07  -80
3625.01  1.96413e-07  -80
3630.01  1.96413e-07  -80
3635.01  1.96413e-07  -80
3640.01  1.96413e-07  -80
3645.01  1.96413e-07  -80
3650.01  1.96413e-07  -80
3655.01  1.96413e-07  -80
3660.01  1.96413e-07  -80
3665.01  1.96413e-07  -80
3670.01  1.96413e-07  -80
3675.01  1.96413e-07  -80
3680.01  1.96413e-07  -80
3685.01  1.96413e-07  -80
3690.01  1.96413e-07  -80
3695.01  1.96413e-07  -80
3700.01  1.96413e-07  -80
3705.01  1.96413e-07  -80
3710.01  1.96413e-07  -80
3715.01  1.96413e-07  -80
3720.01  1.96413e-07  -80
3725.01  1.96413e-07  -80
3730.01  1.96413e-07  -80
3735.01  1.96413e-07  -80
3740.01  1.96413e-07  -80
3745.01  1.96413e-07  -80
3750.01  1.96413e-07  -80
3755.01  1.96413e-07  -80
3760.01  1.96413e-07  -80
3765.01  1.96413e-07  -80
3770.01  1.96413e-07  -80
3775.01  1.96413e-07  -80
3780.01  1.96413e-07  -80
3785.01  1.96413e-07  -80
3790.01  1.96413e-07  -80
3795.01  1.96413e-07  -80
3800.01  1.96413e-07  -80
3805.01  1.96413e-07  -80
3810.01  1.96413e-07  -80
3815.01  1.96413e-07  -80
3820.01  1.96413e-07  -80
3825.01  1.96413e-07  -80
3830.01  1.96413e-07  -80
3835.01  1.96413e-07  -80
3840.01  1.96413e-07  -80
3845.01  1.96413e-07  -80
3850.01  1.96413e-07  -80
3855.01  1.96413e-07  -80
3860.01  1.96413e-07  -80
3865.01  1.96413e-07  -80
3870.01  1.96413e-07  -80
3875.01  1.96413e-07  -80
3880.01  1.96413e-07  -80
3885.01  1.96413e-07  -80
3890.01  1.96413e-07  -80
3895.01  1.96413e-07  -80
3900.01  1.96413e-07  -80
3905.01  1.96413e-07  -80
3910.01  1.96413e-07  -80
3915.01  1.96413e-07  -80
3920.01  1.96413e-07  -80
3925.01  1.96413e-07  -80
3930.01  1.96413e-07  -80
3935.01  1.96413e-07  -80
3940.01  1.96413e-07  -80
3945.01  1.96413e-07  -80
3950.01  1.96413e-07  -80
3955.01  1.96413e-07  -80
3960.01  1.96413e-07  -80
3965.01  1.96413e-07  -80
3970.01  1.96413e-07  -80
3975.01  1.96413e-07  -80
3980.01  1.96413e-07  -80
3985.01  1.96413e-07  -80
3990.01  1.96413e-07  -80
3995.01  1.96413e-07  -80
4000.01  1.96413e-07  -80
4005.01  1.96413e-07  -80
4010.01  1.96413e-07  -80
4015.01  1.96413e-07  -80
4020.01  1.96413e-07  -80
4025.01  1.96413e-07  -80
4030.01  1.96413e-07  -80
4035.01  1.96413e-07  -80
4040.01  1.96413e-07  -80
4045.01  1.96413e-07  -80
4050.01  1.96413e-07  -80
4055.01  1.96413e-07  -80
4060.01  1.96413e-07  -80
4065.01  1.96413e-07  -80
4070.01  1.96413e-07  -80
4075.01  1.96413e-07  -80
4080.01  1.96413e-07  -80
4085.01  1.96413e-07  -80
4090.01  1.96413e-07  -80
4095.01  1.96413e-07  -80
4100.01  1.96413e-07  -80
4105.01  1.96413e-07  -80
4110.01  1.96413e-07  -80
4115.01  1.96413e-07  -80
4120.01  1.96413e-07  -80
4125.01  1.96413e-07  -80
4130.01  1.96413e-07  -80
4135.01  1.96413e-07  -80
4140.01  1.96413e-07  -80
4145.01  1.96413e-07  -80
4150.01  1.96413e-07  -80
4155.01  1.96413e-07  -80
4160.01  1.96413e-07  -80
4165.01  1.96413e-07  -80
4170.01  1.96413e-07  -80
4175.01  1.96413e-07  -80
4180.01  1.96413e-07  -80
4185.01  1.96413e-07  -80
4190.01  1.96413e-07  -80
4195.01  1.96413e-07  -80
4200.01  1.96413e-07  -80
4205.01  1.96413e-07  -80
4210.01  1.96413e-07  -80
4215.01  1.96413e-07  -80
4220.01  1.96413e-07  -80
4225.01  1.96413e-07  -80
4230.01  1.96413e-07  -80
4235.01  1.96413e-07  -80
4240.01  1.96413e-07  -80
4245.01  1.96413e-07  -80
4250.01  1.96413e-07  -80
4255.01  1.96413e-07  -80
4260.01  1.96413e-07  -80
4265.01  1.96413e-07  -80
4270.01  1.96413e-07  -80
4275.01  1.96413e-07  -80
4280.01  1.96413e-07  -80
4285.01  1.96413e-07  -80
4290.01  1.96413e-07  -80
4295.01  1.96413e-07  -80
4300.01  1.96413e-07  -80
4305.01  1.96413e-07  -80
4310.01  1.96413e-07  -80
4315.01  1.96413e-07  -80
4320.01  1.96413e-07  -80
4325.01  1.96413e-07  -80
4330.01  1.96413e-07  -80
4335.01  1.96413e-07  -80
4340.01  1.96413e-07  -80
4345.01  1.96413e-07  -80
4350.01  1.96413e-07  -80
4355.01  1.96413e-07  -80
4360.01  1.96413e-07  -80
4365.01  1.96413e-07  -80
4370.01  1.96413e-07  -80
4375.01  1.96413e-07  -80
4380.01  1.96413e-07  -80
4385.01  1.96413e-07  -80
4390.01  1.96413e-07  -80
4395.01  1.96413e-07  -80
4400.01  1.96413e-07  -80
4405.01  1.96413e-07  -80
4410.01  1.96413e-07  -80
4415.01  1.96413e-07  -80
4420.01  1.96413e-07  -80
4425.01  1.96413e-07  -80
4430.01  1.96413e-07  -80
4435.01  1.96413e-07  -80
4440.01  1.96413e-07  -80
4445.01  1.96413e-07  -80
4450.01  1.96413e-07  -80
4455.01  1.96413e-07  -80
4460.01  1.96413e-07  -80
4465.01  1.96413e-07  -80
4470.01  1.96413e-07  -80
4475.01  1.96413e-07  -80
4480.01  1.96413e-07  -80
4485.01  1.96413e-07  -80
4490.01  1.96413e-07  -80
4495.01  1.96413e-07  -80
4500.01  1.96413e-07  -80
4505.01  1.96413e-07  -80
4510.01  1.96413e-07  -80
4515.01  1.96413e-07  -80
4520.01  1.96413e-07  -80
4525.01  1.96413e-07  -80
4530.01  1.96413e-07  -80
4535.01  1.96413e-07  -80
4540.01  1.96413e-07  -80
4545.01  1.96413e-07  -80
4550.01  1.96413e-07  -80
4555.01  1.96413e-07  -80
4560.01  1.96413e-07  -80
4565.01  1.96413e-07  -80
4570.01  1.96413e-07  -80
4575.01  1.96413e-07  -80
4580.01  1.96413e-07  -80
4585.01  1.96413e-07  -80
4590.01  1.96413e-07  -80
4595.01  1.96413e-07  -80
4600.01  1.96413e-07  -80
4605.01  1.96413e-07  -80
4610.01  1.96413e-07  -80
4615.01  1.96413e-07  -80
4620.01  1.96413e-07  -80
4625.01  1.96413e-07  -80
4630.01  1.96413e-07  -80
4635.01  1.96413e-07  -80
4640.01  1.96413e-07  -80
4645.01  1.96413e-07  -80
4650.01  1.96413e-07  -80
4655.01  1.96413e-07  -80
4660.01  1.96413e-07  -80
4665.01  1.96413e-07  -80
4670.01  1.96413e-07  -80
4675.01  1.96413e-07  -80
4680.01  1.96413e-07  -80
4685.01  1.96413e-07  -80
4690.01  1.96413e-07  -80
4695.01  1.96413e-07  -80
4700.01  1.96413e-07  -80
4705.01  1.96413e-07  -80
4710.01  1.96413e-07  -80
4715.01  1.96413e-07  -80
4720.01  1.96413e-07  -80
4725.01  1.96413e-07  -80
4730.01  1.96413e-07  -80
4735.01  1.96413e-07  -80
4740.01  1.96413e-07  -80
4745.01  1.96413e-07  -80
4750.01  1.96413e-07  -80
4755.01  1.96413e-07  -80
4760.01  1.96413e-07  -80
4765.01  1.96413e-07  -80
4770.01  1.96413e-07  -80
4775.01  1.96413e-07  -80
4780.01  1.96413e-07  -80
4785.01  1.96413e-07  -80
4790.01  1.96413e-07  -80
4795.01  1.96413e-07  -80
4800.01  1.96413e-07  -80
4805.01  1.96413e-07  -80
4810.01  1.96413e-07  -80
4815.01  1.96413e-07  -80
4820.01  1.96413e-07  -80
4825.01  1.96413e-07  -80
4830.01  1.96413e-07  -80
4835.01  1.96413e-07  -80
4840.01  1.96413e-07  -80
4845.01  1.96413e-07  -80
4850.01  1.96413e-07  -80
4855.01  1.96413e-07  -80
4860.01  1.96413e-07  -80
4865.01  1.96413e-07  -80
4870.01  1.96413e-07  -80
4875.01  1.96413e-07  -80
4880.01  1.96413e-07  -80
4885.01  1.96413e-07  -80
4890.01  1.96413e-07  -80
4895.01  1.96413e-07  -80
4900.01  1.96413e-07  -80
4905.01  1.96413e-07  -80
4910.01  1.96413e-07  -80
4915.01  1.96413e-07  -80
4920.01  1.96413e-07  -80
4925.01  1.96413e-07  -80
4930.01  1.96413e-07  -80
4935.01  1.96413e-07  -80
4940.01  1.96413e-07  -80
4945.01  1.96413e-07  -80
4950.01  1.96413e-07  -80
4955.01  1.96413e-07  -80
4960.01  1.96413e-07  -80
4965.01  1.96413e-07  -80
4970.01  1.96413e-07  -80
4975.01  1.96413e-07  -80
4980.01  1.96413e-07  -80
4985.01  1.96413e-07  -80
4990.01  1.96413e-07  -80
4995.01  1.96413e-07  -80
5000.01  1.96413e-07  -80
5005.01  1.96413e-07  -80
5010.01  1.96413e-07  -80
5015.01  1.96413e-07  -80
5020.01  1.96413e-07  -80
5025.01  1.96413e-07  -80
5030.01  1.96413e-07  -80
5035.01  1.96413e-07  -80
5040.01  1.96413e-07  -80
5045.01  1.96413e-07  -80
5050.01  1.96413e-07  -80
5055.01  1.96413e-07  -80
5060.01  1.96413e-07  -80
5065.01  1.96413e-07  -80
5070.01  1.96413e-07  -80
5075.01  1.96413e-07  -80
5080.01  1.96413e-07  -80
5085.01  1.96413e-07  -80
5090.01  1.96413e-07  -80
5095.01  1.96413e-07  -80
5100.01  1.96413e-07  -80
5105.01  1.96413e-07  -80
5110.01  1.96413e-07  -80
5115.01  1.96413e-07  -80
5120.01  1.96413e-07  -80
5125.01  1.96413e-07  -80
5130.01  1.96413e-07  -80
5135.01  1.96413e-07  -80
5140.01  1.96413e-07  -80
5145.01  1.96413e-07  -80
5150.01  1.96413e-07  -80
5155.01  1.96413e-07  -80
5160.01  1.96413e-07  -80
5165.01  1.96413e-07  -80
5170.01  1.96413e-07  -80
5175.01  1.96413e-07  -80
5180.01  1.96413e-07  -80
5185.01  1.96413e-07  -80
5190.01  1.96413e-07  -80
5195.01  1.96413e-07  -80
5200.01  1.96413e-07  -80
5205.01  1.96413e-07  -80
5210.01  1.96413e-07  -80
5215.01  1.96413e-07  -80
5220.01  1.96413e-07  -80
5225.01  1.96413e-07  -80
5230.01  1.96413e-07  -80
5235.01  1.96413e-07  -80
5240.01  1.96413e-07  -80
5245.01  1.96413e-07  -80
5250.01  1.96413e-07  -80
5255.01  1.96413e-07  -80
5260.01  1.96413e-07  -80
5265.01  1.96413e-07  -80
5270.01  1.96413e-07  -80
5275.01  1.96413e-07  -80
5280.01  1.96413e-07  -80
5285.01  1.96413e-07  -80
5290.01  1.96413e-07  -80
5295.01  1.96413e-07  -80
5300.01  1.96413e-07  -80
5305.01  1.96413e-07  -80
5310.01  1.96413e-07  -80
5315.01  1.96413e-07  -80
5320.01  1.96413e-07  -80
5325.01  1.96413e-07  -80
5330.01  1.96413e-07  -80
5335.01  1.96413e-07  -80
5340.01  1.96413e-07  -80
5345.01  1.96413e-07  -80
5350.01  1.96413e-07  -80
5355.01  1.96413e-07  -80
5360.01  1.96413e-07  -80
5365.01  1.96413e-07  -80
5370.01  1.96413e-07  -80
5375.01  1.96413e-07  -80
5380.01  1.96413e-07  -80
5385.01  1.96413e-07  -80
5390.01  1.96413e-07  -80
5395.01  1.96413e-07  -80
5400.01  1.96413e-07  -80
5405.01  1.96413e-07  -80
5410.01  1.96413e-07  -80
5415.01  1.96413e-07  -80
5420.01  1.96413e-07  -80
5425.01  1.96413e-07  -80
5430.01  1.96413e-07  -80
5435.01  1.96413e-07  -80
5440.01  1.96413e-07  -80
5445.01  1.96413e-07  -80
5450.01  1.96413e-07  -80
5455.01  1.96413e-07  -80
5460.01  1.96413e-07  -80
5465.01  1.96413e-07  -80
5470.01  1.96413e-07  -80
5475.01  1.96413e-07  -80
5480.01  1.96413e-07  -80
5485.01  1.96413e-07  -80
5490.01  1.96413e-07  -80
5495.01  1.96413e-07  -80
5500.01  1.96413e-07  -80
5505.01  1.96413e-07  -80
5510.01  1.96413e-07  -80
5515.01  1.96413e-07  -80
5520.01  1.96413e-07  -80
5525.01  1.96413e-07  -80
5530.01  1.96413e-07  -80
5535.01  1.96413e-07  -80
5540.01  1.96413e-07  -80
5545.01  1.96413e-07  -80
5550.01  1.96413e-07  -80
5555.01  1.96413e-07  -80
5560.01  1.96413e-07  -80
5565.01  1.96413e-07  -80
5570.01  1.96413e-07  -80
5575.01  1.96413e-07  -80
5580.01  1.96413e-07  -80
5585.01  1.96413e-07  -80
5590.01  1.96413e-07  -80
5595.01  1.96413e-07  -80
5600.01  1.96413e-07  -80
5605.01  1.96413e-07  -80
5610.01  1.96413e-07  -80
5615.01  1.96413e-07  -80
5620.01  1.96413e-07  -80
5625.01  1.96413e-07  -80
5630.01  1.96413e-07  -80
5635.01  1.96413e-07  -80
5640.01  1.96413e-07  -80
5645.01  1.96413e-07  -80
5650.01  1.96413e-07  -80
5655.01  1.96413e-07  -80
5660.01  1.96413e-07  -80
5665.01  1.96413e-07  -80
5670.01  1.96413e-07  -80
5675.01  1.96413e-07  -80
5680.01  1.96413e-07  -80
5685.01  1.96413e-07  -80
5690.01  1.96413e-07  -80
5695.01  1.96413e-07  -80
5700.01  1.96413e-07  -80
5705.01  1.96413e-07  -80
5710.01  1.96413e-07  -80
5715.01  1.96413e-07  -80
5720.01  1.96413e-07  -80
5725.01  1.96413e-07  -80
5730.01  1.96413e-07  -80
5735.01  1.96413e-07  -80
5740.01  1.96413e-07  -80
5745.01  1.96413e-07  -80
5750.01  1.96413e-07  -80
5755.01  1.96413e-07  -80
5760.01  1.96413e-07  -80
5765.01  1.96413e-07  -80
5770.01  1.96413e-07  -80
5775.01  1.96413e-07  -80
5780.01  1.96413e-07  -80
5785.01  1.96413e-07  -80
5790.01  1.96413e-07  -80
5795.01  1.96413e-07  -80
5800.01  1.96413e-07  -80
5805.01  1.96413e-07  -80
5810.01  1.96413e-07  -80
5815.01  1.96413e-07  -80
5820.01  1.96413e-07  -80
5825.01  1.96413e-07  -80
5830.01  1.96413e-07  -80
5835.01  1.96413e-07  -80
5840.01  1.96413e-07  -80
5845.01  1.96413e-07  -80
5850.01  1.96413e-07  -80
5855.01  1.96413e-07  -80
5860.01  1.96413e-07  -80
5865.01  1.96413e-07  -80
5870.01  1.96413e-07  -80
5875.01  1.96413e-07  -80
5880.01  1.96413e-07  -80
5885.01  1.96413e-07  -80
5890.01  1.96413e-07  -80
5895.01  1.96413e-07  -80
5900.01  1.96413e-07  -80
5905.01  1.96413e-07  -80
5910.01  1.96413e-07  -80
5915.01  1.96413e-07  -80
5920.01  1.96413e-07  -80
5925.01  1.96413e-07  -80
5930.01  1.96413e-07  -80
5935.01  1.96413e-07  -80
5940.01  1.96413e-07  -80
5945.01  1.96413e-07  -80
5950.01  1.96413e-07  -80
5955.01  1.96413e-07  -80
5960.01  1.96413e-07  -80
5965.01  1.96413e-07  -80
5970.01  1.96413e-07  -80
5975.01  1.96413e-07  -80
5980.01  1.96413e-07  -80
5985.01  1.96413e-07  -80
5990.01  1.96413e-07  -80
5995.01  1.96413e-07  -80
6000.01  1.96413e-07  -80
6005.01  1.96413e-07  -80
6010.01  1.96413e-07  -80
6015.01  1.96413e-07  -80
6020.01  1.96413e-07  -80
6025.01  1.96413e-07  -80
6030.01  1.96413e-07  -80
6035.01  1.96413e-07  -80
6040.01  1.96413e-07  -80
6045.01  1.96413e-07  -80
6050.01  1.96413e-07  -80
6055.01  1.96413e-07  -80
6060.01  1.96413e-07  -80
6065.01  1.96413e-07  -80
6070.01  1.96413e-07  -80
6075.01  1.96413e-07  -80
6080.01  1.96413e-07  -80
6085.01  1.96413e-07  -80
6090.01  1.96413e-07  -80
6095.01  1.96413e-07  -80
6100.01  1.96413e-07  -80
6105.01  1.96413e-07  -80
6110.01  1.96413e-07  -80
6115.01  1.96413e-07  -80
6120.01  1.96413e-07  -80
6125.01  1.96413e-07  -80
6130.01  1.96413e-07  -80
6135.01  1.96413e-07  -80
6140.01  1.96413e-07  -80
6145.01  1.96413e-07  -80
6150.01  1.96413e-07  -80
6155.01  1.96413e-07  -80
6160.01  1.96413e-07  -80
6165.01  1.96413e-07  -80
6170.01  1.96413e-07  -80
6175.01  1.96413e-07  -80
6180.01  1.96413e-07  -80
6185.01  1.96413e-07  -80
6190.01  1.96413e-07  -80
6195.01  1.96413e-07  -80
6200.01  1.96413e-07  -80
6205.01  1.96413e-07  -80
6210.01  1.96413e-07  -80
6215.01  1.96413e-07  -80
6220.01  1.96413e-07  -80
6225.01  1.96413e-07  -80
6230.01  1.96413e-07  -80
6235.01  1.96413e-07  -80
6240.01  1.96413e-07  -80
6245.01  1.96413e-07  -80
6250.01  1.96413e-07  -80
6255.01  1.96413e-07  -80
6260.01  1.96413e-07  -80
6265.01  1.96413e-07  -80
6270.01  1.96413e-07  -80
6275.01  1.96413e-07  -80
6280.01  1.96413e-07  -80
6285.01  1.96413e-07  -80
6290.01  1.96413e-07  -80
6295.01  1.96413e-07  -80
6300.01  1.96413e-07  -80
6305.01  1.96413e-07  -80
6310.01  1.96413e-07  -80
6315.01  1.96413e-07  -80
6320.01  1.96413e-07  -80
6325.01  1.96413e-07  -80
6330.01  1.96413e-07  -80
6335.01  1.96413e-07  -80
6340.01  1.96413e-07  -80
6345.01  1.96413e-07  -80
6350.01  1.96413e-07  -80
6355.01  1.96413e-07  -80
6360.01  1.96413e-07  -80
6365.01  1.96413e-07  -80
6370.01  1.96413e-07  -80
6375.01  1.96413e-07  -80
6380.01  1.96413e-07  -80
6385.01  1.96413e-07  -80
6390.01  1.96413e-07  -80
6395.01  1.96413e-07  -80
6400.01  1.96413e-07  -80
6405.01  1.96413e-07  -80
6410.01  1.96413e-07  -80
6415.01  1.96413e-07  -80
6420.01  1.96413e-07  -80
6425.01  1.96413e-07  -80
6430.01  1.96413e-07  -80
6435.01  1.96413e-07  -80
6440.01  1.96413e-07  -80
6445.01  1.96413e-07  -80
6450.01  1.96413e-07  -80
6455.01  1.96413e-07  -80
6460.01  1.96413e-07  -80
6465.01  1.96413e-07  -80
6470.01  1.96413e-07  -80
6475.01  1.96413e-07  -80
6480.01  1.96413e-07  -80
6485.01  1.96413e-07  -80
6490.01  1.96413e-07  -80
6495.01  1.96413e-07  -80
6500.01  1.96413e-07  -80
6505.01  1.96413e-07  -80
6510.01  1.96413e-07  -80
6515.01  1.96413e-07  -80
6520.01  1.96413e-07  -80
6525.01  1.96413e-07  -80
6530.01  1.96413e-07  -80
6535.01  1.96413e-07  -80
6540.01  1.96413e-07  -80
6545.01  1.96413e-07  -80
6550.01  1.96413e-07  -80
6555.01  1.96413e-07  -80
6560.01  1.96413e-07  -80
6565.01  1.96413e-07  -80
6570.01  1.96413e-07  -80
6575.01  1.96413e-07  -80
6580.01  1.96413e-07  -80
6585.01  1.96413e-07  -80
6590.01  1.96413e-07  -80
6595.01  1.96413e-07  -80
6600.01  1.96413e-07  -80
6605.01  1.96413e-07  -80
6610.01  1.96413e-07  -80
6615.01  1.96413e-07  -80
6620.01  1.96413e-07  -80
6625.01  1.96413e-07  -80
6630.01  1.96413e-07  -80
6635.01  1.96413e-07  -80
6640.01  1.96413e-07  -80
6645.01  1.96413e-07  -80
6650.01  1.96413e-07  -80
6655.01  1.96413e-07  -80
6660.01  1.96413e-07  -80
6665.01  1.96413e-07  -80
6670.01  1.96413e-07  -80
6675.01  1.96413e-07  -80
6680.01  1.96413e-07  -80
6685.01  1.96413e-07  -80
6690.01  1.96413e-07  -80
6695.01  1.96413e-07  -80
6700.01  1.96413e-07  -80
6705.01  1.96413e-07  -80
6710.01  1.96413e-07  -80
6715.01  1.96413e-07  -80
6720.01  1.96413e-07  -80
6725.01  1.96413e-07  -80
6730.01  1.96413e-07  -80
6735.01  1.96413e-07  -80
6740.01  1.96413e-07  -80
6745.01  1.96413e-07  -80
6750.01  1.96413e-07  -80
6755.01  1.96413e-07  -80
6760.01  1.96413e-07  -80
6765.01  1.96413e-07  -80
6770.01  1.96413e-07  -80
6775.01  1.96413e-07  -80
6780.01  1.96413e-07  -80
6785.01  1.96413e-07  -80
6790.01  1.96413e-07  -80
6795.01  1.96413e-07  -80
6800.01  1.96413e-07  -80
6805.01  1.96413e-07  -80
6810.01  1.96413e-07  -80
6815.01  1.96413e-07  -80
6820.01  1.96413e-07  -80
6825.01  1.96413e-07  -80
6830.01  1.96413e-07  -80
6835.01  1.96413e-07  -80
6840.01  1.96413e-07  -80
6845.01  1.96413e-07  -80
6850.01  1.96413e-07  -80
6855.01  1.96413e-07  -80
6860.01  1.96413e-07  -80
6865.01  1.96413e-07  -80
6870.01  1.96413e-07  -80
6875.01  1.96413e-07  -80
6880.01  1.96413e-07  -80
6885.01  1.96413e-07  -80
6890.01  1.96413e-07  -80
6895.01  1.96413e-07  -80
6900.01  1.96413e-07  -80
6905.01  1.96413e-07  -80
6910.01  1.96413e-07  -80
6915.01  1.96413e-07  -80
6920.01  1.96413e-07  -80
6925.01  1.96413e-07  -80
6930.01  1.96413e-07  -80
6935.01  1.96413e-07  -80
6940.01  1.96413e-07  -80
6945.01  1.96413e-07  -80
6950.01  1.96413e-07  -80
6955.01  1.96413e-07  -80
6960.01  1.96413e-07  -80
6965.01  1.96413e-07  -80
6970.01  1.96413e-07  -80
6975.01  1.96413e-07  -80
6980.01  1.96413e-07  -80
6985.01  1.96413e-07  -80
6990.01  1.96413e-07  -80
6995.01  1.96413e-07  -80
7000.01  1.96413e-07  -80
7005.01  1.96413e-07  -80
7010.01  1.96413e-07  -80
7015.01  1.96413e-07  -80
7020.01  1.96413e-07  -80
7025.01  1.96413e-07  -80
7030.01  1.96413e-07  -80
7035.01  1.96413e-07  -80
7040.01  1.96413e-07  -80
7045.01  1.96413e-07  -80
7050.01  1.96413e-07  -80
7055.01  1.96413e-07  -80
7060.01  1.96413e-07  -80
7065.01  1.96413e-07  -80
7070.01  1.96413e-07  -80
7075.01  1.96413e-07  -80
7080.01  1.96413e-07  -80
7085.01  1.96413e-07  -80
7090.01  1.96413e-07  -80
7095.01  1.96413e-07  -80
7100.01  1.96413e-07  -80
7105.01  1.96413e-07  -80
7110.01  1.96413e-07  -80
7115.01  1.96413e-07  -80
7120.01  1.96413e-07  -80
7125.01  1.96413e-07  -80
7130.01  1.96413e-07  -80
7135.01  1.96413e-07  -80
7140.01  1.96413e-07  -80
7145.01  1.96413e-07  -80
7150.01  1.96413e-07  -80
7155.01  1.96413e-07  -80
7160.01  1.96413e-07  -80
7165.01  1.96413e-07  -80
7170.01  1.96413e-07  -80
7175.01  1.96413e-07  -80
7180.01  1.96413e-07  -80
7185.01  1.96413e-07  -80
7190.01  1.96413e-07  -80
7195.01  1.96413e-07  -80
7200.01  1.96413e-07  -80
7205.01  1.96413e-07  -80
7210.01  1.96413e-07  -80
7215.01  1.96413e-07  -80
7220.01  1.96413e-07  -80
7225.01  1.96413e-07  -80
7230.01  1.96413e-07  -80
7235.01  1.96413e-07  -80
7240.01  1.96413e-07  -80
7245.01  1.96413e-07  -80
7250.01  1.96413e-07  -80
7255.01  1.96413e-07  -80
7260.01  1.96413e-07  -80
7265.01  1.96413e-07  -80
7270.01  1.96413e-07  -80
7275.01  1.96413e-07  -80
7280.01  1.96413e-07  -80
7285.01  1.96413e-07  -80
7290.01  1.96413e-07  -80
7295.01  1.96413e-07  -80
7300.01  1.96413e-07  -80
7305.01  1.96413e-07  -80
7310.01  1.96413e-07  -80
7315.01  1.96413e-07  -80
7320.01  1.96413e-07  -80
7325.01  1.96413e-07  -80
7330.01  1.96413e-07  -80
7335.01  1.96413e-07  -80
7340.01  1.96413e-07  -80
7345.01  1.96413e-07  -80
7350.01  1.96413e-07  -80
7355.01  1.96413e-07  -80
7360.01  1.96413e-07  -80
7365.01  1.96413e-07  -80
7370.01  1.96413e-07  -80
7375.01  1.96413e-07  -80
7380.01  1.96413e-07  -80
7385.01  1.96413e-07  -80
7390.01  1.96413e-07  -80
7395.01  1.96413e-07  -80
7400.01  1.96413e-07  -80
7405.01  1.96413e-07  -80
7410.01  1.96413e-07  -80
7415.01  1.96413e-07  -80
7420.01  1.96413e-07  -80
7425.01  1.96413e-07  -80
7430.01  1.96413e-07  -80
7435.01  1.96413e-07  -80
7440.01  1.96413e-07  -80
7445.01  1.96413e-07  -80
7450.01  1.96413e-07  -80
7455.01  1.96413e-07  -80
7460.01  1.96413e-07  -80
7465.01  1.96413e-07  -80
7470.01  1.96413e-07  -80
7475.01  1.96413e-07  -80
7480.01  1.96413e-07  -80
7485.01  1.96413e-07  -80
7490.01  1.96413e-07  -80
7495.01  1.96413e-07  -80
7500.01  1.96413e-07  -80
7505.01  1.96413e-07  -80
7510.01  1.96413e-07  -80
7515.01  1.96413e-07  -80
7520.01  1.96413e-07  -80
7525.01  1.96413e-07  -80
7530.01  1.96413e-07  -80
7535.01  1.96413e-07  -80
7540.01  1.96413e-07  -80
7545.01  1.96413e-07  -80
7550.01  1.96413e-07  -80
7555.01  1.96413e-07  -80
7560.01  1.96413e-07  -80
7565.01  1.96413e-07  -80
7570.01  1.96413e-07  -80
7575.01  1.96413e-07  -80
7580.01  1.96413e-07  -80
7585.01  1.96413e-07  -80
7590.01  1.96413e-07  -80
7595.01  1.96413e-07  -80
7600.01  1.96413e-07  -80
7605.01  1.96413e-07  -80
7610.01  1.96413e-07  -80
7615.01  1.96413e-07  -80
7620.01  1.96413e-07  -80
7625.01  1.96413e-07  -80
7630.01  1.96413e-07  -80
7635.01  1.96413e-07  -80
7640.01  1.96413e-07  -80
7645.01  1.96413e-07  -80
7650.01  1.96413e-07  -80
7655.01  1.96413e-07  -80
7660.01  1.96413e-07  -80
7665.01  1.96413e-07  -80
7670.01  1.96413e-07  -80
7675.01  1.96413e-07  -80
7680.01  1.96413e-07  -80
7685.01  1.96413e-07  -80
7690.01  1.96413e-07  -80
7695.01  1.96413e-07  -80
7700.01  1.96413e-07  -80
7705.01  1.96413e-07  -80
7710.01  1.96413e-07  -80
7715.01  1.96413e-07  -80
7720.01  1.96413e-07  -80
7725.01  1.96413e-07  -80
7730.01  1.96413e-07  -80
7735.01  1.96413e-07  -80
7740.01  1.96413e-07  -80
7745.01  1.96413e-07  -80
7750.01  1.96413e-07  -80
7755.01  1.96413e-07  -80
7760.01  1.96413e-07  -80
7765.01  1.96413e-07  -80
7770.01  1.96413e-07  -80
7775.01  1.96413e-07  -80
7780.01  1.96413e-07  -80
7785.01  1.96413e-07  -80
7790.01  1.96413e-07  -80
7795.01  1.96413e-07  -80
7800.01  1.96413e-07  -80
7805.01  1.96413e-07  -80
7810.01  1.96413e-07  -80
7815.01  1.96413e-07  -80
7820.01  1.96413e-07  -80
7825.01  1.96413e-07  -80
7830.01  1.96413e-07  -80
7835.01  1.96413e-07  -80
7840.01  1.96413e-07  -80
7845.01  1.96413e-07  -80
7850.01  1.96413e-07  -80
7855.01  1.96413e-07  -80
7860.01  1.96413e-07  -80
7865.01  1.96413e-07  -80
7870.01  1.96413e-07  -80
7875.01  1.96413e-07  -80
7880.01  1.96413e-07  -80
7885.01  1.96413e-07  -80
7890.01  1.96413e-07  -80
7895.01  1.96413e-07  -80
7900.01  1.96413e-07  -80
7905.01  1.96413e-07  -80
7910.01  1.96413e-07  -80
7915.01  1.96413e-07  -80
7920.01  1.96413e-07  -80
7925.01  1.96413e-07  -80
7930.01  1.96413e-07  -80
7935.01  1.96413e-07  -80
7940.01  1.96413e-07  -80
7945.01  1.96413e-07  -80
7950.01  1.96413e-07  -80
7955.01  1.96413e-07  -80
7960.01  1.96413e-07  -80
7965.01  1.96413e-07  -80
7970.01  1.96413e-07  -80
7975.01  1.96413e-07  -80
7980.01  1.96413e-07  -80
7985.01  1.96413e-07  -80
7990.01  1.96413e-07  -80
7995.01  1.96413e-07  -80
8000.01  1.96413e-07  -80
8005.01  1.96413e-07  -80
8010.01  1.96413e-07  -80
8015.01  1.96413e-07  -80
8020.01  1.96413e-07  -80
8025.01  1.96413e-07  -80
8030.01  1.96413e-07  -80
8035.01  1.96413e-07  -80
8040.01  1.96413e-07  -80
8045.01  1.96413e-07  -80
8050.01  1.96413e-07  -80
8055.01  1.96413e-07  -80
8060.01  1.96413e-07  -80
8065.01  1.96413e-07  -80
8070.01  1.96413e-07  -80
8075.01  1.96413e-07  -80
8080.01  1.96413e-07  -80
8085.01  1.96413e-07  -80
8090.01  1.96413e-07  -80
8095.01  1.96413e-07  -80
8100.01  1.96413e-07  -80
8105.01  1.96413e-07  -80
8110.01  1.96413e-07  -80
8115.01  1.96413e-07  -80
8120.01  1.96413e-07  -80
8125.01  1.96413e-07  -80
8130.01  1.96413e-07  -80
8135.01  1.96413e-07  -80
8140.01  1.96413e-07  -80
8145.01  1.96413e-07  -80
8150.01  1.96413e-07  -80
8155.01  1.96413e-07  -80
8160.01  1.96413e-07  -80
8165.01  1.96413e-07  -80
8170.01  1.96413e-07  -80
8175.01  1.96413e-07  -80
8180.01  1.96413e-07  -80
8185.01  1.96413e-07  -80
8190.01  1.96413e-07  -80
8195.01  1.96413e-07  -80
8200.01  1.96413e-07  -80
8205.01  1.96413e-07  -80
8210.01  1.96413e-07  -80
8215.01  1.96413e-07  -80
8220.01  1.96413e-07  -80
8225.01  1.96413e-07  -80
8230.01  1.96413e-07  -80
8235.01  1.96413e-07  -80
8240.01  1.96413e-07  -80
8245.01  1.96413e-07  -80
8250.01  1.96413e-07  -80
8255.01  1.96413e-07  -80
8260.01  1.96413e-07  -80
8265.01  1.96413e-07  -80
8270.01  1.96413e-07  -80
8275.01  1.96413e-07  -80
8280.01  1.96413e-07  -80
8285.01  1.96413e-07  -80
8290.01  1.96413e-07  -80
8295.01  1.96413e-07  -80
8300.01  1.96413e-07  -80
8305.01  1.96413e-07  -80
8310.01  1.96413e-07  -80
8315.01  1.96413e-07  -80
8320.01  1.96413e-07  -80
8325.01  1.96413e-07  -80
8330.01  1.96413e-07  -80
8335.01  1.96413e-07  -80
8340.01  1.96413e-07  -80
8345.01  1.96413e-07  -80
8350.01  1.96413e-07  -80
8355.01  1.96413e-07  -80
8360.01  1.96413e-07  -80
8365.01  1.96413e-07  -80
8370.01  1.96413e-07  -80
8375.01  1.96413e-07  -80
8380.01  1.96413e-07  -80
8385.01  1.96413e-07  -80
8390.01  1.96413e-07  -80
8395.01  1.96413e-07  -80
8400.01  1.96413e-07  -80
8405.01  1.96413e-07  -80
8410.01  1.96413e-07  -80
8415.01  1.96413e-07  -80
8420.01  1.96413e-07  -80
8425.01  1.96413e-07  -80
8430.01  1.96413e-07  -80
8435.01  1.96413e-07  -80
8440.01  1.96413e-07  -80
8445.01  1.96413e-07  -80
8450.01  1.96413e-07  -80
8455.01  1.96413e-07  -80
8460.01  1.96413e-07  -80
8465.01  1.96413e-07  -80
8470.01  1.96413e-07  -80
8475.01  1.96413e-07  -80
8480.01  1.96413e-07  -80
8485.01  1.96413e-07  -80
8490.01  1.96413e-07  -80
8495.01  1.96413e-07  -80
8500.01  1.96413e-07  -80
8505.01  1.96413e-07  -80
8510.01  1.96413e-07  -80
8515.01  1.96413e-07  -80
8520.01  1.96413e-07  -80
8525.01  1.96413e-07  -80
8530.01  1.96413e-07  -80
8535.01  1.96413e-07  -80
8540.01  1.96413e-07  -80
8545.01  1.96413e-07  -80
8550.01  1.96413e-07  -80
8555.01  1.96413e-07  -80
8560.01  1.96413e-07  -80
8565.01  1.96413e-07  -80
8570.01  1.96413e-07  -80
8575.01  1.96413e-07  -80
8580.01  1.96413e-07  -80
8585.01  1.96413e-07  -80
8590.01  1.96413e-07  -80
8595.01  1.96413e-07  -80
8600.01  1.96413e-07  -80
8605.01  1.96413e-07  -80
8610.01  1.96413e-07  -80
8615.01  1.96413e-07  -80
8620.01  1.96413e-07  -80
8625.01  1.96413e-07  -80
8630.01  1.96413e-07  -80
8635.01  1.96413e-07  -80
8640.01  1.96413e-07  -80
8645.01  1.96413e-07  -80
8650.01  1.96413e-07  -80
8655.01  1.96413e-07  -80
8660.01  1.96413e-07  -80
8665.01  1.96413e-07  -80
8670.01  1.96413e-07  -80
8675.01  1.96413e-07  -80
8680.01  1.96413e-07  -80
8685.01  1.96413e-07  -80
8690.01  1.96413e-07  -80
8695.01  1.96413e-07  -80
8700.01  1.96413e-07  -80
8705.01  1.96413e-07  -80
8710.01  1.96413e-07  -80
8715.01  1.96413e-07  -80
8720.01  1.96413e-07  -80
8725.01  1.96413e-07  -80
8730.01  1.96413e-07  -80
8735.01  1.96413e-07  -80
8740.01  1.96413e-07  -80
8745.01  1.96413e-07  -80
8750.01  1.96413e-07  -80
8755.01  1.96413e-07  -80
8760.01  1.96413e-07  -80
8765.01  1.96413e-07  -80
8770.01  1.96413e-07  -80
8775.01  1.96413e-07  -80
8780.01  1.96413e-07  -80
8785.01  1.96413e-07  -80
8790.01  1.96413e-07  -80
8795.01  1.96413e-07  -80
8800.01  1.96413e-07  -80
8805.01  1.96413e-07  -80
8810.01  1.96413e-07  -80
8815.01  1.96413e-07  -80
8820.01  1.96413e-07  -80
8825.01  1.96413e-07  -80
8830.01  1.96413e-07  -80
8835.01  1.96413e-07  -80
8840.01  1.96413e-07  -80
8845.01  1.96413e-07  -80
8850.01  1.96413e-07  -80
8855.01  1.96413e-07  -80
8860.01  1.96413e-07  -80
8865.01  1.96413e-07  -80
8870.01  1.96413e-07  -80
8875.01  1.96413e-07  -80
8880.01  1.96413e-07  -80
8885.01  1.96413e-07  -80
8890.01  1.96413e-07  -80
8895.01  1.96413e-07  -80
8900.01  1.96413e-07  -80
8905.01  1.96413e-07  -80
8910.01  1.96413e-07  -80
8915.01  1.96413e-07  -80
8920.01  1.96413e-07  -80
8925.01  1.96413e-07  -80
8930.01  1.96413e-07  -80
8935.01  1.96413e-07  -80
8940.01  1.96413e-07  -80
8945.01  1.96413e-07  -80
8950.01  1.96413e-07  -80
8955.01  1.96413e-07  -80
8960.01  1.96413e-07  -80
8965.01  1.96413e-07  -80
8970.01  1.96413e-07  -80
8975.01  1.96413e-07  -80
8980.01  1.96413e-07  -80
8985.01  1.96413e-07  -80
8990.01  1.96413e-07  -80
8995.01  1.96413e-07  -80
9000.01  1.96413e-07  -80
9005.01  1.96413e-07  -80
9010.01  1.96413e-07  -80
9015.01  1.96413e-07  -80
9020.01  1.96413e-07  -80
9025.01  1.96413e-07  -80
9030.01  1.96413e-07  -80
9035.01  1.96413e-07  -80
9040.01  1.96413e-07  -80
9045.01  1.96413e-07  -80
9050.01  1.96413e-07  -80
9055.01  1.96413e-07  -80
9060.01  1.96413e-07  -80
9065.01  1.96413e-07  -80
9070.01  1.96413e-07  -80
9075.01  1.96413e-07  -80
9080.01  1.96413e-07  -80
9085.01  1.96413e-07  -80
9090.01  1.96413e-07  -80
9095.01  1.96413e-07  -80
9100.01  1.96413e-07  -80
9105.01  1.96413e-07  -80
9110.01  1.96413e-07  -80
9115.01  1.96413e-07  -80
9120.01  1.96413e-07  -80
9125.01  1.96413e-07  -80
9130.01  1.96413e-07  -80
9135.01  1.96413e-07  -80
9140.01  1.96413e-07  -80
9145.01  1.96413e-07  -80
9150.01  1.96413e-07  -80
9155.01  1.96413e-07  -80
9160.01  1.96413e-07  -80
9165  1.96413e-07  -80
9170  1.96413e-07  -80
9175  1.96413e-07  -80
9180  1.96413e-07  -80
9185  1.96413e-07  -80
9190  1.96413e-07  -80
9195  1.96413e-07  -80
9200  1.96413e-07  -80
9205  1.96413e-07  -80
9210  1.96413e-07  -80
9215  1.96413e-07  -80
9220  1.96413e-07  -80
9225  1.96413e-07  -80
9230  1.96413e-07  -80
9235  1.96413e-07  -80
9240  1.96413e-07  -80
9245  1.96413e-07  -80
9250  1.96413e-07  -80
9255  1.96413e-07  -80
9260  1.96413e-07  -80
9265  1.96413e-07  -80
9270  1.96413e-07  -80
9275  1.96413e-07  -80
9280  1.96413e-07  -80
9285  1.96413e-07  -80
9290  1.96413e-07  -80
9295  1.96413e-07  -80
9300  1.96413e-07  -80
9305  1.96413e-07  -80
9310  1.96413e-07  -80
9315  1.96413e-07  -80
9320  1.96413e-07  -80
9325  1.96413e-07  -80
9330  1.96413e-07  -80
9335  1.96413e-07  -80
9340  1.96413e-07  -80
9345  1.96413e-07  -80
9350  1.96413e-07  -80
9355  1.96413e-07  -80
9360  1.96413e-07  -80
9365  1.96413e-07  -80
9370  1.96413e-07  -80
9375  1.96413e-07  -80
9380  1.96413e-07  -80
9385  1.96413e-07  -80
9390  1.96413e-07  -80
9395  1.96413e-07  -80
9400  1.96413e-07  -80
9405  1.96413e-07  -80
9410  1.96413e-07  -80
9415  1.96413e-07  -80
9420  1.96413e-07  -80
9425  1.96413e-07  -80
9430  1.96413e-07  -80
9435  1.96413e-07  -80
9440  1.96413e-07  -80
9445  1.96413e-07  -80
9450  1.96413e-07  -80
9455  1.96413e-07  -80
9460  1.96413e-07  -80
9465  1.96413e-07  -80
9470  1.96413e-07  -80
9475  1.96413e-07  -80
9480  1.96413e-07  -80
9485  1.96413e-07  -80
9490  1.96413e-07  -80
9495  1.96413e-07  -80
9500  1.96413e-07  -80
9505  1.96413e-07  -80
9510  1.96413e-07  -80
9515  1.96413e-07  -80
9520  1.96413e-07  -80
9525  1.96413e-07  -80
9530  1.96413e-07  -80
9535  1.96413e-07  -80
9540  1.96413e-07  -80
9545  1.96413e-07  -80
9550  1.96413e-07  -80
9555  1.96413e-07  -80
9560  1.96413e-07  -80
9565  1.96413e-07  -80
9570  1.96413e-07  -80
9575  1.96413e-07  -80
9580  1.96413e-07  -80
9585  1.96413e-07  -80
9590  1.96413e-07  -80
9595  1.96413e-07  -80
9600  1.96413e-07  -80
9605  1.96413e-07  -80
9610  1.96413e-07  -80
9615  1.96413e-07  -80
9620  1.96413e-07  -80
9625  1.96413e-07  -80
9630  1.96413e-07  -80
9635  1.96413e-07  -80
9640  1.96413e-07  -80
9645  1.96413e-07  -80
9650  1.96413e-07  -80
9655  1.96413e-07  -80
9660  1.96413e-07  -80
9665  1.96413e-07  -80
9670  1.96413e-07  -80
9675  1.96413e-07  -80
9680  1.96413e-07  -80
9685  1.96413e-07  -80
9690  1.96413e-07  -80
9695  1.96413e-07  -80
9700  1.96413e-07  -80
9705  1.96413e-07  -80
9710  1.96413e-07  -80
9715  1.96413e-07  -80
9720  1.96413e-07  -80
9725  1.96413e-07  -80
9730  1.96413e-07  -80
9735  1.96413e-07  -80
9740  1.96413e-07  -80
9745  1.96413e-07  -80
9750  1.96413e-07  -80
9755  1.96413e-07  -80
9760  1.96413e-07  -80
9765  1.96413e-07  -80
9770  1.96413e-07  -80
9775  1.96413e-07  -80
9780  1.96413e-07  -80
9785  1.96413e-07  -80
9790  1.96413e-07  -80
9795  1.96413e-07  -80
9800  1.96413e-07  -80
9805  1.96413e-07  -80
9810  1.96413e-07  -80
9815  1.96413e-07  -80
9820  1.96413e-07  -80
9825  1.96413e-07  -80
9830  1.96413e-07  -80
9835  1.96413e-07  -80
9840  1.96413e-07  -80
9845  1.96413e-07  -80
9850  1.96413e-07  -80
9855  1.96413e-07  -80
9860  1.96413e-07  -80
9865  1.96413e-07  -80
9870  1.96413e-07  -80
9875  1.96413e-07  -80
9880  1.96413e-07  -80
9885  1.96413e-07  -80
9890  1.96413e-07  -80
9895  1.96413e-07  -80
9900  1.96413e-07  -80
9905  1.96413e-07  -80
9910  1.96413e-07  -80
9915  1.96413e-07  -80
9920  1.96413e-07  -80
9925  1.96413e-07  -80
9930  1.96413e-07  -80
9935  1.96413e-07  -80
9940  1.96413e-07  -80
9945  1.96413e-07  -80
9950  1.96413e-07  -80
9955  1.96413e-07  -80
9960  1.96413e-07  -80
9965  1.96413e-07  -80
9970  1.96413e-07  -80
9975  1.96413e-07  -80
9980  1.96413e-07  -80
9985  1.96413e-07  -80
9990  1.96413e-07  -80
9995  1.96413e-07  -80
10000  6.54411e-06  40
10005  0.000916641  40
10010  0.00406805  40
10015  0.00908548  40
10020  0.014949  40
10025  0.0208519  40
10030  0.0263038  40
10035  0.0310586  40
10040  0.0350285  40
10045  0.0382184  40
10050  0.0406829  40
10055  0.0424995  40
10060  0.0437526  40
10065  0.0445256  40
10070  0.0448957  40
10075  0.044932  40
10080  0.0446953  40
10085  0.044238  40
10090  0.0436048  40
10095  0.0428337  40
10100  0.0419564  40
10105  0.0409997  40
10110  0.0399855  40
10115  0.0389321  40
10120  0.0378547  40
10125  0.0367655  40
10130  0.0356746  40
10135  0.0345899  40
10140  0.033518  40
10145  0.032464  40
10150  0.0314318  40
10155  0.0304245  40
10160  0.0294444  40
10165  0.0284931  40
10170  0.0275717  40
10175  0.0266809  40
10180  0.0258211  40
10185  0.0249923  40
10190  0.0241943  40
10195  0.0234267  40
10200  0.0226891  40
10205  0.0219808  40
10210  0.0213011  40
10215  0.0206493  40
10220  0.0200244  40
10225  0.0194258  40
10230  0.0188524  40
10235  0.0183034  40
10240  0.017778  40
10245  0.0172753  40
10250  0.0167943  40
10255  0.0163343  40
10260  0.0158944  40
10265  0.0154737  40
10270  0.0150716  40
10275  0.0146873  40
10280  0.0143199  40
10285  0.0139688  40
10290  0.0136333  40
10295  0.0133128  40
10300  0.0130064  40
10305  0.0127138  40
10310  0.0124342  40
10315  0.0121671  40
10320  0.011912  40
10325  0.0116682  40
10330  0.0114354  40
10335  0.011213  40
10340  0.0110006  40
10345  0.0107977  40
10350  0.0106039  40
10355  0.0104188  40
10360  0.010242  40
10365  0.0100731  40
10370  0.00991183  40
10375  0.0097578  40
10380  0.00961069  40
10385  0.00947019  40
10390  0.009336  40
10395  0.00920785  40
10400  0.00908546  40
10405  0.00896856  40
10410  0.00885693  40
10415  0.00875031  40
10420  0.00864849  40
10425  0.00855125  40
10430  0.00845838  40
10435  0.00836968  40
10440  0.00828498  40
10445  0.00820408  40
10450  0.00812683  40
10455  0.00805304  40
10460  0.00798258  40
10465  0.00791529  40
10470  0.00785102  40
10475  0.00778965  40
10480  0.00773103  40
10485  0.00767505  40
10490  0.0076216  40
10495  0.00757054  40
10500  0.00752178  40
10505  0.00747522  40
10510  0.00743075  40
10515  0.00738828  40
10520  0.00734772  40
10525  0.00730899  40
10530  0.00727199  40
10535  0.00723667  40
10540  0.00720293  40
10545  0.00717071  40
10550  0.00713994  40
10555  0.00711055  40
10560  0.00708249  40
10565  0.00705569  40
10570  0.00703009  40
10575  0.00700565  40
10580  0.0069823  40
10585  0.00696001  40
10590  0.00693871  40
10595  0.00691838  40
10600  0.00689896  40
10605  0.00688042  40
10610  0.00686271  40
10615  0.00684579  40
10620  0.00682964  40
10625  0.00681421  40
10630  0.00679948  40
10635  0.00678541  40
10640  0.00677197  40
10645  0.00675914  40
10650  0.00674689  40
10655  0.00673518  40
10660  0.006724  40
10665  0.00671333  40
10670  0.00670314  40
10675  0.0066934  40
10680  0.0066841  40
10685  0.00667522  40
10690  0.00666674  40
10695  0.00665865  40
10700  0.00665091  40
10705  0.00664353  40
10710  0.00663647  40
10715  0.00662974  40
10720  0.0066233  40
10725  0.00661716  40
10730  0.00661129  40
10735  0.00660569  40
10740  0.00660034  40
10745  0.00659523  40
10750  0.00659035  40
10755  0.00658568  40
10760  0.00658123  40
10765  0.00657698  40
10770  0.00657292  40
10775  0.00656904  40
10780  0.00656534  40
10785  0.00656181  40
10790  0.00655843  40
10795  0.0065552  40
10800  0.00655212  40
10805  0.00654918  40
10810  0.00654637  40
10815  0.00654369  40
10820  0.00654113  40
10825  0.00653868  40
10830  0.00653634  40
10835  0.00653411  40
10840  0.00653198  40
10845  0.00652995  40
10850  0.006528  40
10855  0.00652615  40
10860  0.00652437  40
10865  0.00652268  40
10870  0.00652106  40
10875  0.00651952  40
10880  0.00651804  40
10885  0.00651664  40
10890  0.00651529  40
10895  0.00651401  40
10900  0.00651278  40
10905  0.00651161  40
10910  0.00651049  40
10915  0.00650942  40
10920  0.0065084  40
10925  0.00650743  40
10930  0.00650649  40
10935  0.00650561  40
10940  0.00650476  40
10945  0.00650395  40
10950  0.00650317  40
10955  0.00650243  40
10960  0.00650173  40
10965  0.00650105  40
10970  0.00650041  40
10975  0.00649979  40
10980  0.00649921  40
10985  0.00649865  40
10990  0.00649811  40
10995  0.0064976  40
11000  -0.00245532  -120
11000  0.00167479  -60
11005  0.0428895  -60
11010  0.0756246  -60
11015  0.10155  -60
11020  0.122006  -60
11025  0.138071  -60
11030  0.150612  -60
11035  0.160323  -60
11040  0.167765  -60
11045  0.173386  -60
11050  0.177548  -60
11055  0.18054  -60
11060  0.182596  -60
11065  0.183902  -60
11070  0.184609  -60
11075  0.184838  -60
11080  0.184685  -60
11085  0.18423  -60
11090  0.183534  -60
11095  0.182648  -60
11100  0.181612  -60
11105  0.180459  -60
11110  0.179214  -60
11115  0.177898  -60
11120  0.176529  -60
11125  0.17512  -60
11130  0.173681  -60
11135  0.172221  -60
11140  0.170747  -60
11145  0.169264  -60
11150  0.167778  -60
11155  0.166291  -60
11160  0.164806  -60
11165  0.163326  -60
11170  0.161851  -60
11175  0.160385  -60
11180  0.158927  -60
11185  0.157479  -60
11190  0.156041  -60
11195  0.154614  -60
11200  0.153198  -60
11205  0.151793  -60
11210  0.1504  -60
11215  0.149019  -60
11220  0.14765  -60
11225  0.146293  -60
11230  0.144948  -60
11235  0.143614  -60
11240  0.142293  -60
11245  0.140984  -60
11250  0.139686  -60
11255  0.1384  -60
11260  0.137126  -60
11265  0.135863  -60
11270  0.134612  -60
11275  0.133373  -60
11280  0.132145  -60
11285  0.130928  -60
11290  0.129722  -60
11295  0.128527  -60
11300  0.127344  -60
11305  0.126171  -60
11310  0.125009  -60
11315  0.123858  -60
11320  0.122717  -60
11325  0.121587  -60
11330  0.120467  -60
11335  0.119358  -60
11340  0.118258  -60
11345  0.117169  -60
11350  0.11609  -60
11355  0.115021  -60
11360  0.113962  -60
11365  0.112912  -60
11370  0.111872  -60
11375  0.110842  -60
11380  0.109821  -60
11385  0.10881  -60
11390  0.107808  -60
11395  0.106815  -60
11400  0.105831  -60
11405  0.104857  -60
11410  0.103891  -60
11415  0.102934  -60
11420  0.101986  -60
11425  0.101047  -60
11430  0.100116  -60
11435  0.0991945  -60
11440  0.098281  -60
11445  0.0973759  -60
11450  0.0964792  -60
11455  0.0955908  -60
11460  0.0947105  -60
11465  0.0938383  -60
11470  0.0929742  -60
11475  0.0921181  -60
11480  0.0912698  -60
11485  0.0904293  -60
11490  0.0895966  -60
11495  0.0887716  -60
11500  0.0879542  -60
11505  0.0871443  -60
11510  0.0863418  -60
11515  0.0855468  -60
11520  0.084759  -60
11525  0.0839786  -60
11530  0.0832053  -60
11535  0.0824392  -60
11540  0.0816801  -60
11545  0.080928  -60
11550  0.0801828  -60
11555  0.0794446  -60
11560  0.0787131  -60
11565  0.0779883  -60
11570  0.0772702  -60
11575  0.0765588  -60
11580  0.0758539  -60
11585  0.0751555  -60
11590  0.0744635  -60
11595  0.0737779  -60
11600  0.0730986  -60
11605  0.0724256  -60
11610  0.0717588  -60
11615  0.0710982  -60
11620  0.0704436  -60
11625  0.069795  -60
11630  0.0691524  -60
11635  0.0685158  -60
11640  0.067885  -60
11645  0.06726  -60
11650  0.0666408  -60
11655  0.0660273  -60
11660  0.0654195  -60
11665  0.0648172  -60
11670  0.0642205  -60
11675  0.0636293  -60
11680  0.0630435  -60
11685  0.0624632  -60
11690  0.0618881  -60
11695  0.0613184  -60
11700  0.060754  -60
11705  0.0601947  -60
11710  0.0596406  -60
11715  0.0590916  -60
11720  0.0585476  -60
11725  0.0580087  -60
11730  0.0574747  -60
11735  0.0569457  -60
11740  0.0564215  -60
11745  0.0559022  -60
11750  0.0553876  -60
11755  0.0548778  -60
11760  0.0543727  -60
11765  0.0538722  -60
11770  0.0533764  -60
11775  0.0528851  -60
11780  0.0523983  -60
11785  0.0519161  -60
11790  0.0514382  -60
11795  0.0509648  -60
11800  0.0504957  -60
11805  0.050031  -60
11810  0.0495705  -60
11815  0.0491143  -60
11820  0.0486623  -60
11825  0.0482145  -60
11830  0.0477707  -60
11835  0.0473311  -60
11840  0.0468955  -60
11845  0.046464  -60
11850  0.0460364  -60
11855  0.0456127  -60
11860  0.045193  -60
11865  0.0447771  -60
11870  0.0443651  -60
11875  0.0439568  -60
11880  0.0435523  -60
11885  0.0431516  -60
11890  0.0427545  -60
11895  0.0423611  -60
11900  0.0419713  -60
11905  0.0415851  -60
11910  0.0412025  -60
11915  0.0408234  -60
11920  0.0404478  -60
11925  0.0400756  -60
11930  0.0397069  -60
11935  0.0393416  -60
11940  0.0389796  -60
11945  0.038621  -60
11950  0.0382657  -60
11955  0.0379136  -60
11960  0.0375648  -60
11965  0.0372192  -60
11970  0.0368768  -60
11975  0.0365376  -60
11980  0.0362015  -60
11985  0.0358684  -60
11990  0.0355385  -60
11995  0.0352116  -60
12000  0.0348877  -60
12005  0.0345667  -60
12010  0.0342488  -60
12015  0.0339337  -60
12020  0.0336216  -60
12025  0.0333124  -60
12030  0.033006  -60
12035  0.0327024  -60
12040  0.0324016  -60
12045  0.0321036  -60
12050  0.0318083  -60
12055  0.0315158  -60
12060  0.0312259  -60
12065  0.0309388  -60
12070  0.0306542  -60
12075  0.0303723  -60
12080  0.030093  -60
12085  0.0298163  -60
12090  0.0295421  -60
12095  0.0292704  -60
12100  0.0290013  -60
12105  0.0287346  -60
12110  0.0284704  -60
12115  0.0282086  -60
12120  0.0279492  -60
12125  0.0276922  -60
12130  0.0274376  -60
12135  0.0271853  -60
12140  0.0269354  -60
12145  0.0266877  -60
12150  0.0264424  -60
12155  0.0261993  -60
12160  0.0259584  -60
12165  0.0257198  -60
12170  0.0254833  -60
12175  0.0252491  -60
12180  0.025017  -60
12185  0.024787  -60
12190  0.0245592  -60
12195  0.0243334  -60
12200  0.0241097  -60
12205  0.0238881  -60
12210  0.0236686  -60
12215  0.023451  -60
12220  0.0232355  -60
12225  0.023022  -60
12230  0.0228104  -60
12235  0.0226007  -60
12240  0.022393  -60
12245  0.0221873  -60
12250  0.0219834  -60
12255  0.0217813  -60
12260  0.0215812  -60
12265  0.0213829  -60
12270  0.0211864  -60
12275  0.0209917  -60
12280  0.0207989  -60
12285  0.0206078  -60
12290  0.0204184  -60
12295  0.0202308  -60
12300  0.020045  -60
12305  0.0198608  -60
12310  0.0196784  -60
12315  0.0194976  -60
12320  0.0193185  -60
12325  0.019141  -60
12330  0.0189652  -60
12335  0.018791  -60
12340  0.0186184  -60
12345  0.0184474  -60
12350  0.018278  -60
12355  0.0181101  -60
12360  0.0179438  -60
12365  0.017779  -60
12370  0.0176157  -60
12375  0.017454  -60
12380  0.0172937  -60
12385  0.0171349  -60
12390  0.0169776  -60
12395  0.0168217  -60
12400  0.0166672  -60
12405  0.0165142  -60
12410  0.0163626  -60
12415  0.0162124  -60
12420  0.0160635  -60
12425  0.0159161  -60
12430  0.01577  -60
12435  0.0156252  -60
12440  0.0154818  -60
12445  0.0153397  -60
12450  0.0151989  -60
12455  0.0150594  -60
12460  0.0149212  -60
12465  0.0147842  -60
12470  0.0146486  -60
12475  0.0145141  -60
12480  0.014381  -60
12485  0.014249  -60
12490  0.0141183  -60
12495  0.0139887  -60
12500  0.0138604  -60
12505  0.0137332  -60
12510  0.0136072  -60
12515  0.0134824  -60
12520  0.0133587  -60
12525  0.0132362  -60
12530  0.0131148  -60
12535  0.0129945  -60
12540  0.0128753  -60
12545  0.0127572  -60
12550  0.0126402  -60
12555  0.0125243  -60
12560  0.0124094  -60
12565  0.0122956  -60
12570  0.0121829  -60
12575  0.0120712  -60
12580  0.0119605  -60
12585  0.0118509  -60
12590  0.0117422  -60
12595  0.0116346  -60
12600  0.0115279  -60
12605  0.0114223  -60
12610  0.0113176  -60
12615  0.0112138  -60
12620  0.0111111  -60
12625  0.0110092  -60
12630  0.0109083  -60
12635  0.0108084  -60
12640  0.0107093  -60
12645  0.0106112  -60
12650  0.010514  -60
12655  0.0104177  -60
12660  0.0103222  -60
12665  0.0102277  -60
12670  0.010134  -60
12675  0.0100411  -60
12680  0.00994918  -60
12685  0.00985805  -60
12690  0.00976777  -60
12695  0.00967832  -60
12700  0.00958969  -60
12705  0.00950188  -60
12710  0.00941488  -60
12715  0.00932869  -60
12720  0.00924328  -60
12725  0.00915866  -60
12730  0.00907482  -60
12735  0.00899176  -60
12740  0.00890946  -60
12745  0.00882792  -60
12750  0.00874713  -60
12755  0.00866708  -60
12760  0.00858777  -60
12765  0.0085092  -60
12770  0.00843134  -60
12775  0.00835421  -60
12780  0.00827778  -60
12785  0.00820206  -60
12790  0.00812704  -60
12795  0.0080527  -60
12800  0.00797906  -60
12805  0.00790609  -60
12810  0.00783379  -60
12815  0.00776216  -60
12820  0.00769119  -60
12825  0.00762088  -60
12830  0.00755121  -60
12835  0.00748218  -60
12840  0.00741379  -60
12845  0.00734603  -60
12850  0.0072789  -60
12855  0.00721238  -60
12860  0.00714648  -60
12865  0.00708118  -60
12870  0.00701648  -60
12875  0.00695239  -60
12880  0.00688888  -60
12885  0.00682595  -60
12890  0.00676361  -60
12895  0.00670184  -60
12900  0.00664064  -60
12905  0.00658001  -60
12910  0.00651993  -60
12915  0.00646041  -60
12920  0.00640143  -60
12925  0.006343  -60
12930  0.00628511  -60
12935  0.00622775  -60
12940  0.00617092  -60
12945  0.00611461  -60
12950  0.00605882  -60
12955  0.00600355  -60
12960  0.00594878  -60
12965  0.00589452  -60
12970  0.00584076  -60
12975  0.0057875  -60
12980  0.00573472  -60
12985  0.00568243  -60
12990  0.00563063  -60
12995  0.0055793  -60
13000  0.00552844  -60
13005  0.00547806  -60
13010  0.00542813  -60
13015  0.00537867  -60
13020  0.00532966  -60
13025  0.00528111  -60
13030  0.005233  -60
13035  0.00518533  -60
13040  0.00513811  -60
13045  0.00509132  -60
13050  0.00504496  -60
13055  0.00499903  -60
13060  0.00495352  -60
13065  0.00490843  -60
13070  0.00486375  -60
13075  0.00481949  -60
13080  0.00477564  -60
13085  0.00473219  -60
13090  0.00468914  -60
13095  0.00464648  -60
13100  0.00460422  -60
13105  0.00456235  -60
13110  0.00452087  -60
13115  0.00447976  -60
13120  0.00443904  -60
13125  0.00439869  -60
13130  0.00435871  -60
13135  0.00431911  -60
13140  0.00427986  -60
13145  0.00424098  -60
13150  0.00420246  -60
13155  0.00416429  -60
13160  0.00412647  -60
13165  0.004089  -60
13170  0.00405188  -60
13175  0.0040151  -60
13180  0.00397865  -60
13185  0.00394255  -60
13190  0.00390677  -60
13195  0.00387133  -60
13200  0.00383621  -60
13205  0.00380142  -60
13210  0.00376694  -60
13215  0.00373279  -60
13220  0.00369895  -60
13225  0.00366542  -60
13230  0.0036322  -60
13235  0.00359928  -60
13240  0.00356667  -60
13245  0.00353436  -60
13250  0.00350235  -60
13255  0.00347063  -60
13260  0.00343921  -60
13265  0.00340807  -60
13270  0.00337722  -60
13275  0.00334666  -60
13280  0.00331637  -60
13285  0.00328637  -60
13290  0.00325664  -60
13295  0.00322719  -60
13300  0.00319801  -60
13305  0.00316909  -60
13310  0.00314045  -60
13315  0.00311206  -60
13320  0.00308394  -60
13325  0.00305608  -60
13330  0.00302847  -60
13335  0.00300112  -60
13340  0.00297402  -60
13345  0.00294717  -60
13350  0.00292057  -60
13355  0.00289422  -60
13360  0.0028681  -60
13365  0.00284223  -60
13370  0.00281659  -60
13375  0.00279119  -60
13380  0.00276603  -60
13385  0.0027411  -60
13390  0.00271639  -60
13395  0.00269192  -60
13400  0.00266767  -60
13405  0.00264364  -60
13410  0.00261984  -60
13415  0.00259625  -60
13420  0.00257288  -60
13425  0.00254973  -60
13430  0.00252679  -60
13435  0.00250406  -60
13440  0.00248154  -60
13445  0.00245923  -60
13450  0.00243712  -60
13455  0.00241522  -60
13460  0.00239352  -60
13465  0.00237202  -60
13470  0.00235072  -60
13475  0.00232961  -60
13480  0.0023087  -60
13485  0.00228798  -60
13490  0.00226746  -60
13495  0.00224712  -60
13500  0.00222697  -60
13505  0.002207  -60
13510  0.00218722  -60
13515  0.00216762  -60
13520  0.0021482  -60
13525  0.00212896  -60
13530  0.0021099  -60
13535  0.00209101  -60
13540  0.0020723  -60
13545  0.00205376  -60
13550  0.00203539  -60
13555  0.00201719  -60
13560  0.00199915  -60
13565  0.00198129  -60
13570  0.00196359  -60
13575  0.00194605  -60
13580  0.00192867  -60
13585  0.00191145  -60
13590  0.0018944  -60
13595  0.00187749  -60
13600  0.00186075  -60
13605  0.00184416  -60
13610  0.00182772  -60
13615  0.00181143  -60
13620  0.0017953  -60
13625  0.00177931  -60
13630  0.00176347  -60
13635  0.00174777  -60
13640  0.00173222  -60
13645  0.00171682  -60
13650  0.00170155  -60
13655  0.00168643  -60
13660  0.00167144  -60
13665  0.00165659  -60
13670  0.00164188  -60
13675  0.00162731  -60
13680  0.00161287  -60
13685  0.00159856  -60
13690  0.00158439  -60
13695  0.00157034  -60
13700  0.00155643  -60
13705  0.00154264  -60
13710  0.00152898  -60
13715  0.00151545  -60
13720  0.00150204  -60
13725  0.00148875  -60
13730  0.00147559  -60
13735  0.00146255  -60
13740  0.00144963  -60
13745  0.00143682  -60
13750  0.00142414  -60
13755  0.00141157  -60
13760  0.00139912  -60
13765  0.00138678  -60
13770  0.00137456  -60
13775  0.00136245  -60
13780  0.00135045  -60
13785  0.00133856  -60
13790  0.00132678  -60
13795  0.00131511  -60
13800  0.00130354  -60
13805  0.00129209  -60
13810  0.00128074  -60
13815  0.00126949  -60
13820  0.00125835  -60
13825  0.00124731  -60
13830  0.00123637  -60
13835  0.00122553  -60
13840  0.00121479  -60
13845  0.00120415  -60
13850  0.00119361  -60
13855  0.00118317  -60
13860  0.00117282  -60
13865  0.00116257  -60
13870  0.00115241  -60
13875  0.00114235  -60
13880  0.00113238  -60
13885  0.0011225  -60
13890  0.00111271  -60
13895  0.00110301  -60
13900  0.0010934  -60
13905  0.00108388  -60
13910  0.00107445  -60
13915  0.0010651  -60
13920  0.00105584  -60
13925  0.00104667  -60
13930  0.00103758  -60
13935  0.00102857  -60
13940  0.00101965  -60
13945  0.00101081  -60
13950  0.00100205  -60
13955  0.00099337  -60
13960  0.000984772  -60
13965  0.000976252  -60
13970  0.000967811  -60
13975  0.000959448  -60
13980  0.000951162  -60
13985  0.000942952  -60
13990  0.000934818  -60
13995  0.000926759  -60
14000  0.000918774  -60
14005  0.000910863  -60
14010  0.000903025  -60
14015  0.000895259  -60
14020  0.000887564  -60
14025  0.00087994  -60
14030  0.000872387  -60
14035  0.000864903  -60
14040  0.000857488  -60
14045  0.000850142  -60
14050  0.000842863  -60
14055  0.000835651  -60
14060  0.000828506  -60
14065  0.000821426  -60
14070  0.000814412  -60
14075  0.000807462  -60
14080  0.000800577  -60
14085  0.000793755  -60
14090  0.000786995  -60
14095  0.000780299  -60
14100  0.000773663  -60
14105  0.000767089  -60
14110  0.000760576  -60
14115  0.000754122  -60
14120  0.000747728  -60
14125  0.000741393  -60
14130  0.000735116  -60
14135  0.000728897  -60
14140  0.000722735  -60
14145  0.000716631  -60
14150  0.000710582  -60
14155  0.000704589  -60
14160  0.000698652  -60
14165  0.000692769  -60
14170  0.00068694  -60
14175  0.000681165  -60
14180  0.000675443  -60
14185  0.000669774  -60
14190  0.000664157  -60
14195  0.000658592  -60
14200  0.000653078  -60
14205  0.000647615  -60
14210  0.000642203  -60
14215  0.00063684  -60
14220  0.000631526  -60
14225  0.000626262  -60
14230  0.000621046  -60
14235  0.000615878  -60
14240  0.000610758  -60
14245  0.000605685  -60
14250  0.000600659  -60
14255  0.000595679  -60
14260  0.000590745  -60
14265  0.000585856  -60
14270  0.000581013  -60
14275  0.000576214  -60
14280  0.000571459  -60
14285  0.000566748  -60
14290  0.00056208  -60
14295  0.000557456  -60
14300  0.000552874  -60
14305  0.000548334  -60
14310  0.000543837  -60
14315  0.00053938  -60
14320  0.000534965  -60
14325  0.00053059  -60
14330  0.000526256  -60
14335  0.000521962  -60
14340  0.000517707  -60
14345  0.000513491  -60
14350  0.000509314  -60
14355  0.000505176  -60
14360  0.000501076  -60
14365  0.000497014  -60
14370  0.000492989  -60
14375  0.000489001  -60
14380  0.00048505  -60
14385  0.000481135  -60
14390  0.000477256  -60
14395  0.000473413  -60
14400  0.000469606  -60
14405  0.000465834  -60
14410  0.000462096  -60
14415  0.000458393  -60
14420  0.000454724  -60
14425  0.000451089  -60
14430  0.000447487  -60
14435  0.000443918  -60
14440  0.000440383  -60
14445  0.000436879  -60
14450  0.000433409  -60
14455  0.00042997  -60
14460  0.000426563  -60
14465  0.000423187  -60
14470  0.000419842  -60
14475  0.000416528  -60
14480  0.000413245  -60
14485  0.000409992  -60
14490  0.000406769  -60
14495  0.000403576  -60
14500  0.000400412  -60
14505  0.000397277  -60
14510  0.000394171  -60
14515  0.000391094  -60
14520  0.000388045  -60
14525  0.000385024  -60
14530  0.000382031  -60
14535  0.000379065  -60
14540  0.000376127  -60
14545  0.000373216  -60
14550  0.000370332  -60
14555  0.000367475  -60
14560  0.000364643  -60
14565  0.000361838  -60
14570  0.000359059  -60
14575  0.000356305  -60
14580  0.000353577  -60
14585  0.000350873  -60
14590  0.000348195  -60
14595  0.000345541  -60
14600  0.000342912  -60
14605  0.000340307  -60
14610  0.000337726  -60
14615  0.000335169  -60
14620  0.000332636  -60
14625  0.000330125  -60
14630  0.000327638  -60
14635  0.000325174  -60
14640  0.000322732  -60
14645  0.000320313  -60
14650  0.000317917  -60
14655  0.000315542  -60
14660  0.000313189  -60
14665  0.000310858  -60
14670  0.000308549  -60
14675  0.00030626  -60
14680  0.000303993  -60
14685  0.000301747  -60
14690  0.000299521  -60
14695  0.000297316  -60
14700  0.000295131  -60
14705  0.000292966  -60
14710  0.000290822  -60
14715  0.000288697  -60
14720  0.000286591  -60
14725  0.000284505  -60
14730  0.000282439  -60
14735  0.000280391  -60
14740  0.000278362  -60
14745  0.000276352  -60
14750  0.00027436  -60
14755  0.000272387  -60
14760  0.000270432  -60
14765  0.000268495  -60
14770  0.000266576  -60
14775  0.000264674  -60
14780  0.00026279  -60
14785  0.000260923  -60
14790  0.000259074  -60
14795  0.000257241  -60
14800  0.000255426  -60
14805  0.000253627  -60
14810  0.000251845  -60
14815  0.000250079  -60
14820  0.000248329  -60
14825  0.000246596  -60
14830  0.000244879  -60
14835  0.000243177  -60
14840  0.000241491  -60
14845  0.000239821  -60
14850  0.000238166  -60
14855  0.000236526  -60
14860  0.000234901  -60
14865  0.000233291  -60
14870  0.000231697  -60
14875  0.000230116  -60
14880  0.000228551  -60
14885  0.000227  -60
14890  0.000225463  -60
14895  0.00022394  -60
14900  0.000222431  -60
14905  0.000220937  -60
14910  0.000219456  -60
14915  0.000217988  -60
14920  0.000216534  -60
14925  0.000215094  -60
14930  0.000213667  -60
14935  0.000212253  -60
14940  0.000210852  -60
14945  0.000209464  -60
14950  0.000208088  -60
14955  0.000206726  -60
14960  0.000205376  -60
