0.005  6.58761e-18  -80
5.005  3.17108e-10  -80
10.005  1.18536e-09  -80
15.005  2.47438e-09  -80
20.005  4.08487e-09  -80
25.005  5.94103e-09  -80
30.005  7.98482e-09  -80
35.005  1.01717e-08  -80
40.005  1.24673e-08  -80
45.005  1.48454e-08  -80
50.005  1.72853e-08  -80
55.005  1.97714e-08  -80
60.005  2.22914e-08  -80
65.005  2.48359e-08  -80
70.005  2.73975e-08  -80
75.005  2.99705e-08  -80
80.005  3.25504e-08  -80
85.005  3.51338e-08  -80
90.005  3.77181e-08  -80
95.005  4.03012e-08  -80
100.005  4.28815e-08  -80
105.005  4.54577e-08  -80
110.005  4.80288e-08  -80
115.005  5.05942e-08  -80
120.005  5.31532e-08  -80
125.005  5.57054e-08  -80
130.005  5.82505e-08  -80
135.005  6.07882e-08  -80
140.005  6.33182e-08  -80
145.005  6.58406e-08  -80
150.005  6.83551e-08  -80
155.005  7.08617e-08  -80
160.005  7.33603e-08  -80
165.005  7.58508e-08  -80
170.005  7.83334e-08  -80
175.005  8.08079e-08  -80
180.005  8.32743e-08  -80
185.005  8.57327e-08  -80
190.005  8.8183e-08  -80
195.005  9.06253e-08  -80
200.005  9.30596e-08  -80
205.005  9.54859e-08  -80
210.005  9.79042e-08  -80
215.005  1.00315e-07  -80
220.005  1.02717e-07  -80
225.005  1.05111e-07  -80
230.005  1.07498e-07  -80
235.005  1.09877e-07  -80
240.005  1.12248e-07  -80
245.005  1.14611e-07  -80
250.005  1.16966e-07  -80
255.005  1.19314e-07  -80
260.005  1.21653e-07  -80
265.005  1.23985e-07  -80
270.005  1.2631e-07  -80
275.005  1.28627e-07  -80
280.005  1.30936e-07  -80
285.005  1.33237e-07  -80
290.005  1.35531e-07  -80
295.005  1.37817e-07  -80
300.005  1.40096e-07  -80
305.005  1.42367e-07  -80
310.005  1.44631e-07  -80
315.005  1.46887e-07  -80
320.005  1.49136e-07  -80
325.005  1.51377e-07  -80
330.005  1.53612e-07  -80
335.005  1.55838e-07  -80
340.005  1.58057e-07  -80
345.005  1.60269e-07  -80
350.005  1.62474e-07  -80
355.005  1.64672e-07  -80
360.005  1.66862e-07  -80
365.005  1.69045e-07  -80
370.005  1.7122e-07  -80
375.005  1.73389e-07  -80
380.005  1.7555e-07  -80
385.005  1.77705e-07  -80
390.005  1.79852e-07  -80
395.005  1.81992e-07  -80
400.005  1.84125e-07  -80
405.005  1.86251e-07  -80
410.005  1.8837e-07  -80
415.005  1.90482e-07  -80
420.005  1.92587e-07  -80
425.005  1.94685e-07  -80
430.005  1.96776e-07  -80
435.005  1.98861e-07  -80
440.005  2.00938e-07  -80
445.005  2.03008e-07  -80
450.005  2.05072e-07  -80
455.005  2.07129e-07  -80
460.005  2.09179e-07  -80
465.005  2.11223e-07  -80
470.005  2.13259e-07  -80
475.005  2.15289e-07  -80
480.005  2.17312e-07  -80
485.005  2.19329e-07  -80
490.005  2.21339e-07  -80
495.005  2.23342e-07  -80
500.005  2.25339e-07  -80
505.005  2.27329e-07  -80
510.005  2.29312e-07  -80
515.005  2.31289e-07  -80
520.005  2.33259e-07  -80
525.005  2.35223e-07  -80
530.005  2.37181e-07  -80
535.005  2.39132e-07  -80
540.005  2.41076e-07  -80
545.005  2.43015e-07  -80
550.005  2.44946e-07  -80
555.005  2.46872e-07  -80
560.005  2.48791e-07  -80
565.005  2.50703e-07  -80
570.005  2.5261e-07  -80
575.005  2.5451e-07  -80
580.005  2.56404e-07  -80
585.005  2.58291e-07  -80
590.005  2.60173e-07  -80
595.005  2.62048e-07  -80
600.005  2.63917e-07  -80
605.005  2.65779e-07  -80
610.005  2.67636e-07  -80
615.005  2.69487e-07  -80
620.005  2.71331e-07  -80
625.005  2.73169e-07  -80
630.005  2.75002e-07  -80
635.005  2.76828e-07  -80
640.005  2.78648e-07  -80
645.005  2.80462e-07  -80
650.005  2.82271e-07  -80
655.005  2.84073e-07  -80
660.005  2.85869e-07  -80
665.005  2.87659e-07  -80
670.005  2.89444e-07  -80
675.005  2.91223e-07  -80
680.005  2.92995e-07  -80
685.005  2.94762e-07  -80
690.005  2.96523e-07  -80
695.005  2.98278e-07  -80
700.005  3.00028e-07  -80
705.005  3.01772e-07  -80
710.005  3.03509e-07  -80
715.005  3.05242e-07  -80
720.005  3.06968e-07  -80
725.005  3.08689e-07  -80
730.005  3.10404e-07  -80
735.005  3.12113e-07  -80
740.005  3.13817e-07  -80
745.005  3.15515e-07  -80
750.005  3.17208e-07  -80
755.005  3.18895e-07  -80
760.005  3.20577e-07  -80
765.005  3.22252e-07  -80
770.005  3.23923e-07  -80
775.005  3.25588e-07  -80
780.005  3.27247e-07  -80
785.005  3.28901e-07  -80
790.005  3.30549e-07  -80
795.005  3.32192e-07  -80
800.005  3.3383e-07  -80
805.005  3.35462e-07  -80
810.005  3.37089e-07  -80
815.005  3.3871e-07  -80
820.005  3.40326e-07  -80
825.005  3.41937e-07  -80
830.005  3.43543e-07  -80
835.005  3.45143e-07  -80
840.005  3.46738e-07  -80
845.005  3.48327e-07  -80
850.005  3.49911e-07  -80
855.005  3.51491e-07  -80
860.005  3.53065e-07  -80
865.005  3.54633e-07  -80
870.005  3.56197e-07  -80
875.005  3.57755e-07  -80
880.005  3.59308e-07  -80
885.005  3.60857e-07  -80
890.005  3.624e-07  -80
895.005  3.63938e-07  -80
900.005  3.6547e-07  -80
905.005  3.66998e-07  -80
910.005  3.68521e-07  -80
915.005  3.70039e-07  -80
920.005  3.71551e-07  -80
925.005  3.73059e-07  -80
930.005  3.74562e-07  -80
935.005  3.7606e-07  -80
940.005  3.77553e-07  -80
945.005  3.79041e-07  -80
950.005  3.80524e-07  -80
955.005  3.82002e-07  -80
960.005  3.83475e-07  -80
965.005  3.84943e-07  -80
970.005  3.86407e-07  -80
975.005  3.87866e-07  -80
980.005  3.8932e-07  -80
985.005  3.90769e-07  -80
990.005  3.92213e-07  -80
995.005  3.93653e-07  -80
1000  3.95088e-07  -80
1005  3.96518e-07  -80
1010  3.97943e-07  -80
1015  3.99364e-07  -80
1020  4.0078e-07  -80
1025  4.02191e-07  -80
1030  4.03598e-07  -80
1035  4.05e-07  -80
1040  4.06397e-07  -80
1045  4.0779e-07  -80
1050  4.09178e-07  -80
1055  4.10562e-07  -80
1060  4.11941e-07  -80
1065.01  4.13315e-07  -80
1070.01  4.14685e-07  -80
1075.01  4.16051e-07  -80
1080.01  4.17412e-07  -80
1085.01  4.18768e-07  -80
1090.01  4.2012e-07  -80
1095.01  4.21468e-07  -80
1100.01  4.22811e-07  -80
1105.01  4.2415e-07  -80
1110.01  4.25484e-07  -80
1115.01  4.26814e-07  -80
1120.01  4.28139e-07  -80
1125.01  4.2946e-07  -80
1130.01  4.30777e-07  -80
1135.01  4.32089e-07  -80
1140.01  4.33397e-07  -80
1145.01  4.34701e-07  -80
1150.01  4.36001e-07  -80
1155.01  4.37296e-07  -80
1160.01  4.38587e-07  -80
1165.01  4.39873e-07  -80
1170.01  4.41156e-07  -80
1175.01  4.42434e-07  -80
1180.01  4.43708e-07  -80
1185.01  4.44977e-07  -80
1190.01  4.46243e-07  -80
1195.01  4.47504e-07  -80
1200.01  4.48761e-07  -80
1205.01  4.50014e-07  -80
1210.01  4.51263e-07  -80
1215.01  4.52508e-07  -80
1220.01  4.53749e-07  -80
1225.01  4.54985e-07  -80
1230.01  4.56218e-07  -80
1235.01  4.57446e-07  -80
1240.01  4.58671e-07  -80
1245.01  4.59891e-07  -80
1250.01  4.61108e-07  -80
1255.01  4.6232e-07  -80
1260.01  4.63528e-07  -80
1265.01  4.64733e-07  -80
1270.01  4.65933e-07  -80
1275.01  4.67129e-07  -80
1280.01  4.68322e-07  -80
1285.01  4.6951e-07  -80
1290.01  4.70695e-07  -80
1295.01  4.71876e-07  -80
1300.01  4.73052e-07  -80
1305.01  4.74225e-07  -80
1310.01  4.75394e-07  -80
1315.01  4.7656e-07  -80
1320.01  4.77721e-07  -80
1325.01  4.78879e-07  -80
1330.01  4.80032e-07  -80
1335.01  4.81182e-07  -80
1340.01  4.82328e-07  -80
1345.01  4.83471e-07  -80
1350.01  4.84609e-07  -80
1355.01  4.85744e-07  -80
1360.01  4.86875e-07  -80
1365.01  4.88002e-07  -80
1370.01  4.89126e-07  -80
1375.01  4.90246e-07  -80
1380.01  4.91362e-07  -80
1385.01  4.92475e-07  -80
1390.01  4.93583e-07  -80
1395.01  4.94689e-07  -80
1400.01  4.9579e-07  -80
1405.01  4.96888e-07  -80
1410.01  4.97982e-07  -80
1415.01  4.99073e-07  -80
1420.01  5.0016e-07  -80
1425.01  5.01244e-07  -80
1430.01  5.02324e-07  -80
1435.01  5.034e-07  -80
1440.01  5.04473e-07  -80
1445.01  5.05542e-07  -80
1450.01  5.06608e-07  -80
1455.01  5.0767e-07  -80
1460.01  5.08729e-07  -80
1465.01  5.09784e-07  -80
1470.01  5.10836e-07  -80
1475.01  5.11884e-07  -80
1480.01  5.12929e-07  -80
1485.01  5.1397e-07  -80
1490.01  5.15008e-07  -80
1495.01  5.16043e-07  -80
1500.01  5.17074e-07  -80
1505.01  5.18102e-07  -80
1510.01  5.19126e-07  -80
1515.01  5.20147e-07  -80
1520.01  5.21165e-07  -80
1525.01  5.22179e-07  -80
1530.01  5.2319e-07  -80
1535.01  5.24197e-07  -80
1540.01  5.25201e-07  -80
1545.01  5.26202e-07  -80
1550.01  5.272e-07  -80
1555.01  5.28194e-07  -80
1560.01  5.29185e-07  -80
1565.01  5.30173e-07  -80
1570.01  5.31158e-07  -80
1575.01  5.32139e-07  -80
1580.01  5.33117e-07  -80
1585.01  5.34092e-07  -80
1590.01  5.35063e-07  -80
1595.01  5.36032e-07  -80
1600.01  5.36997e-07  -80
1605.01  5.37959e-07  -80
1610.01  5.38918e-07  -80
1615.01  5.39873e-07  -80
1620.01  5.40826e-07  -80
1625.01  5.41775e-07  -80
1630.01  5.42721e-07  -80
1635.01  5.43664e-07  -80
1640.01  5.44604e-07  -80
1645.01  5.45541e-07  -80
1650.01  5.46475e-07  -80
1655.01  5.47406e-07  -80
1660.01  5.48334e-07  -80
1665.01  5.49258e-07  -80
1670.01  5.5018e-07  -80
1675.01  5.51098e-07  -80
1680.01  5.52014e-07  -80
1685.01  5.52926e-07  -80
1690.01  5.53836e-07  -80
1695.01  5.54742e-07  -80
1700.01  5.55645e-07  -80
1705.01  5.56546e-07  -80
1710.01  5.57443e-07  -80
1715.01  5.58338e-07  -80
1720.01  5.5923e-07  -80
1725.01  5.60118e-07  -80
1730.01  5.61004e-07  -80
1735.01  5.61887e-07  -80
1740.01  5.62767e-07  -80
1745.01  5.63644e-07  -80
1750.01  5.64518e-07  -80
1755.01  5.65389e-07  -80
1760.01  5.66257e-07  -80
1765.01  5.67123e-07  -80
1770.01  5.67985e-07  -80
1775.01  5.68845e-07  -80
1780.01  5.69702e-07  -80
1785.01  5.70556e-07  -80
1790.01  5.71408e-07  -80
1795.01  5.72256e-07  -80
1800.01  5.73102e-07  -80
1805.01  5.73945e-07  -80
1810.01  5.74785e-07  -80
1815.01  5.75622e-07  -80
1820.01  5.76457e-07  -80
1825.01  5.77289e-07  -80
1830.01  5.78118e-07  -80
1835.01  5.78944e-07  -80
1840.01  5.79768e-07  -80
1845.01  5.80588e-07  -80
1850.01  5.81407e-07  -80
1855.01  5.82222e-07  -80
1860.01  5.83035e-07  -80
1865.01  5.83845e-07  -80
1870.01  5.84653e-07  -80
1875.01  5.85457e-07  -80
1880.01  5.8626e-07  -80
1885.01  5.87059e-07  -80
1890.01  5.87856e-07  -80
1895.01  5.8865e-07  -80
1900.01  5.89442e-07  -80
1905.01  5.90231e-07  -80
1910.01  5.91017e-07  -80
1915.01  5.91801e-07  -80
1920.01  5.92582e-07  -80
1925.01  5.93361e-07  -80
1930.01  5.94137e-07  -80
1935.01  5.9491e-07  -80
1940.01  5.95681e-07  -80
1945.01  5.9645e-07  -80
1950.01  5.97216e-07  -80
1955.01  5.97979e-07  -80
1960.01  5.9874e-07  -80
1965.01  5.99498e-07  -80
1970.01  6.00254e-07  -80
1975.01  6.01007e-07  -80
1980.01  6.01758e-07  -80
1985.01  6.02506e-07  -80
1990.01  6.03252e-07  -80
1995.01  6.03996e-07  -80
2000.01  6.04737e-07  -80
2005.01  6.05475e-07  -80
2010.01  6.06211e-07  -80
2015.01  6.06945e-07  -80
2020.01  6.07676e-07  -80
2025.01  6.08405e-07  -80
2030.01  6.09132e-07  -80
2035.01  6.09856e-07  -80
2040.01  6.10577e-07  -80
2045.01  6.11297e-07  -80
2050.01  6.12014e-07  -80
2055.01  6.12728e-07  -80
2060.01  6.1344e-07  -80
2065.01  6.1415e-07  -80
2070.01  6.14858e-07  -80
2075.01  6.15563e-07  -80
2080.01  6.16266e-07  -80
2085.01  6.16966e-07  -80
2090.01  6.17664e-07  -80
2095.01  6.1836e-07  -80
2100.01  6.19054e-07  -80
2105.01  6.19745e-07  -80
2110.01  6.20434e-07  -80
2115.01  6.21121e-07  -80
2120.01  6.21805e-07  -80
2125.01  6.22488e-07  -80
2130.01  6.23168e-07  -80
2135.01  6.23845e-07  -80
2140.01  6.24521e-07  -80
2145.01  6.25194e-07  -80
2150.01  6.25865e-07  -80
2155.01  6.26534e-07  -80
2160.01  6.27201e-07  -80
2165.01  6.27865e-07  -80
2170.01  6.28527e-07  -80
2175.01  6.29188e-07  -80
2180.01  6.29845e-07  -80
2185.01  6.30501e-07  -80
2190.01  6.31155e-07  -80
2195.01  6.31806e-07  -80
2200.01  6.32455e-07  -80
2205.01  6.33102e-07  -80
2210.01  6.33747e-07  -80
2215.01  6.3439e-07  -80
2220.01  6.35031e-07  -80
2225.01  6.3567e-07  -80
2230.01  6.36306e-07  -80
2235.01  6.36941e-07  -80
2240.01  6.37573e-07  -80
2245.01  6.38203e-07  -80
2250.01  6.38831e-07  -80
2255.01  6.39457e-07  -80
2260.01  6.40081e-07  -80
2265.01  6.40703e-07  -80
2270.01  6.41323e-07  -80
2275.01  6.41941e-07  -80
2280.01  6.42557e-07  -80
2285.01  6.43171e-07  -80
2290.01  6.43782e-07  -80
2295.01  6.44392e-07  -80
2300.01  6.45e-07  -80
2305.01  6.45606e-07  -80
2310.01  6.46209e-07  -80
2315.01  6.46811e-07  -80
2320.01  6.47411e-07  -80
2325.01  6.48009e-07  -80
2330.01  6.48604e-07  -80
2335.01  6.49198e-07  -80
2340.01  6.4979e-07  -80
2345.01  6.5038e-07  -80
2350.01  6.50968e-07  -80
2355.01  6.51554e-07  -80
2360.01  6.52138e-07  -80
2365.01  6.5272e-07  -80
2370.01  6.53301e-07  -80
2375.01  6.53879e-07  -80
2380.01  6.54455e-07  -80
2385.01  6.5503e-07  -80
2390.01  6.55603e-07  -80
2395.01  6.56173e-07  -80
2400.01  6.56742e-07  -80
2405.01  6.57309e-07  -80
2410.01  6.57874e-07  -80
2415.01  6.58438e-07  -80
2420.01  6.58999e-07  -80
2425.01  6.59559e-07  -80
2430.01  6.60116e-07  -80
2435.01  6.60672e-07  -80
2440.01  6.61226e-07  -80
2445.01  6.61778e-07  -80
2450.01  6.62329e-07  -80
2455.01  6.62877e-07  -80
2460.01  6.63424e-07  -80
2465.01  6.63969e-07  -80
2470.01  6.64512e-07  -80
2475.01  6.65054e-07  -80
2480.01  6.65593e-07  -80
2485.01  6.66131e-07  -80
2490.01  6.66667e-07  -80
2495.01  6.67201e-07  -80
2500.01  6.67734e-07  -80
2505.01  6.68265e-07  -80
2510.01  6.68793e-07  -80
2515.01  6.69321e-07  -80
2520.01  6.69846e-07  -80
2525.01  6.7037e-07  -80
2530.01  6.70892e-07  -80
2535.01  6.71412e-07  -80
2540.01  6.71931e-07  -80
2545.01  6.72448e-07  -80
2550.01  6.72963e-07  -80
2555.01  6.73477e-07  -80
2560.01  6.73988e-07  -80
2565.01  6.74498e-07  -80
2570.01  6.75007e-07  -80
2575.01  6.75514e-07  -80
2580.01  6.76019e-07  -80
2585.01  6.76522e-07  -80
2590.01  6.77024e-07  -80
2595.01  6.77524e-07  -80
2600.01  6.78022e-07  -80
2605.01  6.78519e-07  -80
2610.01  6.79014e-07  -80
2615.01  6.79508e-07  -80
2620.01  6.8e-07  -80
2625.01  6.8049e-07  -80
2630.01  6.80979e-07  -80
2635.01  6.81466e-07  -80
2640.01  6.81951e-07  -80
2645.01  6.82435e-07  -80
2650.01  6.82917e-07  -80
2655.01  6.83398e-07  -80
2660.01  6.83877e-07  -80
2665.01  6.84354e-07  -80
2670.01  6.8483e-07  -80
2675.01  6.85305e-07  -80
2680.01  6.85778e-07  -80
2685.01  6.86249e-07  -80
2690.01  6.86718e-07  -80
2695.01  6.87187e-07  -80
2700.01  6.87653e-07  -80
2705.01  6.88118e-07  -80
2710.01  6.88582e-07  -80
2715.01  6.89044e-07  -80
2720.01  6.89504e-07  -80
2725.01  6.89963e-07  -80
2730.01  6.9042e-07  -80
2735.01  6.90876e-07  -80
2740.01  6.91331e-07  -80
2745.01  6.91784e-07  -80
2750.01  6.92235e-07  -80
2755.01  6.92685e-07  -80
2760.01  6.93133e-07  -80
2765.01  6.9358e-07  -80
2770.01  6.94026e-07  -80
2775.01  6.9447e-07  -80
2780.01  6.94912e-07  -80
2785.01  6.95353e-07  -80
2790.01  6.95793e-07  -80
2795.01  6.96231e-07  -80
2800.01  6.96668e-07  -80
2805.01  6.97103e-07  -80
2810.01  6.97537e-07  -80
2815.01  6.9797e-07  -80
2820.01  6.98401e-07  -80
2825.01  6.9883e-07  -80
2830.01  6.99258e-07  -80
2835.01  6.99685e-07  -80
2840.01  7.0011e-07  -80
2845.01  7.00534e-07  -80
2850.01  7.00957e-07  -80
2855.01  7.01378e-07  -80
2860.01  7.01798e-07  -80
2865.01  7.02216e-07  -80
2870.01  7.02633e-07  -80
2875.01  7.03049e-07  -80
2880.01  7.03463e-07  -80
2885.01  7.03876e-07  -80
2890.01  7.04287e-07  -80
2895.01  7.04698e-07  -80
2900.01  7.05106e-07  -80
2905.01  7.05514e-07  -80
2910.01  7.0592e-07  -80
2915.01  7.06325e-07  -80
2920.01  7.06728e-07  -80
2925.01  7.0713e-07  -80
2930.01  7.07531e-07  -80
2935.01  7.0793e-07  -80
2940.01  7.08329e-07  -80
2945.01  7.08725e-07  -80
2950.01  7.09121e-07  -80
2955.01  7.09515e-07  -80
2960.01  7.09908e-07  -80
2965.01  7.103e-07  -80
2970.01  7.1069e-07  -80
2975.01  7.11079e-07  -80
2980.01  7.11467e-07  -80
2985.01  7.11853e-07  -80
2990.01  7.12239e-07  -80
2995.01  7.12622e-07  -80
3000.01  7.13005e-07  -80
3005.01  7.13387e-07  -80
3010.01  7.13767e-07  -80
3015.01  7.14146e-07  -80
3020.01  7.14523e-07  -80
3025.01  7.149e-07  -80
3030.01  7.15275e-07  -80
3035.01  7.15649e-07  -80
3040.01  7.16021e-07  -80
3045.01  7.16393e-07  -80
3050.01  7.16763e-07  -80
3055.01  7.17132e-07  -80
3060.01  7.175e-07  -80
3065.01  7.17866e-07  -80
3070.01  7.18232e-07  -80
3075.01  7.18596e-07  -80
3080.01  7.18959e-07  -80
3085.01  7.19321e-07  -80
3090.01  7.19681e-07  -80
3095.01  7.20041e-07  -80
3100.01  7.20399e-07  -80
3105.01  7.20756e-07  -80
3110.01  7.21112e-07  -80
3115.01  7.21466e-07  -80
3120.01  7.2182e-07  -80
3125.01  7.22172e-07  -80
3130.01  7.22523e-07  -80
3135.01  7.22873e-07  -80
3140.01  7.23222e-07  -80
3145.01  7.2357e-07  -80
3150.01  7.23916e-07  -80
3155.01  7.24262e-07  -80
3160.01  7.24606e-07  -80
3165.01  7.24949e-07  -80
3170.01  7.25291e-07  -80
3175.01  7.25632e-07  -80
3180.01  7.25972e-07  -80
3185.01  7.26311e-07  -80
3190.01  7.26648e-07  -80
3195.01  7.26984e-07  -80
3200.01  7.2732e-07  -80
3205.01  7.27654e-07  -80
3210.01  7.27987e-07  -80
3215.01  7.28319e-07  -80
3220.01  7.2865e-07  -80
3225.01  7.2898e-07  -80
3230.01  7.29308e-07  -80
3235.01  7.29636e-07  -80
3240.01  7.29963e-07  -80
3245.01  7.30288e-07  -80
3250.01  7.30612e-07  -80
3255.01  7.30936e-07  -80
3260.01  7.31258e-07  -80
3265.01  7.31579e-07  -80
3270.01  7.31899e-07  -80
3275.01  7.32218e-07  -80
3280.01  7.32536e-07  -80
3285.01  7.32853e-07  -80
3290.01  7.33169e-07  -80
3295.01  7.33484e-07  -80
3300.01  7.33798e-07  -80
3305.01  7.34111e-07  -80
3310.01  7.34423e-07  -80
3315.01  7.34733e-07  -80
3320.01  7.35043e-07  -80
3325.01  7.35352e-07  -80
3330.01  7.3566e-07  -80
3335.01  7.35966e-07  -80
3340.01  7.36272e-07  -80
3345.01  7.36577e-07  -80
3350.01  7.3688e-07  -80
3355.01  7.37183e-07  -80
3360.01  7.37484e-07  -80
3365.01  7.37785e-07  -80
3370.01  7.38085e-07  -80
3375.01  7.38383e-07  -80
3380.01  7.38681e-07  -80
3385.01  7.38978e-07  -80
3390.01  7.39274e-07  -80
3395.01  7.39568e-07  -80
3400.01  7.39862e-07  -80
3405.01  7.40155e-07  -80
3410.01  7.40447e-07  -80
3415.01  7.40738e-07  -80
3420.01  7.41028e-07  -80
3425.01  7.41317e-07  -80
3430.01  7.41605e-07  -80
3435.01  7.41892e-07  -80
3440.01  7.42178e-07  -80
3445.01  7.42463e-07  -80
3450.01  7.42747e-07  -80
3455.01  7.4303e-07  -80
3460.01  7.43313e-07  -80
3465.01  7.43594e-07  -80
3470.01  7.43875e-07  -80
3475.01  7.44154e-07  -80
3480.01  7.44433e-07  -80
3485.01  7.44711e-07  -80
3490.01  7.44987e-07  -80
3495.01  7.45263e-07  -80
3500.01  7.45538e-07  -80
3505.01  7.45812e-07  -80
3510.01  7.46086e-07  -80
3515.01  7.46358e-07  -80
3520.01  7.46629e-07  -80
3525.01  7.469e-07  -80
3530.01  7.47169e-07  -80
3535.01  7.47438e-07  -80
3540.01  7.47706e-07  -80
3545.01  7.47973e-07  -80
3550.01  7.48239e-07  -80
3555.01  7.48504e-07  -80
3560.01  7.48768e-07  -80
3565.01  7.49032e-07  -80
3570.01  7.49294e-07  -80
3575.01  7.49556e-07  -80
3580.01  7.49817e-07  -80
3585.01  7.50077e-07  -80
3590.01  7.50336e-07  -80
3595.01  7.50594e-07  -80
3600.01  7.50852e-07  -80
3605.01  7.51108e-07  -80
3610.01  7.51364e-07  -80
3615.01  7.51619e-07  -80
3620.01  7.51873e-07  -80
3625.01  7.52126e-07  -80
3630.01  7.52378e-07  -80
3635.01  7.5263e-07  -80
3640.01  7.52881e-07  -80
3645.01  7.53131e-07  -80
3650.01  7.5338e-07  -80
3655.01  7.53628e-07  -80
3660.01  7.53875e-07  -80
3665.01  7.54122e-07  -80
3670.01  7.54368e-07  -80
3675.01  7.54613e-07  -80
3680.01  7.54857e-07  -80
3685.01  7.551e-07  -80
3690.01  7.55343e-07  -80
3695.01  7.55584e-07  -80
3700.01  7.55825e-07  -80
3705.01  7.56065e-07  -80
3710.01  7.56305e-07  -80
3715.01  7.56543e-07  -80
3720.01  7.56781e-07  -80
3725.01  7.57018e-07  -80
3730.01  7.57254e-07  -80
3735.01  7.5749e-07  -80
3740.01  7.57724e-07  -80
3745.01  7.57958e-07  -80
3750.01  7.58191e-07  -80
3755.01  7.58424e-07  -80
3760.01  7.58655e-07  -80
3765.01  7.58886e-07  -80
3770.01  7.59116e-07  -80
3775.01  7.59346e-07  -80
3780.01  7.59574e-07  -80
3785.01  7.59802e-07  -80
3790.01  7.60029e-07  -80
3795.01  7.60255e-07  -80
3800.01  7.60481e-07  -80
3805.01  7.60706e-07  -80
3810.01  7.6093e-07  -80
3815.01  7.61153e-07  -80
3820.01  7.61376e-07  -80
3825.01  7.61597e-07  -80
3830.01  7.61818e-07  -80
3835.01  7.62039e-07  -80
3840.01  7.62259e-07  -80
3845.01  7.62477e-07  -80
3850.01  7.62696e-07  -80
3855.01  7.62913e-07  -80
3860.01  7.6313e-07  -80
3865.01  7.63346e-07  -80
3870.01  7.63561e-07  -80
3875.01  7.63776e-07  -80
3880.01  7.6399e-07  -80
3885.01  7.64203e-07  -80
3890.01  7.64416e-07  -80
3895.01  7.64627e-07  -80
3900.01  7.64839e-07  -80
3905.01  7.65049e-07  -80
3910.01  7.65259e-07  -80
3915.01  7.65468e-07  -80
3920.01  7.65676e-07  -80
3925.01  7.65884e-07  -80
3930.01  7.66091e-07  -80
3935.01  7.66297e-07  -80
3940.01  7.66503e-07  -80
3945.01  7.66708e-07  -80
3950.01  7.66912e-07  -80
3955.01  7.67115e-07  -80
3960.01  7.67318e-07  -80
3965.01  7.67521e-07  -80
3970.01  7.67722e-07  -80
3975.01  7.67923e-07  -80
3980.01  7.68123e-07  -80
3985.01  7.68323e-07  -80
3990.01  7.68522e-07  -80
3995.01  7.6872e-07  -80
4000.01  7.68918e-07  -80
4005.01  7.69115e-07  -80
4010.01  7.69311e-07  -80
4015.01  7.69507e-07  -80
4020.01  7.69702e-07  -80
4025.01  7.69896e-07  -80
4030.01  7.7009e-07  -80
4035.01  7.70283e-07  -80
4040.01  7.70475e-07  -80
4045.01  7.70667e-07  -80
4050.01  7.70858e-07  -80
4055.01  7.71049e-07  -80
4060.01  7.71239e-07  -80
4065.01  7.71428e-07  -80
4070.01  7.71617e-07  -80
4075.01  7.71805e-07  -80
4080.01  7.71992e-07  -80
4085.01  7.72179e-07  -80
4090.01  7.72365e-07  -80
4095.01  7.72551e-07  -80
4100.01  7.72736e-07  -80
4105.01  7.7292e-07  -80
4110.01  7.73104e-07  -80
4115.01  7.73287e-07  -80
4120.01  7.7347e-07  -80
4125.01  7.73652e-07  -80
4130.01  7.73833e-07  -80
4135.01  7.74014e-07  -80
4140.01  7.74194e-07  -80
4145.01  7.74374e-07  -80
4150.01  7.74553e-07  -80
4155.01  7.74731e-07  -80
4160.01  7.74909e-07  -80
4165.01  7.75086e-07  -80
4170.01  7.75263e-07  -80
4175.01  7.75439e-07  -80
4180.01  7.75614e-07  -80
4185.01  7.75789e-07  -80
4190.01  7.75963e-07  -80
4195.01  7.76137e-07  -80
4200.01  7.7631e-07  -80
4205.01  7.76483e-07  -80
4210.01  7.76655e-07  -80
4215.01  7.76826e-07  -80
4220.01  7.76997e-07  -80
4225.01  7.77167e-07  -80
4230.01  7.77337e-07  -80
4235.01  7.77506e-07  -80
4240.01  7.77675e-07  -80
4245.01  7.77843e-07  -80
4250.01  7.78011e-07  -80
4255.01  7.78178e-07  -80
4260.01  7.78344e-07  -80
4265.01  7.7851e-07  -80
4270.01  7.78675e-07  -80
4275.01  7.7884e-07  -80
4280.01  7.79004e-07  -80
4285.01  7.79168e-07  -80
4290.01  7.79331e-07  -80
4295.01  7.79494e-07  -80
4300.01  7.79656e-07  -80
4305.01  7.79817e-07  -80
4310.01  7.79978e-07  -80
4315.01  7.80139e-07  -80
4320.01  7.80299e-07  -80
4325.01  7.80458e-07  -80
4330.01  7.80617e-07  -80
4335.01  7.80775e-07  -80
4340.01  7.80933e-07  -80
4345.01  7.81091e-07  -80
4350.01  7.81247e-07  -80
4355.01  7.81404e-07  -80
4360.01  7.81559e-07  -80
4365.01  7.81715e-07  -80
4370.01  7.81869e-07  -80
4375.01  7.82024e-07  -80
4380.01  7.82177e-07  -80
4385.01  7.82331e-07  -80
4390.01  7.82483e-07  -80
4395.01  7.82636e-07  -80
4400.01  7.82787e-07  -80
4405.01  7.82939e-07  -80
4410.01  7.83089e-07  -80
4415.01  7.83239e-07  -80
4420.01  7.83389e-07  -80
4425.01  7.83538e-07  -80
4430.01  7.83687e-07  -80
4435.01  7.83835e-07  -80
4440.01  7.83983e-07  -80
4445.01  7.8413e-07  -80
4450.01  7.84277e-07  -80
4455.01  7.84424e-07  -80
4460.01  7.84569e-07  -80
4465.01  7.84715e-07  -80
4470.01  7.8486e-07  -80
4475.01  7.85004e-07  -80
4480.01  7.85148e-07  -80
4485.01  7.85291e-07  -80
4490.01  7.85434e-07  -80
4495.01  7.85577e-07  -80
4500.01  7.85719e-07  -80
4505.01  7.8586e-07  -80
4510.01  7.86001e-07  -80
4515.01  7.86142e-07  -80
4520.01  7.86282e-07  -80
4525.01  7.86422e-07  -80
4530.01  7.86561e-07  -80
4535.01  7.867e-07  -80
4540.01  7.86838e-07  -80
4545.01  7.86976e-07  -80
4550.01  7.87113e-07  -80
4555.01  7.8725e-07  -80
4560.01  7.87387e-07  -80
4565.01  7.87523e-07  -80
4570.01  7.87658e-07  -80
4575.01  7.87794e-07  -80
4580.01  7.87928e-07  -80
4585.01  7.88063e-07  -80
4590.01  7.88196e-07  -80
4595.01  7.8833e-07  -80
4600.01  7.88463e-07  -80
4605.01  7.88595e-07  -80
4610.01  7.88727e-07  -80
4615.01  7.88859e-07  -80
4620.01  7.8899e-07  -80
4625.01  7.89121e-07  -80
4630.01  7.89251e-07  -80
4635.01  7.89381e-07  -80
4640.01  7.8951e-07  -80
4645.01  7.89639e-07  -80
4650.01  7.89768e-07  -80
4655.01  7.89896e-07  -80
4660.01  7.90024e-07  -80
4665.01  7.90151e-07  -80
4670.01  7.90278e-07  -80
4675.01  7.90405e-07  -80
4680.01  7.90531e-07  -80
4685.01  7.90657e-07  -80
4690.01  7.90782e-07  -80
4695.01  7.90907e-07  -80
4700.01  7.91031e-07  -80
4705.01  7.91155e-07  -80
4710.01  7.91279e-07  -80
4715.01  7.91402e-07  -80
4720.01  7.91525e-07  -80
4725.01  7.91647e-07  -80
4730.01  7.91769e-07  -80
4735.01  7.91891e-07  -80
4740.01  7.92012e-07  -80
4745.01  7.92133e-07  -80
4750.01  7.92253e-07  -80
4755.01  7.92373e-07  -80
4760.01  7.92493e-07  -80
4765.01  7.92612e-07  -80
4770.01  7.92731e-07  -80
4775.01  7.92849e-07  -80
4780.01  7.92967e-07  -80
4785.01  7.93085e-07  -80
4790.01  7.93202e-07  -80
4795.01  7.93319e-07  -80
4800.01  7.93435e-07  -80
4805.01  7.93551e-07  -80
4810.01  7.93667e-07  -80
4815.01  7.93782e-07  -80
4820.01  7.93897e-07  -80
4825.01  7.94012e-07  -80
4830.01  7.94126e-07  -80
4835.01  7.9424e-07  -80
4840.01  7.94353e-07  -80
4845.01  7.94466e-07  -80
4850.01  7.94579e-07  -80
4855.01  7.94692e-07  -80
4860.01  7.94803e-07  -80
4865.01  7.94915e-07  -80
4870.01  7.95026e-07  -80
4875.01  7.95137e-07  -80
4880.01  7.95248e-07  -80
4885.01  7.95358e-07  -80
4890.01  7.95467e-07  -80
4895.01  7.95577e-07  -80
4900.01  7.95686e-07  -80
4905.01  7.95795e-07  -80
4910.01  7.95903e-07  -80
4915.01  7.96011e-07  -80
4920.01  7.96118e-07  -80
4925.01  7.96226e-07  -80
4930.01  7.96332e-07  -80
4935.01  7.96439e-07  -80
4940.01  7.96545e-07  -80
4945.01  7.96651e-07  -80
4950.01  7.96757e-07  -80
4955.01  7.96862e-07  -80
4960.01  7.96966e-07  -80
4965.01  7.97071e-07  -80
4970.01  7.97175e-07  -80
4975.01  7.97279e-07  -80
4980.01  7.97382e-07  -80
4985.01  7.97485e-07  -80
4990.01  7.97588e-07  -80
4995.01  7.9769e-07  -80
5000.01  7.97792e-07  -80
5005.01  7.97894e-07  -80
5010.01  7.97996e-07  -80
5015.01  7.98097e-07  -80
5020.01  7.98197e-07  -80
5025.01  7.98298e-07  -80
5030.01  7.98398e-07  -80
5035.01  7.98497e-07  -80
5040.01  7.98597e-07  -80
5045.01  7.98696e-07  -80
5050.01  7.98795e-07  -80
5055.01  7.98893e-07  -80
5060.01  7.98991e-07  -80
5065.01  7.99089e-07  -80
5070.01  7.99186e-07  -80
5075.01  7.99283e-07  -80
5080.01  7.9938e-07  -80
5085.01  7.99477e-07  -80
5090.01  7.99573e-07  -80
5095.01  7.99669e-07  -80
5100.01  7.99764e-07  -80
5105.01  7.99859e-07  -80
5110.01  7.99954e-07  -80
5115.01  8.00049e-07  -80
5120.01  8.00143e-07  -80
5125.01  8.00237e-07  -80
5130.01  8.00331e-07  -80
5135.01  8.00424e-07  -80
5140.01  8.00517e-07  -80
5145.01  8.0061e-07  -80
5150.01  8.00702e-07  -80
5155.01  8.00795e-07  -80
5160.01  8.00886e-07  -80
5165.01  8.00978e-07  -80
5170.01  8.01069e-07  -80
5175.01  8.0116e-07  -80
5180.01  8.01251e-07  -80
5185.01  8.01341e-07  -80
5190.01  8.01431e-07  -80
5195.01  8.01521e-07  -80
5200.01  8.0161e-07  -80
5205.01  8.01699e-07  -80
5210.01  8.01788e-07  -80
5215.01  8.01877e-07  -80
5220.01  8.01965e-07  -80
5225.01  8.02053e-07  -80
5230.01  8.0214e-07  -80
5235.01  8.02228e-07  -80
5240.01  8.02315e-07  -80
5245.01  8.02402e-07  -80
5250.01  8.02488e-07  -80
5255.01  8.02574e-07  -80
5260.01  8.0266e-07  -80
5265.01  8.02746e-07  -80
5270.01  8.02831e-07  -80
5275.01  8.02917e-07  -80
5280.01  8.03001e-07  -80
5285.01  8.03086e-07  -80
5290.01  8.0317e-07  -80
5295.01  8.03254e-07  -80
5300.01  8.03338e-07  -80
5305.01  8.03421e-07  -80
5310.01  8.03504e-07  -80
5315.01  8.03587e-07  -80
5320.01  8.0367e-07  -80
5325.01  8.03752e-07  -80
5330.01  8.03834e-07  -80
5335.01  8.03916e-07  -80
5340.01  8.03998e-07  -80
5345.01  8.04079e-07  -80
5350.01  8.0416e-07  -80
5355.01  8.04241e-07  -80
5360.01  8.04321e-07  -80
5365.01  8.04401e-07  -80
5370.01  8.04481e-07  -80
5375.01  8.04561e-07  -80
5380.01  8.0464e-07  -80
5385.01  8.04719e-07  -80
5390.01  8.04798e-07  -80
5395.01  8.04877e-07  -80
5400.01  8.04955e-07  -80
5405.01  8.05033e-07  -80
5410.01  8.05111e-07  -80
5415.01  8.05189e-07  -80
5420.01  8.05266e-07  -80
5425.01  8.05343e-07  -80
5430.01  8.0542e-07  -80
5435.01  8.05496e-07  -80
5440.01  8.05573e-07  -80
5445.01  8.05649e-07  -80
5450.01  8.05724e-07  -80
5455.01  8.058e-07  -80
5460.01  8.05875e-07  -80
5465.01  8.0595e-07  -80
5470.01  8.06025e-07  -80
5475.01  8.061e-07  -80
5480.01  8.06174e-07  -80
5485.01  8.06248e-07  -80
5490.01  8.06322e-07  -80
5495.01  8.06396e-07  -80
5500.01  8.06469e-07  -80
5505.01  8.06542e-07  -80
5510.01  8.06615e-07  -80
5515.01  8.06687e-07  -80
5520.01  8.0676e-07  -80
5525.01  8.06832e-07  -80
5530.01  8.06904e-07  -80
5535.01  8.06976e-07  -80
5540.01  8.07047e-07  -80
5545.01  8.07118e-07  -80
5550.01  8.07189e-07  -80
5555.01  8.0726e-07  -80
5560.01  8.0733e-07  -80
5565.01  8.07401e-07  -80
5570.01  8.07471e-07  -80
5575.01  8.0754e-07  -80
5580.01  8.0761e-07  -80
5585.01  8.07679e-07  -80
5590.01  8.07748e-07  -80
5595.01  8.07817e-07  -80
5600.01  8.07886e-07  -80
5605.01  8.07954e-07  -80
5610.01  8.08023e-07  -80
5615.01  8.08091e-07  -80
5620.01  8.08158e-07  -80
5625.01  8.08226e-07  -80
5630.01  8.08293e-07  -80
5635.01  8.0836e-07  -80
5640.01  8.08427e-07  -80
5645.01  8.08494e-07  -80
5650.01  8.0856e-07  -80
5655.01  8.08626e-07  -80
5660.01  8.08692e-07  -80
5665.01  8.08758e-07  -80
5670.01  8.08824e-07  -80
5675.01  8.08889e-07  -80
5680.01  8.08954e-07  -80
5685.01  8.09019e-07  -80
5690.01  8.09084e-07  -80
5695.01  8.09148e-07  -80
5700.01  8.09212e-07  -80
5705.01  8.09276e-07  -80
5710.01  8.0934e-07  -80
5715.01  8.09404e-07  -80
5720.01  8.09467e-07  -80
5725.01  8.0953e-07  -80
5730.01  8.09593e-07  -80
5735.01  8.09656e-07  -80
5740.01  8.09719e-07  -80
5745.01  8.09781e-07  -80
5750.01  8.09843e-07  -80
5755.01  8.09905e-07  -80
5760.01  8.09967e-07  -80
5765.01  8.10029e-07  -80
5770.01  8.1009e-07  -80
5775.01  8.10151e-07  -80
5780.01  8.10212e-07  -80
5785.01  8.10273e-07  -80
5790.01  8.10333e-07  -80
5795.01  8.10394e-07  -80
5800.01  8.10454e-07  -80
5805.01  8.10514e-07  -80
5810.01  8.10574e-07  -80
5815.01  8.10633e-07  -80
5820.01  8.10693e-07  -80
5825.01  8.10752e-07  -80
5830.01  8.10811e-07  -80
5835.01  8.1087e-07  -80
5840.01  8.10928e-07  -80
5845.01  8.10986e-07  -80
5850.01  8.11045e-07  -80
5855.01  8.11103e-07  -80
5860.01  8.1116e-07  -80
5865.01  8.11218e-07  -80
5870.01  8.11276e-07  -80
5875.01  8.11333e-07  -80
5880.01  8.1139e-07  -80
5885.01  8.11447e-07  -80
5890.01  8.11503e-07  -80
5895.01  8.1156e-07  -80
5900.01  8.11616e-07  -80
5905.01  8.11672e-07  -80
5910.01  8.11728e-07  -80
5915.01  8.11784e-07  -80
5920.01  8.1184e-07  -80
5925.01  8.11895e-07  -80
5930.01  8.1195e-07  -80
5935.01  8.12005e-07  -80
5940.01  8.1206e-07  -80
5945.01  8.12115e-07  -80
5950.01  8.12169e-07  -80
5955.01  8.12223e-07  -80
5960.01  8.12278e-07  -80
5965.01  8.12331e-07  -80
5970.01  8.12385e-07  -80
5975.01  8.12439e-07  -80
5980.01  8.12492e-07  -80
5985.01  8.12545e-07  -80
5990.01  8.12598e-07  -80
5995.01  8.12651e-07  -80
6000.01  8.12704e-07  -80
6005.01  8.12757e-07  -80
6010.01  8.12809e-07  -80
6015.01  8.12861e-07  -80
6020.01  8.12913e-07  -80
6025.01  8.12965e-07  -80
6030.01  8.13017e-07  -80
6035.01  8.13068e-07  -80
6040.01  8.13119e-07  -80
6045.01  8.13171e-07  -80
6050.01  8.13222e-07  -80
6055.01  8.13272e-07  -80
6060.01  8.13323e-07  -80
6065.01  8.13374e-07  -80
6070.01  8.13424e-07  -80
6075.01  8.13474e-07  -80
6080.01  8.13524e-07  -80
6085.01  8.13574e-07  -80
6090.01  8.13624e-07  -80
6095.01  8.13673e-07  -80
6100.01  8.13722e-07  -80
6105.01  8.13772e-07  -80
6110.01  8.13821e-07  -80
6115.01  8.13869e-07  -80
6120.01  8.13918e-07  -80
6125.01  8.13967e-07  -80
6130.01  8.14015e-07  -80
6135.01  8.14063e-07  -80
6140.01  8.14111e-07  -80
6145.01  8.14159e-07  -80
6150.01  8.14207e-07  -80
6155.01  8.14254e-07  -80
6160.01  8.14302e-07  -80
6165.01  8.14349e-07  -80
6170.01  8.14396e-07  -80
6175.01  8.14443e-07  -80
6180.01  8.1449e-07  -80
6185.01  8.14537e-07  -80
6190.01  8.14583e-07  -80
6195.01  8.14629e-07  -80
6200.01  8.14676e-07  -80
6205.01  8.14722e-07  -80
6210.01  8.14767e-07  -80
6215.01  8.14813e-07  -80
6220.01  8.14859e-07  -80
6225.01  8.14904e-07  -80
6230.01  8.14949e-07  -80
6235.01  8.14995e-07  -80
6240.01  8.1504e-07  -80
6245.01  8.15084e-07  -80
6250.01  8.15129e-07  -80
6255.01  8.15174e-07  -80
6260.01  8.15218e-07  -80
6265.01  8.15262e-07  -80
6270.01  8.15306e-07  -80
6275.01  8.1535e-07  -80
6280.01  8.15394e-07  -80
6285.01  8.15438e-07  -80
6290.01  8.15481e-07  -80
6295.01  8.15525e-07  -80
6300.01  8.15568e-07  -80
6305.01  8.15611e-07  -80
6310.01  8.15654e-07  -80
6315.01  8.15697e-07  -80
6320.01  8.15739e-07  -80
6325.01  8.15782e-07  -80
6330.01  8.15824e-07  -80
6335.01  8.15866e-07  -80
6340.01  8.15909e-07  -80
6345.01  8.15951e-07  -80
6350.01  8.15992e-07  -80
6355.01  8.16034e-07  -80
6360.01  8.16076e-07  -80
6365.01  8.16117e-07  -80
6370.01  8.16158e-07  -80
6375.01  8.16199e-07  -80
6380.01  8.1624e-07  -80
6385.01  8.16281e-07  -80
6390.01  8.16322e-07  -80
6395.01  8.16363e-07  -80
6400.01  8.16403e-07  -80
6405.01  8.16443e-07  -80
6410.01  8.16484e-07  -80
6415.01  8.16524e-07  -80
6420.01  8.16564e-07  -80
6425.01  8.16603e-07  -80
6430.01  8.16643e-07  -80
6435.01  8.16683e-07  -80
6440.01  8.16722e-07  -80
6445.01  8.16761e-07  -80
6450.01  8.168e-07  -80
6455.01  8.16839e-07  -80
6460.01  8.16878e-07  -80
6465.01  8.16917e-07  -80
6470.01  8.16956e-07  -80
6475.01  8.16994e-07  -80
6480.01  8.17033e-07  -80
6485.01  8.17071e-07  -80
6490.01  8.17109e-07  -80
6495.01  8.17147e-07  -80
6500.01  8.17185e-07  -80
6505.01  8.17223e-07  -80
6510.01  8.1726e-07  -80
6515.01  8.17298e-07  -80
6520.01  8.17335e-07  -80
6525.01  8.17372e-07  -80
6530.01  8.17409e-07  -80
6535.01  8.17446e-07  -80
6540.01  8.17483e-07  -80
6545.01  8.1752e-07  -80
6550.01  8.17557e-07  -80
6555.01  8.17593e-07  -80
6560.01  8.1763e-07  -80
6565.01  8.17666e-07  -80
6570.01  8.17702e-07  -80
6575.01  8.17738e-07  -80
6580.01  8.17774e-07  -80
6585.01  8.1781e-07  -80
6590.01  8.17846e-07  -80
6595.01  8.17881e-07  -80
6600.01  8.17917e-07  -80
6605.01  8.17952e-07  -80
6610.01  8.17987e-07  -80
6615.01  8.18022e-07  -80
6620.01  8.18057e-07  -80
6625.01  8.18092e-07  -80
6630.01  8.18127e-07  -80
6635.01  8.18162e-07  -80
6640.01  8.18196e-07  -80
6645.01  8.1823e-07  -80
6650.01  8.18265e-07  -80
6655.01  8.18299e-07  -80
6660.01  8.18333e-07  -80
6665.01  8.18367e-07  -80
6670.01  8.18401e-07  -80
6675.01  8.18435e-07  -80
6680.01  8.18468e-07  -80
6685.01  8.18502e-07  -80
6690.01  8.18535e-07  -80
6695.01  8.18568e-07  -80
6700.01  8.18602e-07  -80
6705.01  8.18635e-07  -80
6710.01  8.18668e-07  -80
6715.01  8.18701e-07  -80
6720.01  8.18733e-07  -80
6725.01  8.18766e-07  -80
6730.01  8.18798e-07  -80
6735.01  8.18831e-07  -80
6740.01  8.18863e-07  -80
6745.01  8.18895e-07  -80
6750.01  8.18928e-07  -80
6755.01  8.1896e-07  -80
6760.01  8.18991e-07  -80
6765.01  8.19023e-07  -80
6770.01  8.19055e-07  -80
6775.01  8.19086e-07  -80
6780.01  8.19118e-07  -80
6785.01  8.19149e-07  -80
6790.01  8.19181e-07  -80
6795.01  8.19212e-07  -80
6800.01  8.19243e-07  -80
6805.01  8.19274e-07  -80
6810.01  8.19305e-07  -80
6815.01  8.19335e-07  -80
6820.01  8.19366e-07  -80
6825.01  8.19397e-07  -80
6830.01  8.19427e-07  -80
6835.01  8.19457e-07  -80
6840.01  8.19488e-07  -80
6845.01  8.19518e-07  -80
6850.01  8.19548e-07  -80
6855.01  8.19578e-07  -80
6860.01  8.19608e-07  -80
6865.01  8.19637e-07  -80
6870.01  8.19667e-07  -80
6875.01  8.19697e-07  -80
6880.01  8.19726e-07  -80
6885.01  8.19755e-07  -80
6890.01  8.19785e-07  -80
6895.01  8.19814e-07  -80
6900.01  8.19843e-07  -80
6905.01  8.19872e-07  -80
6910.01  8.19901e-07  -80
6915.01  8.1993e-07  -80
6920.01  8.19958e-07  -80
6925.01  8.19987e-07  -80
6930.01  8.20015e-07  -80
6935.01  8.20044e-07  -80
6940.01  8.20072e-07  -80
6945.01  8.201e-07  -80
6950.01  8.20129e-07  -80
6955.01  8.20157e-07  -80
6960.01  8.20185e-07  -80
6965.01  8.20212e-07  -80
6970.01  8.2024e-07  -80
6975.01  8.20268e-07  -80
6980.01  8.20295e-07  -80
6985.01  8.20323e-07  -80
6990.01  8.2035e-07  -80
6995.01  8.20378e-07  -80
7000.01  8.20405e-07  -80
7005.01  8.20432e-07  -80
7010.01  8.20459e-07  -80
7015.01  8.20486e-07  -80
7020.01  8.20513e-07  -80
7025.01  8.2054e-07  -80
7030.01  8.20566e-07  -80
7035.01  8.20593e-07  -80
7040.01  8.20619e-07  -80
7045.01  8.20646e-07  -80
7050.01  8.20672e-07  -80
7055.01  8.20698e-07  -80
7060.01  8.20725e-07  -80
7065.01  8.20751e-07  -80
7070.01  8.20777e-07  -80
7075.01  8.20802e-07  -80
7080.01  8.20828e-07  -80
7085.01  8.20854e-07  -80
7090.01  8.2088e-07  -80
7095.01  8.20905e-07  -80
7100.01  8.20931e-07  -80
7105.01  8.20956e-07  -80
7110.01  8.20981e-07  -80
7115.01  8.21007e-07  -80
7120.01  8.21032e-07  -80
7125.01  8.21057e-07  -80
7130.01  8.21082e-07  -80
7135.01  8.21107e-07  -80
7140.01  8.21132e-07  -80
7145.01  8.21156e-07  -80
7150.01  8.21181e-07  -80
7155.01  8.21205e-07  -80
7160.01  8.2123e-07  -80
7165.01  8.21254e-07  -80
7170.01  8.21279e-07  -80
7175.01  8.21303e-07  -80
7180.01  8.21327e-07  -80
7185.01  8.21351e-07  -80
7190.01  8.21375e-07  -80
7195.01  8.21399e-07  -80
7200.01  8.21423e-07  -80
7205.01  8.21447e-07  -80
7210.01  8.2147e-07  -80
7215.01  8.21494e-07  -80
7220.01  8.21518e-07  -80
7225.01  8.21541e-07  -80
7230.01  8.21564e-07  -80
7235.01  8.21588e-07  -80
7240.01  8.21611e-07  -80
7245.01  8.21634e-07  -80
7250.01  8.21657e-07  -80
7255.01  8.2168e-07  -80
7260.01  8.21703e-07  -80
7265.01  8.21726e-07  -80
7270.01  8.21749e-07  -80
7275.01  8.21771e-07  -80
7280.01  8.21794e-07  -80
7285.01  8.21817e-07  -80
7290.01  8.21839e-07  -80
7295.01  8.21861e-07  -80
7300.01  8.21884e-07  -80
7305.01  8.21906e-07  -80
7310.01  8.21928e-07  -80
7315.01  8.2195e-07  -80
7320.01  8.21972e-07  -80
7325.01  8.21994e-07  -80
7330.01  8.22016e-07  -80
7335.01  8.22038e-07  -80
7340.01  8.2206e-07  -80
7345.01  8.22081e-07  -80
7350.01  8.22103e-07  -80
7355.01  8.22125e-07  -80
7360.01  8.22146e-07  -80
7365.01  8.22167e-07  -80
7370.01  8.22189e-07  -80
7375.01  8.2221e-07  -80
7380.01  8.22231e-07  -80
7385.01  8.22252e-07  -80
7390.01  8.22273e-07  -80
7395.01  8.22294e-07  -80
7400.01  8.22315e-07  -80
7405.01  8.22336e-07  -80
7410.01  8.22357e-07  -80
7415.01  8.22377e-07  -80
7420.01  8.22398e-07  -80
7425.01  8.22419e-07  -80
7430.01  8.22439e-07  -80
7435.01  8.22459e-07  -80
7440.01  8.2248e-07  -80
7445.01  8.225e-07  -80
7450.01  8.2252e-07  -80
7455.01  8.2254e-07  -80
7460.01  8.22561e-07  -80
7465.01  8.22581e-07  -80
7470.01  8.226e-07  -80
7475.01  8.2262e-07  -80
7480.01  8.2264e-07  -80
7485.01  8.2266e-07  -80
7490.01  8.2268e-07  -80
7495.01  8.22699e-07  -80
7500.01  8.22719e-07  -80
7505.01  8.22738e-07  -80
7510.01  8.22758e-07  -80
7515.01  8.22777e-07  -80
7520.01  8.22796e-07  -80
7525.01  8.22816e-07  -80
7530.01  8.22835e-07  -80
7535.01  8.22854e-07  -80
7540.01  8.22873e-07  -80
7545.01  8.22892e-07  -80
7550.01  8.22911e-07  -80
7555.01  8.2293e-07  -80
7560.01  8.22949e-07  -80
7565.01  8.22967e-07  -80
7570.01  8.22986e-07  -80
7575.01  8.23005e-07  -80
7580.01  8.23023e-07  -80
7585.01  8.23042e-07  -80
7590.01  8.2306e-07  -80
7595.01  8.23078e-07  -80
7600.01  8.23097e-07  -80
7605.01  8.23115e-07  -80
7610.01  8.23133e-07  -80
7615.01  8.23151e-07  -80
7620.01  8.23169e-07  -80
7625.01  8.23187e-07  -80
7630.01  8.23205e-07  -80
7635.01  8.23223e-07  -80
7640.01  8.23241e-07  -80
7645.01  8.23259e-07  -80
7650.01  8.23277e-07  -80
7655.01  8.23294e-07  -80
7660.01  8.23312e-07  -80
7665.01  8.23329e-07  -80
7670.01  8.23347e-07  -80
7675.01  8.23364e-07  -80
7680.01  8.23382e-07  -80
7685.01  8.23399e-07  -80
7690.01  8.23416e-07  -80
7695.01  8.23433e-07  -80
7700.01  8.2345e-07  -80
7705.01  8.23468e-07  -80
7710.01  8.23485e-07  -80
7715.01  8.23502e-07  -80
7720.01  8.23518e-07  -80
7725.01  8.23535e-07  -80
7730.01  8.23552e-07  -80
7735.01  8.23569e-07  -80
7740.01  8.23586e-07  -80
7745.01  8.23602e-07  -80
7750.01  8.23619e-07  -80
7755.01  8.23635e-07  -80
7760.01  8.23652e-07  -80
7765.01  8.23668e-07  -80
7770.01  8.23685e-07  -80
7775.01  8.23701e-07  -80
7780.01  8.23717e-07  -80
7785.01  8.23733e-07  -80
7790.01  8.23749e-07  -80
7795.01  8.23766e-07  -80
7800.01  8.23782e-07  -80
7805.01  8.23798e-07  -80
7810.01  8.23814e-07  -80
7815.01  8.23829e-07  -80
7820.01  8.23845e-07  -80
7825.01  8.23861e-07  -80
7830.01  8.23877e-07  -80
7835.01  8.23892e-07  -80
7840.01  8.23908e-07  -80
7845.01  8.23924e-07  -80
7850.01  8.23939e-07  -80
7855.01  8.23955e-07  -80
7860.01  8.2397e-07  -80
7865.01  8.23985e-07  -80
7870.01  8.24001e-07  -80
7875.01  8.24016e-07  -80
7880.01  8.24031e-07  -80
7885.01  8.24046e-07  -80
7890.01  8.24061e-07  -80
7895.01  8.24077e-07  -80
7900.01  8.24092e-07  -80
7905.01  8.24107e-07  -80
7910.01  8.24121e-07  -80
7915.01  8.24136e-07  -80
7920.01  8.24151e-07  -80
7925.01  8.24166e-07  -80
7930.01  8.24181e-07  -80
7935.01  8.24195e-07  -80
7940.01  8.2421e-07  -80
7945.01  8.24225e-07  -80
7950.01  8.24239e-07  -80
7955.01  8.24254e-07  -80
7960.01  8.24268e-07  -80
7965.01  8.24282e-07  -80
7970.01  8.24297e-07  -80
7975.01  8.24311e-07  -80
7980.01  8.24325e-07  -80
7985.01  8.24339e-07  -80
7990.01  8.24354e-07  -80
7995.01  8.24368e-07  -80
8000.01  8.24382e-07  -80
8005.01  8.24396e-07  -80
8010.01  8.2441e-07  -80
8015.01  8.24424e-07  -80
8020.01  8.24437e-07  -80
8025.01  8.24451e-07  -80
8030.01  8.24465e-07  -80
8035.01  8.24479e-07  -80
8040.01  8.24492e-07  -80
8045.01  8.24506e-07  -80
8050.01  8.2452e-07  -80
8055.01  8.24533e-07  -80
8060.01  8.24547e-07  -80
8065.01  8.2456e-07  -80
8070.01  8.24574e-07  -80
8075.01  8.24587e-07  -80
8080.01  8.246e-07  -80
8085.01  8.24614e-07  -80
8090.01  8.24627e-07  -80
8095.01  8.2464e-07  -80
8100.01  8.24653e-07  -80
8105.01  8.24666e-07  -80
8110.01  8.24679e-07  -80
8115.01  8.24693e-07  -80
8120.01  8.24705e-07  -80
8125.01  8.24718e-07  -80
8130.01  8.24731e-07  -80
8135.01  8.24744e-07  -80
8140.01  8.24757e-07  -80
8145.01  8.2477e-07  -80
8150.01  8.24782e-07  -80
8155.01  8.24795e-07  -80
8160.01  8.24808e-07  -80
8165.01  8.2482e-07  -80
8170.01  8.24833e-07  -80
8175.01  8.24846e-07  -80
8180.01  8.24858e-07  -80
8185.01  8.2487e-07  -80
8190.01  8.24883e-07  -80
8195.01  8.24895e-07  -80
8200.01  8.24908e-07  -80
8205.01  8.2492e-07  -80
8210.01  8.24932e-07  -80
8215.01  8.24944e-07  -80
8220.01  8.24956e-07  -80
8225.01  8.24968e-07  -80
8230.01  8.24981e-07  -80
8235.01  8.24993e-07  -80
8240.01  8.25005e-07  -80
8245.01  8.25017e-07  -80
8250.01  8.25028e-07  -80
8255.01  8.2504e-07  -80
8260.01  8.25052e-07  -80
8265.01  8.25064e-07  -80
8270.01  8.25076e-07  -80
8275.01  8.25087e-07  -80
8280.01  8.25099e-07  -80
8285.01  8.25111e-07  -80
8290.01  8.25122e-07  -80
8295.01  8.25134e-07  -80
8300.01  8.25145e-07  -80
8305.01  8.25157e-07  -80
8310.01  8.25168e-07  -80
8315.01  8.2518e-07  -80
8320.01  8.25191e-07  -80
8325.01  8.25203e-07  -80
8330.01  8.25214e-07  -80
8335.01  8.25225e-07  -80
8340.01  8.25236e-07  -80
8345.01  8.25248e-07  -80
8350.01  8.25259e-07  -80
8355.01  8.2527e-07  -80
8360.01  8.25281e-07  -80
8365.01  8.25292e-07  -80
8370.01  8.25303e-07  -80
8375.01  8.25314e-07  -80
8380.01  8.25325e-07  -80
8385.01  8.25336e-07  -80
8390.01  8.25347e-07  -80
8395.01  8.25357e-07  -80
8400.01  8.25368e-07  -80
8405.01  8.25379e-07  -80
8410.01  8.2539e-07  -80
8415.01  8.254e-07  -80
8420.01  8.25411e-07  -80
8425.01  8.25422e-07  -80
8430.01  8.25432e-07  -80
8435.01  8.25443e-07  -80
8440.01  8.25453e-07  -80
8445.01  8.25464e-07  -80
8450.01  8.25474e-07  -80
8455.01  8.25485e-07  -80
8460.01  8.25495e-07  -80
8465.01  8.25505e-07  -80
8470.01  8.25516e-07  -80
8475.01  8.25526e-07  -80
8480.01  8.25536e-07  -80
8485.01  8.25546e-07  -80
8490.01  8.25556e-07  -80
8495.01  8.25567e-07  -80
8500.01  8.25577e-07  -80
8505.01  8.25587e-07  -80
8510.01  8.25597e-07  -80
8515.01  8.25607e-07  -80
8520.01  8.25617e-07  -80
8525.01  8.25627e-07  -80
8530.01  8.25637e-07  -80
8535.01  8.25646e-07  -80
8540.01  8.25656e-07  -80
8545.01  8.25666e-07  -80
8550.01  8.25676e-07  -80
8555.01  8.25686e-07  -80
8560.01  8.25695e-07  -80
8565.01  8.25705e-07  -80
8570.01  8.25715e-07  -80
8575.01  8.25724e-07  -80
8580.01  8.25734e-07  -80
8585.01  8.25743e-07  -80
8590.01  8.25753e-07  -80
8595.01  8.25762e-07  -80
8600.01  8.25772e-07  -80
8605.01  8.25781e-07  -80
8610.01  8.25791e-07  -80
8615.01  8.258e-07  -80
8620.01  8.25809e-07  -80
8625.01  8.25819e-07  -80
8630.01  8.25828e-07  -80
8635.01  8.25837e-07  -80
8640.01  8.25846e-07  -80
8645.01  8.25856e-07  -80
8650.01  8.25865e-07  -80
8655.01  8.25874e-07  -80
8660.01  8.25883e-07  -80
8665.01  8.25892e-07  -80
8670.01  8.25901e-07  -80
8675.01  8.2591e-07  -80
8680.01  8.25919e-07  -80
8685.01  8.25928e-07  -80
8690.01  8.25937e-07  -80
8695.01  8.25946e-07  -80
8700.01  8.25955e-07  -80
8705.01  8.25963e-07  -80
8710.01  8.25972e-07  -80
8715.01  8.25981e-07  -80
8720.01  8.2599e-07  -80
8725.01  8.25998e-07  -80
8730.01  8.26007e-07  -80
8735.01  8.26016e-07  -80
8740.01  8.26024e-07  -80
8745.01  8.26033e-07  -80
8750.01  8.26041e-07  -80
8755.01  8.2605e-07  -80
8760.01  8.26059e-07  -80
8765.01  8.26067e-07  -80
8770.01  8.26075e-07  -80
8775.01  8.26084e-07  -80
8780.01  8.26092e-07  -80
8785.01  8.26101e-07  -80
8790.01  8.26109e-07  -80
8795.01  8.26117e-07  -80
8800.01  8.26126e-07  -80
8805.01  8.26134e-07  -80
8810.01  8.26142e-07  -80
8815.01  8.2615e-07  -80
8820.01  8.26158e-07  -80
8825.01  8.26167e-07  -80
8830.01  8.26175e-07  -80
8835.01  8.26183e-07  -80
8840.01  8.26191e-07  -80
8845.01  8.26199e-07  -80
8850.01  8.26207e-07  -80
8855.01  8.26215e-07  -80
8860.01  8.26223e-07  -80
8865.01  8.26231e-07  -80
8870.01  8.26239e-07  -80
8875.01  8.26247e-07  -80
8880.01  8.26254e-07  -80
8885.01  8.26262e-07  -80
8890.01  8.2627e-07  -80
8895.01  8.26278e-07  -80
8900.01  8.26286e-07  -80
8905.01  8.26293e-07  -80
8910.01  8.26301e-07  -80
8915.01  8.26309e-07  -80
8920.01  8.26316e-07  -80
8925.01  8.26324e-07  -80
8930.01  8.26332e-07  -80
8935.01  8.26339e-07  -80
8940.01  8.26347e-07  -80
8945.01  8.26354e-07  -80
8950.01  8.26362e-07  -80
8955.01  8.26369e-07  -80
8960.01  8.26377e-07  -80
8965.01  8.26384e-07  -80
8970.01  8.26392e-07  -80
8975.01  8.26399e-07  -80
8980.01  8.26406e-07  -80
8985.01  8.26414e-07  -80
8990.01  8.26421e-07  -80
8995.01  8.26428e-07  -80
9000.01  8.26435e-07  -80
9005.01  8.26443e-07  -80
9010.01  8.2645e-07  -80
9015.01  8.26457e-07  -80
9020.01  8.26464e-07  -80
9025.01  8.26471e-07  -80
9030.01  8.26479e-07  -80
9035.01  8.26486e-07  -80
9040.01  8.26493e-07  -80
9045.01  8.265e-07  -80
9050.01  8.26507e-07  -80
9055.01  8.26514e-07  -80
9060.01  8.26521e-07  -80
9065.01  8.26528e-07  -80
9070.01  8.26535e-07  -80
9075.01  8.26542e-07  -80
9080.01  8.26548e-07  -80
9085.01  8.26555e-07  -80
9090.01  8.26562e-07  -80
9095.01  8.26569e-07  -80
9100.01  8.26576e-07  -80
9105.01  8.26582e-07  -80
9110.01  8.26589e-07  -80
9115.01  8.26596e-07  -80
9120.01  8.26603e-07  -80
9125.01  8.26609e-07  -80
9130.01  8.26616e-07  -80
9135.01  8.26623e-07  -80
9140.01  8.26629e-07  -80
9145.01  8.26636e-07  -80
9150.01  8.26642e-07  -80
9155.01  8.26649e-07  -80
9160.01  8.26656e-07  -80
9165  8.26662e-07  -80
9170  8.26669e-07  -80
9175  8.26675e-07  -80
9180  8.26681e-07  -80
9185  8.26688e-07  -80
9190  8.26694e-07  -80
9195  8.26701e-07  -80
9200  8.26707e-07  -80
9205  8.26713e-07  -80
9210  8.2672e-07  -80
9215  8.26726e-07  -80
9220  8.26732e-07  -80
9225  8.26738e-07  -80
9230  8.26745e-07  -80
9235  8.26751e-07  -80
9240  8.26757e-07  -80
9245  8.26763e-07  -80
9250  8.26769e-07  -80
9255  8.26776e-07  -80
9260  8.26782e-07  -80
9265  8.26788e-07  -80
9270  8.26794e-07  -80
9275  8.268e-07  -80
9280  8.26806e-07  -80
9285  8.26812e-07  -80
9290  8.26818e-07  -80
9295  8.26824e-07  -80
9300  8.2683e-07  -80
9305  8.26836e-07  -80
9310  8.26842e-07  -80
9315  8.26848e-07  -80
9320  8.26854e-07  -80
9325  8.26859e-07  -80
9330  8.26865e-07  -80
9335  8.26871e-07  -80
9340  8.26877e-07  -80
9345  8.26883e-07  -80
9350  8.26888e-07  -80
9355  8.26894e-07  -80
9360  8.269e-07  -80
9365  8.26906e-07  -80
9370  8.26911e-07  -80
9375  8.26917e-07  -80
9380  8.26923e-07  -80
9385  8.26928e-07  -80
9390  8.26934e-07  -80
9395  8.26939e-07  -80
9400  8.26945e-07  -80
9405  8.2695e-07  -80
9410  8.26956e-07  -80
9415  8.26962e-07  -80
9420  8.26967e-07  -80
9425  8.26973e-07  -80
9430  8.26978e-07  -80
9435  8.26983e-07  -80
9440  8.26989e-07  -80
9445  8.26994e-07  -80
9450  8.27e-07  -80
9455  8.27005e-07  -80
9460  8.2701e-07  -80
9465  8.27016e-07  -80
9470  8.27021e-07  -80
9475  8.27026e-07  -80
9480  8.27032e-07  -80
9485  8.27037e-07  -80
9490  8.27042e-07  -80
9495  8.27047e-07  -80
9500  8.27053e-07  -80
9505  8.27058e-07  -80
9510  8.27063e-07  -80
9515  8.27068e-07  -80
9520  8.27073e-07  -80
9525  8.27078e-07  -80
9530  8.27084e-07  -80
9535  8.27089e-07  -80
9540  8.27094e-07  -80
9545  8.27099e-07  -80
9550  8.27104e-07  -80
9555  8.27109e-07  -80
9560  8.27114e-07  -80
9565  8.27119e-07  -80
9570  8.27124e-07  -80
9575  8.27129e-07  -80
9580  8.27134e-07  -80
9585  8.27139e-07  -80
9590  8.27144e-07  -80
9595  8.27149e-07  -80
9600  8.27153e-07  -80
9605  8.27158e-07  -80
9610  8.27163e-07  -80
9615  8.27168e-07  -80
9620  8.27173e-07  -80
9625  8.27178e-07  -80
9630  8.27182e-07  -80
9635  8.27187e-07  -80
9640  8.27192e-07  -80
9645  8.27197e-07  -80
9650  8.27201e-07  -80
9655  8.27206e-07  -80
9660  8.27211e-07  -80
9665  8.27215e-07  -80
9670  8.2722e-07  -80
9675  8.27225e-07  -80
9680  8.27229e-07  -80
9685  8.27234e-07  -80
9690  8.27239e-07  -80
9695  8.27243e-07  -80
9700  8.27248e-07  -80
9705  8.27252e-07  -80
9710  8.27257e-07  -80
9715  8.27261e-07  -80
9720  8.27266e-07  -80
9725  8.2727e-07  -80
9730  8.27275e-07  -80
9735  8.27279e-07  -80
9740  8.27284e-07  -80
9745  8.27288e-07  -80
9750  8.27293e-07  -80
9755  8.27297e-07  -80
9760  8.27301e-07  -80
9765  8.27306e-07  -80
9770  8.2731e-07  -80
9775  8.27315e-07  -80
9780  8.27319e-07  -80
9785  8.27323e-07  -80
9790  8.27327e-07  -80
9795  8.27332e-07  -80
9800  8.27336e-07  -80
9805  8.2734e-07  -80
9810  8.27345e-07  -80
9815  8.27349e-07  -80
9820  8.27353e-07  -80
9825  8.27357e-07  -80
9830  8.27361e-07  -80
9835  8.27366e-07  -80
9840  8.2737e-07  -80
9845  8.27374e-07  -80
9850  8.27378e-07  -80
9855  8.27382e-07  -80
9860  8.27386e-07  -80
9865  8.2739e-07  -80
9870  8.27394e-07  -80
9875  8.27399e-07  -80
9880  8.27403e-07  -80
9885  8.27407e-07  -80
9890  8.27411e-07  -80
9895  8.27415e-07  -80
9900  8.27419e-07  -80
9905  8.27423e-07  -80
9910  8.27427e-07  -80
9915  8.27431e-07  -80
9920  8.27435e-07  -80
9925  8.27439e-07  -80
9930  8.27442e-07  -80
9935  8.27446e-07  -80
9940  8.2745e-07  -80
9945  8.27454e-07  -80
9950  8.27458e-07  -80
9955  8.27462e-07  -80
9960  8.27466e-07  -80
9965  8.2747e-07  -80
9970  8.27473e-07  -80
9975  8.27477e-07  -80
9980  8.27481e-07  -80
9985  8.27485e-07  -80
9990  8.27489e-07  -80
9995  8.27492e-07  -80
10000  2.71841e-05  40
10005  0.00148461  40
10010  0.00391142  40
10015  0.00579448  40
10020  0.00693946  40
10025  0.0075228  40
10030  0.00774588  40
10035  0.00775708  40
10040  0.0076511  40
10045  0.00748422  40
10050  0.00728854  40
10055  0.00708184  40
10060  0.0068737  40
10065  0.00666918  40
10070  0.00647078  40
10075  0.0062797  40
10080  0.00609637  40
10085  0.00592088  40
10090  0.00575308  40
10095  0.00559275  40
10100  0.00543962  40
10105  0.00529339  40
10110  0.00515376  40
10115  0.00502045  40
10120  0.00489318  40
10125  0.00477168  40
10130  0.00465568  40
10135  0.00454494  40
10140  0.00443922  40
10145  0.00433829  40
10150  0.00424193  40
10155  0.00414994  40
10160  0.00406212  40
10165  0.00397829  40
10170  0.00389825  40
10175  0.00382184  40
10180  0.00374889  40
10185  0.00367925  40
10190  0.00361277  40
10195  0.0035493  40
10200  0.00348871  40
10205  0.00343086  40
10210  0.00337564  40
10215  0.00332292  40
10220  0.00327259  40
10225  0.00322454  40
10230  0.00317867  40
10235  0.00313488  40
10240  0.00309307  40
10245  0.00305316  40
10250  0.00301505  40
10255  0.00297868  40
10260  0.00294395  40
10265  0.0029108  40
10270  0.00287915  40
10275  0.00284893  40
10280  0.00282009  40
10285  0.00279255  40
10290  0.00276626  40
10295  0.00274116  40
10300  0.0027172  40
10305  0.00269433  40
10310  0.00267249  40
10315  0.00265164  40
10320  0.00263174  40
10325  0.00261274  40
10330  0.0025946  40
10335  0.00257728  40
10340  0.00256075  40
10345  0.00254497  40
10350  0.0025299  40
10355  0.00251551  40
10360  0.00250178  40
10365  0.00248867  40
10370  0.00247616  40
10375  0.00246421  40
10380  0.0024528  40
10385  0.00244191  40
10390  0.00243151  40
10395  0.00242159  40
10400  0.00241211  40
10405  0.00240307  40
10410  0.00239443  40
10415  0.00238619  40
10420  0.00237832  40
10425  0.00237081  40
10430  0.00236363  40
10435  0.00235678  40
10440  0.00235025  40
10445  0.00234401  40
10450  0.00233805  40
10455  0.00233236  40
10460  0.00232693  40
10465  0.00232174  40
10470  0.0023168  40
10475  0.00231207  40
10480  0.00230756  40
10485  0.00230325  40
10490  0.00229914  40
10495  0.00229522  40
10500  0.00229147  40
10505  0.00228789  40
10510  0.00228448  40
10515  0.00228122  40
10520  0.00227811  40
10525  0.00227514  40
10530  0.0022723  40
10535  0.00226959  40
10540  0.00226701  40
10545  0.00226454  40
10550  0.00226218  40
10555  0.00225993  40
10560  0.00225778  40
10565  0.00225573  40
10570  0.00225378  40
10575  0.00225191  40
10580  0.00225013  40
10585  0.00224842  40
10590  0.0022468  40
10595  0.00224525  40
10600  0.00224376  40
10605  0.00224235  40
10610  0.002241  40
10615  0.00223971  40
10620  0.00223848  40
10625  0.0022373  40
10630  0.00223618  40
10635  0.00223511  40
10640  0.00223409  40
10645  0.00223311  40
10650  0.00223218  40
10655  0.00223129  40
10660  0.00223044  40
10665  0.00222963  40
10670  0.00222886  40
10675  0.00222812  40
10680  0.00222741  40
10685  0.00222674  40
10690  0.0022261  40
10695  0.00222548  40
10700  0.0022249  40
10705  0.00222434  40
10710  0.0022238  40
10715  0.00222329  40
10720  0.00222281  40
10725  0.00222234  40
10730  0.0022219  40
10735  0.00222148  40
10740  0.00222107  40
10745  0.00222069  40
10750  0.00222032  40
10755  0.00221997  40
10760  0.00221963  40
10765  0.00221931  40
10770  0.002219  40
10775  0.00221871  40
10780  0.00221843  40
10785  0.00221817  40
10790  0.00221791  40
10795  0.00221767  40
10800  0.00221744  40
10805  0.00221722  40
10810  0.00221701  40
10815  0.0022168  40
10820  0.00221661  40
10825  0.00221643  40
10830  0.00221625  40
10835  0.00221608  40
10840  0.00221593  40
10845  0.00221577  40
10850  0.00221563  40
10855  0.00221549  40
10860  0.00221535  40
10865  0.00221523  40
10870  0.00221511  40
10875  0.00221499  40
10880  0.00221488  40
10885  0.00221478  40
10890  0.00221468  40
10895  0.00221458  40
10900  0.00221449  40
10905  0.0022144  40
10910  0.00221432  40
10915  0.00221424  40
10920  0.00221416  40
10925  0.00221409  40
10930  0.00221402  40
10935  0.00221395  40
10940  0.00221389  40
10945  0.00221383  40
10950  0.00221377  40
10955  0.00221372  40
10960  0.00221366  40
10965  0.00221361  40
10970  0.00221357  40
10975  0.00221352  40
10980  0.00221348  40
10985  0.00221344  40
10990  0.0022134  40
10995  0.00221336  40
11000  -0.00133857  -120
11000  0.00133853  -50
11005  0.0713138  -50
11010  0.125163  -50
11015  0.166581  -50
11020  0.198417  -50
11025  0.222867  -50
11030  0.241624  -50
11035  0.255993  -50
11040  0.266978  -50
11045  0.275357  -50
11050  0.281725  -50
11055  0.286544  -50
11060  0.29017  -50
11065  0.292875  -50
11070  0.294871  -50
11075  0.29632  -50
11080  0.297348  -50
11085  0.298052  -50
11090  0.298505  -50
11095  0.298766  -50
11100  0.298878  -50
11105  0.298876  -50
11110  0.298786  -50
11115  0.298628  -50
11120  0.298419  -50
11125  0.298169  -50
11130  0.297888  -50
11135  0.297584  -50
11140  0.297262  -50
11145  0.296926  -50
11150  0.29658  -50
11155  0.296225  -50
11160  0.295865  -50
11165  0.295499  -50
11170  0.295131  -50
11175  0.29476  -50
11180  0.294387  -50
11185  0.294013  -50
11190  0.293638  -50
11195  0.293262  -50
11200  0.292887  -50
11205  0.29251  -50
11210  0.292134  -50
11215  0.291759  -50
11220  0.291383  -50
11225  0.291007  -50
11230  0.290632  -50
11235  0.290257  -50
11240  0.289883  -50
11245  0.289509  -50
11250  0.289136  -50
11255  0.288762  -50
11260  0.28839  -50
11265  0.288018  -50
11270  0.287646  -50
11275  0.287275  -50
11280  0.286904  -50
11285  0.286533  -50
11290  0.286163  -50
11295  0.285794  -50
11300  0.285425  -50
11305  0.285057  -50
11310  0.284689  -50
11315  0.284321  -50
11320  0.283954  -50
11325  0.283588  -50
11330  0.283222  -50
11335  0.282856  -50
11340  0.282491  -50
11345  0.282126  -50
11350  0.281762  -50
11355  0.281398  -50
11360  0.281035  -50
11365  0.280672  -50
11370  0.28031  -50
11375  0.279948  -50
11380  0.279587  -50
11385  0.279226  -50
11390  0.278866  -50
11395  0.278506  -50
11400  0.278146  -50
11405  0.277787  -50
11410  0.277429  -50
11415  0.277071  -50
11420  0.276713  -50
11425  0.276356  -50
11430  0.275999  -50
11435  0.275643  -50
11440  0.275287  -50
11445  0.274932  -50
11450  0.274577  -50
11455  0.274223  -50
11460  0.273869  -50
11465  0.273515  -50
11470  0.273162  -50
11475  0.27281  -50
11480  0.272458  -50
11485  0.272106  -50
11490  0.271755  -50
11495  0.271404  -50
11500  0.271054  -50
11505  0.270704  -50
11510  0.270355  -50
11515  0.270006  -50
11520  0.269657  -50
11525  0.269309  -50
11530  0.268962  -50
11535  0.268615  -50
11540  0.268268  -50
11545  0.267922  -50
11550  0.267576  -50
11555  0.267231  -50
11560  0.266886  -50
11565  0.266542  -50
11570  0.266198  -50
11575  0.265854  -50
11580  0.265511  -50
11585  0.265169  -50
11590  0.264826  -50
11595  0.264485  -50
11600  0.264143  -50
11605  0.263803  -50
11610  0.263462  -50
11615  0.263122  -50
11620  0.262783  -50
11625  0.262444  -50
11630  0.262105  -50
11635  0.261767  -50
11640  0.261429  -50
11645  0.261092  -50
11650  0.260755  -50
11655  0.260418  -50
11660  0.260082  -50
11665  0.259747  -50
11670  0.259412  -50
11675  0.259077  -50
11680  0.258743  -50
11685  0.258409  -50
11690  0.258076  -50
11695  0.257743  -50
11700  0.25741  -50
11705  0.257078  -50
11710  0.256746  -50
11715  0.256415  -50
11720  0.256084  -50
11725  0.255754  -50
11730  0.255424  -50
11735  0.255094  -50
11740  0.254765  -50
11745  0.254437  -50
11750  0.254108  -50
11755  0.253781  -50
11760  0.253453  -50
11765  0.253126  -50
11770  0.2528  -50
11775  0.252474  -50
11780  0.252148  -50
11785  0.251823  -50
11790  0.251498  -50
11795  0.251173  -50
11800  0.250849  -50
11805  0.250526  -50
11810  0.250203  -50
11815  0.24988  -50
11820  0.249558  -50
11825  0.249236  -50
11830  0.248914  -50
11835  0.248593  -50
11840  0.248273  -50
11845  0.247952  -50
11850  0.247632  -50
11855  0.247313  -50
11860  0.246994  -50
11865  0.246675  -50
11870  0.246357  -50
11875  0.24604  -50
11880  0.245722  -50
11885  0.245405  -50
11890  0.245089  -50
11895  0.244773  -50
11900  0.244457  -50
11905  0.244142  -50
11910  0.243827  -50
11915  0.243512  -50
11920  0.243198  -50
11925  0.242885  -50
11930  0.242571  -50
11935  0.242259  -50
11940  0.241946  -50
11945  0.241634  -50
11950  0.241323  -50
11955  0.241011  -50
11960  0.2407  -50
11965  0.24039  -50
11970  0.24008  -50
11975  0.23977  -50
11980  0.239461  -50
11985  0.239152  -50
11990  0.238844  -50
11995  0.238536  -50
12000  0.238228  -50
12005  0.237921  -50
12010  0.237614  -50
12015  0.237308  -50
12020  0.237002  -50
12025  0.236696  -50
12030  0.236391  -50
12035  0.236086  -50
12040  0.235782  -50
12045  0.235478  -50
12050  0.235174  -50
12055  0.234871  -50
12060  0.234568  -50
12065  0.234266  -50
12070  0.233964  -50
12075  0.233662  -50
12080  0.233361  -50
12085  0.23306  -50
12090  0.232759  -50
12095  0.232459  -50
12100  0.23216  -50
12105  0.23186  -50
12110  0.231561  -50
12115  0.231263  -50
12120  0.230965  -50
12125  0.230667  -50
12130  0.23037  -50
12135  0.230073  -50
12140  0.229776  -50
12145  0.22948  -50
12150  0.229184  -50
12155  0.228888  -50
12160  0.228593  -50
12165  0.228299  -50
12170  0.228004  -50
12175  0.22771  -50
12180  0.227417  -50
12185  0.227124  -50
12190  0.226831  -50
12195  0.226538  -50
12200  0.226246  -50
12205  0.225955  -50
12210  0.225664  -50
12215  0.225373  -50
12220  0.225082  -50
12225  0.224792  -50
12230  0.224502  -50
12235  0.224213  -50
12240  0.223924  -50
12245  0.223635  -50
12250  0.223347  -50
12255  0.223059  -50
12260  0.222772  -50
12265  0.222484  -50
12270  0.222198  -50
12275  0.221911  -50
12280  0.221625  -50
12285  0.22134  -50
12290  0.221054  -50
12295  0.220769  -50
12300  0.220485  -50
12305  0.220201  -50
12310  0.219917  -50
12315  0.219633  -50
12320  0.21935  -50
12325  0.219068  -50
12330  0.218785  -50
12335  0.218503  -50
12340  0.218222  -50
12345  0.217941  -50
12350  0.21766  -50
12355  0.217379  -50
12360  0.217099  -50
12365  0.216819  -50
12370  0.21654  -50
12375  0.216261  -50
12380  0.215982  -50
12385  0.215704  -50
12390  0.215426  -50
12395  0.215148  -50
12400  0.214871  -50
12405  0.214594  -50
12410  0.214318  -50
12415  0.214041  -50
12420  0.213766  -50
12425  0.21349  -50
12430  0.213215  -50
12435  0.21294  -50
12440  0.212666  -50
12445  0.212392  -50
12450  0.212118  -50
12455  0.211845  -50
12460  0.211572  -50
12465  0.211299  -50
12470  0.211027  -50
12475  0.210755  -50
12480  0.210484  -50
12485  0.210213  -50
12490  0.209942  -50
12495  0.209671  -50
12500  0.209401  -50
12505  0.209131  -50
12510  0.208862  -50
12515  0.208593  -50
12520  0.208324  -50
12525  0.208056  -50
12530  0.207788  -50
12535  0.20752  -50
12540  0.207253  -50
12545  0.206986  -50
12550  0.206719  -50
12555  0.206453  -50
12560  0.206187  -50
12565  0.205921  -50
12570  0.205656  -50
12575  0.205391  -50
12580  0.205126  -50
12585  0.204862  -50
12590  0.204598  -50
12595  0.204335  -50
12600  0.204071  -50
12605  0.203809  -50
12610  0.203546  -50
12615  0.203284  -50
12620  0.203022  -50
12625  0.202761  -50
12630  0.202499  -50
12635  0.202239  -50
12640  0.201978  -50
12645  0.201718  -50
12650  0.201458  -50
12655  0.201199  -50
12660  0.200939  -50
12665  0.200681  -50
12670  0.200422  -50
12675  0.200164  -50
12680  0.199906  -50
12685  0.199649  -50
12690  0.199392  -50
12695  0.199135  -50
12700  0.198878  -50
12705  0.198622  -50
12710  0.198367  -50
12715  0.198111  -50
12720  0.197856  -50
12725  0.197601  -50
12730  0.197347  -50
12735  0.197093  -50
12740  0.196839  -50
12745  0.196585  -50
12750  0.196332  -50
12755  0.196079  -50
12760  0.195827  -50
12765  0.195575  -50
12770  0.195323  -50
12775  0.195071  -50
12780  0.19482  -50
12785  0.194569  -50
12790  0.194319  -50
12795  0.194068  -50
12800  0.193819  -50
12805  0.193569  -50
12810  0.19332  -50
12815  0.193071  -50
12820  0.192822  -50
12825  0.192574  -50
12830  0.192326  -50
12835  0.192078  -50
12840  0.191831  -50
12845  0.191584  -50
12850  0.191338  -50
12855  0.191091  -50
12860  0.190845  -50
12865  0.190599  -50
12870  0.190354  -50
12875  0.190109  -50
12880  0.189864  -50
12885  0.18962  -50
12890  0.189376  -50
12895  0.189132  -50
12900  0.188888  -50
12905  0.188645  -50
12910  0.188402  -50
12915  0.18816  -50
12920  0.187918  -50
12925  0.187676  -50
12930  0.187434  -50
12935  0.187193  -50
12940  0.186952  -50
12945  0.186711  -50
12950  0.186471  -50
12955  0.186231  -50
12960  0.185991  -50
12965  0.185752  -50
12970  0.185513  -50
12975  0.185274  -50
12980  0.185036  -50
12985  0.184797  -50
12990  0.18456  -50
12995  0.184322  -50
13000  0.184085  -50
13005  0.183848  -50
13010  0.183611  -50
13015  0.183375  -50
13020  0.183139  -50
13025  0.182903  -50
13030  0.182668  -50
13035  0.182433  -50
13040  0.182198  -50
13045  0.181964  -50
13050  0.181729  -50
13055  0.181495  -50
13060  0.181262  -50
13065  0.181029  -50
13070  0.180796  -50
13075  0.180563  -50
13080  0.180331  -50
13085  0.180099  -50
13090  0.179867  -50
13095  0.179635  -50
13100  0.179404  -50
13105  0.179173  -50
13110  0.178943  -50
13115  0.178713  -50
13120  0.178483  -50
13125  0.178253  -50
13130  0.178024  -50
13135  0.177795  -50
13140  0.177566  -50
13145  0.177337  -50
13150  0.177109  -50
13155  0.176881  -50
13160  0.176654  -50
13165  0.176426  -50
13170  0.1762  -50
13175  0.175973  -50
13180  0.175746  -50
13185  0.17552  -50
13190  0.175295  -50
13195  0.175069  -50
13200  0.174844  -50
13205  0.174619  -50
13210  0.174394  -50
13215  0.17417  -50
13220  0.173946  -50
13225  0.173722  -50
13230  0.173499  -50
13235  0.173275  -50
13240  0.173052  -50
13245  0.17283  -50
13250  0.172608  -50
13255  0.172386  -50
13260  0.172164  -50
13265  0.171942  -50
13270  0.171721  -50
13275  0.1715  -50
13280  0.17128  -50
13285  0.171059  -50
13290  0.170839  -50
13295  0.17062  -50
13300  0.1704  -50
13305  0.170181  -50
13310  0.169962  -50
13315  0.169744  -50
13320  0.169525  -50
13325  0.169307  -50
13330  0.169089  -50
13335  0.168872  -50
13340  0.168655  -50
13345  0.168438  -50
13350  0.168221  -50
13355  0.168005  -50
13360  0.167789  -50
13365  0.167573  -50
13370  0.167358  -50
13375  0.167142  -50
13380  0.166928  -50
13385  0.166713  -50
13390  0.166498  -50
13395  0.166284  -50
13400  0.166071  -50
13405  0.165857  -50
13410  0.165644  -50
13415  0.165431  -50
13420  0.165218  -50
13425  0.165006  -50
13430  0.164793  -50
13435  0.164582  -50
13440  0.16437  -50
13445  0.164159  -50
13450  0.163948  -50
13455  0.163737  -50
13460  0.163526  -50
13465  0.163316  -50
13470  0.163106  -50
13475  0.162896  -50
13480  0.162687  -50
13485  0.162478  -50
13490  0.162269  -50
13495  0.16206  -50
13500  0.161852  -50
13505  0.161644  -50
13510  0.161436  -50
13515  0.161229  -50
13520  0.161021  -50
13525  0.160814  -50
13530  0.160608  -50
13535  0.160401  -50
13540  0.160195  -50
13545  0.159989  -50
13550  0.159783  -50
13555  0.159578  -50
13560  0.159373  -50
13565  0.159168  -50
13570  0.158963  -50
13575  0.158759  -50
13580  0.158555  -50
13585  0.158351  -50
13590  0.158148  -50
13595  0.157944  -50
13600  0.157741  -50
13605  0.157539  -50
13610  0.157336  -50
13615  0.157134  -50
13620  0.156932  -50
13625  0.15673  -50
13630  0.156529  -50
13635  0.156328  -50
13640  0.156127  -50
13645  0.155926  -50
13650  0.155726  -50
13655  0.155526  -50
13660  0.155326  -50
13665  0.155126  -50
13670  0.154927  -50
13675  0.154728  -50
13680  0.154529  -50
13685  0.154331  -50
13690  0.154132  -50
13695  0.153934  -50
13700  0.153736  -50
13705  0.153539  -50
13710  0.153342  -50
13715  0.153145  -50
13720  0.152948  -50
13725  0.152751  -50
13730  0.152555  -50
13735  0.152359  -50
13740  0.152163  -50
13745  0.151968  -50
13750  0.151773  -50
13755  0.151578  -50
13760  0.151383  -50
13765  0.151188  -50
13770  0.150994  -50
13775  0.1508  -50
13780  0.150606  -50
13785  0.150413  -50
13790  0.15022  -50
13795  0.150027  -50
13800  0.149834  -50
13805  0.149642  -50
13810  0.149449  -50
13815  0.149257  -50
13820  0.149066  -50
13825  0.148874  -50
13830  0.148683  -50
13835  0.148492  -50
13840  0.148301  -50
13845  0.148111  -50
13850  0.147921  -50
13855  0.147731  -50
13860  0.147541  -50
13865  0.147351  -50
13870  0.147162  -50
13875  0.146973  -50
13880  0.146784  -50
13885  0.146596  -50
13890  0.146408  -50
13895  0.14622  -50
13900  0.146032  -50
13905  0.145844  -50
13910  0.145657  -50
13915  0.14547  -50
13920  0.145283  -50
13925  0.145097  -50
13930  0.14491  -50
13935  0.144724  -50
13940  0.144538  -50
13945  0.144353  -50
13950  0.144167  -50
13955  0.143982  -50
13960  0.143797  -50
13965  0.143613  -50
13970  0.143428  -50
13975  0.143244  -50
13980  0.14306  -50
13985  0.142877  -50
13990  0.142693  -50
13995  0.14251  -50
14000  0.142327  -50
14005  0.142144  -50
14010  0.141962  -50
14015  0.14178  -50
14020  0.141597  -50
14025  0.141416  -50
14030  0.141234  -50
14035  0.141053  -50
14040  0.140872  -50
14045  0.140691  -50
14050  0.14051  -50
14055  0.14033  -50
14060  0.14015  -50
14065  0.13997  -50
14070  0.13979  -50
14075  0.139611  -50
14080  0.139432  -50
14085  0.139253  -50
14090  0.139074  -50
14095  0.138895  -50
14100  0.138717  -50
14105  0.138539  -50
14110  0.138361  -50
14115  0.138184  -50
14120  0.138006  -50
14125  0.137829  -50
14130  0.137652  -50
14135  0.137476  -50
14140  0.137299  -50
14145  0.137123  -50
14150  0.136947  -50
14155  0.136771  -50
14160  0.136596  -50
14165  0.136421  -50
14170  0.136246  -50
14175  0.136071  -50
14180  0.135896  -50
14185  0.135722  -50
14190  0.135548  -50
14195  0.135374  -50
14200  0.1352  -50
14205  0.135026  -50
14210  0.134853  -50
14215  0.13468  -50
14220  0.134507  -50
14225  0.134335  -50
14230  0.134162  -50
14235  0.13399  -50
14240  0.133818  -50
14245  0.133647  -50
14250  0.133475  -50
14255  0.133304  -50
14260  0.133133  -50
14265  0.132962  -50
14270  0.132792  -50
14275  0.132621  -50
14280  0.132451  -50
14285  0.132281  -50
14290  0.132112  -50
14295  0.131942  -50
14300  0.131773  -50
14305  0.131604  -50
14310  0.131435  -50
14315  0.131266  -50
14320  0.131098  -50
14325  0.13093  -50
14330  0.130762  -50
14335  0.130594  -50
14340  0.130427  -50
14345  0.130259  -50
14350  0.130092  -50
14355  0.129926  -50
14360  0.129759  -50
14365  0.129593  -50
14370  0.129426  -50
14375  0.12926  -50
14380  0.129095  -50
14385  0.128929  -50
14390  0.128764  -50
14395  0.128599  -50
14400  0.128434  -50
14405  0.128269  -50
14410  0.128104  -50
14415  0.12794  -50
14420  0.127776  -50
14425  0.127612  -50
14430  0.127449  -50
14435  0.127285  -50
14440  0.127122  -50
14445  0.126959  -50
14450  0.126796  -50
14455  0.126634  -50
14460  0.126471  -50
14465  0.126309  -50
14470  0.126147  -50
14475  0.125986  -50
14480  0.125824  -50
14485  0.125663  -50
14490  0.125502  -50
14495  0.125341  -50
14500  0.12518  -50
14505  0.12502  -50
14510  0.124859  -50
14515  0.124699  -50
14520  0.124539  -50
14525  0.12438  -50
14530  0.12422  -50
14535  0.124061  -50
14540  0.123902  -50
14545  0.123743  -50
14550  0.123585  -50
14555  0.123426  -50
14560  0.123268  -50
14565  0.12311  -50
14570  0.122952  -50
14575  0.122795  -50
14580  0.122637  -50
14585  0.12248  -50
14590  0.122323  -50
14595  0.122166  -50
14600  0.12201  -50
14605  0.121854  -50
14610  0.121697  -50
14615  0.121541  -50
14620  0.121386  -50
14625  0.12123  -50
14630  0.121075  -50
14635  0.12092  -50
14640  0.120765  -50
14645  0.12061  -50
14650  0.120455  -50
14655  0.120301  -50
14660  0.120147  -50
14665  0.119993  -50
14670  0.119839  -50
14675  0.119686  -50
14680  0.119532  -50
14685  0.119379  -50
14690  0.119226  -50
14695  0.119074  -50
14700  0.118921  -50
14705  0.118769  -50
14710  0.118617  -50
14715  0.118465  -50
14720  0.118313  -50
14725  0.118161  -50
14730  0.11801  -50
14735  0.117859  -50
14740  0.117708  -50
14745  0.117557  -50
14750  0.117406  -50
14755  0.117256  -50
14760  0.117106  -50
14765  0.116956  -50
14770  0.116806  -50
14775  0.116657  -50
14780  0.116507  -50
14785  0.116358  -50
14790  0.116209  -50
14795  0.11606  -50
14800  0.115911  -50
14805  0.115763  -50
14810  0.115615  -50
14815  0.115467  -50
14820  0.115319  -50
14825  0.115171  -50
14830  0.115024  -50
14835  0.114876  -50
14840  0.114729  -50
14845  0.114582  -50
14850  0.114436  -50
14855  0.114289  -50
14860  0.114143  -50
14865  0.113997  -50
14870  0.113851  -50
14875  0.113705  -50
14880  0.113559  -50
14885  0.113414  -50
14890  0.113269  -50
14895  0.113124  -50
14900  0.112979  -50
14905  0.112834  -50
14910  0.11269  -50
14915  0.112546  -50
14920  0.112402  -50
14925  0.112258  -50
14930  0.112114  -50
14935  0.11197  -50
14940  0.111827  -50
14945  0.111684  -50
14950  0.111541  -50
14955  0.111398  -50
14960  0.111256  -50
