500   0.997868   0.997868
450   0.991343   0.987207
400   0.980966   0.963753
350   0.964465   0.950959
300   0.938225   0.906183
250   0.896497   0.850746
200   0.830141   0.767591
180   0.79369   0.733475
160   0.749808   0.671642
150   0.724618   0.633262
140   0.69698   0.603412
120   0.63338   0.515991
100   0.556815   0.445629
80   0.464647   0.313433
60   0.353789   0.196162
50   0.29039   0.147122
45   0.25662   0.117271
40   0.221541   0.0895522
35   0.18534   0.0703625
30   0.148404   0.0490405
25   0.111479   0.0298507
20   0.0758887   0.0170576
15   0.0438305   0.00852878
