0.005  4.18361e-17  -80
5.005  1.37983e-09  -80
10.005  5.24975e-09  -80
15.005  1.11703e-08  -80
20.005  1.87703e-08  -80
25.005  2.77364e-08  -80
30.005  3.78037e-08  -80
35.005  4.87483e-08  -80
40.005  6.03813e-08  -80
45.005  7.25427e-08  -80
50.005  8.50976e-08  -80
55.005  9.79321e-08  -80
60.005  1.10951e-07  -80
65.005  1.24072e-07  -80
70.005  1.37229e-07  -80
75.005  1.50365e-07  -80
80.005  1.63433e-07  -80
85.005  1.76393e-07  -80
90.005  1.89213e-07  -80
95.005  2.01867e-07  -80
100.005  2.14333e-07  -80
105.005  2.26595e-07  -80
110.005  2.38637e-07  -80
115.005  2.5045e-07  -80
120.005  2.62026e-07  -80
125.005  2.73359e-07  -80
130.005  2.84444e-07  -80
135.005  2.9528e-07  -80
140.005  3.05865e-07  -80
145.005  3.162e-07  -80
150.005  3.26286e-07  -80
155.005  3.36124e-07  -80
160.005  3.45717e-07  -80
165.005  3.55068e-07  -80
170.005  3.6418e-07  -80
175.005  3.73058e-07  -80
180.005  3.81704e-07  -80
185.005  3.90125e-07  -80
190.005  3.98323e-07  -80
195.005  4.06303e-07  -80
200.005  4.14071e-07  -80
205.005  4.21631e-07  -80
210.005  4.28988e-07  -80
215.005  4.36146e-07  -80
220.005  4.4311e-07  -80
225.005  4.49885e-07  -80
230.005  4.56476e-07  -80
235.005  4.62888e-07  -80
240.005  4.69124e-07  -80
245.005  4.75189e-07  -80
250.005  4.81088e-07  -80
255.005  4.86826e-07  -80
260.005  4.92405e-07  -80
265.005  4.97831e-07  -80
270.005  5.03108e-07  -80
275.005  5.0824e-07  -80
280.005  5.13229e-07  -80
285.005  5.18082e-07  -80
290.005  5.228e-07  -80
295.005  5.27388e-07  -80
300.005  5.31849e-07  -80
305.005  5.36187e-07  -80
310.005  5.40405e-07  -80
315.005  5.44506e-07  -80
320.005  5.48493e-07  -80
325.005  5.52371e-07  -80
330.005  5.56141e-07  -80
335.005  5.59806e-07  -80
340.005  5.6337e-07  -80
345.005  5.66836e-07  -80
350.005  5.70205e-07  -80
355.005  5.73481e-07  -80
360.005  5.76666e-07  -80
365.005  5.79763e-07  -80
370.005  5.82774e-07  -80
375.005  5.85702e-07  -80
380.005  5.88549e-07  -80
385.005  5.91316e-07  -80
390.005  5.94007e-07  -80
395.005  5.96623e-07  -80
400.005  5.99167e-07  -80
405.005  6.0164e-07  -80
410.005  6.04045e-07  -80
415.005  6.06383e-07  -80
420.005  6.08656e-07  -80
425.005  6.10866e-07  -80
430.005  6.13015e-07  -80
435.005  6.15104e-07  -80
440.005  6.17135e-07  -80
445.005  6.1911e-07  -80
450.005  6.21031e-07  -80
455.005  6.22898e-07  -80
460.005  6.24713e-07  -80
465.005  6.26478e-07  -80
470.005  6.28194e-07  -80
475.005  6.29862e-07  -80
480.005  6.31484e-07  -80
485.005  6.33061e-07  -80
490.005  6.34594e-07  -80
495.005  6.36085e-07  -80
500.005  6.37535e-07  -80
505.005  6.38944e-07  -80
510.005  6.40314e-07  -80
515.005  6.41646e-07  -80
520.005  6.42942e-07  -80
525.005  6.44201e-07  -80
530.005  6.45425e-07  -80
535.005  6.46616e-07  -80
540.005  6.47773e-07  -80
545.005  6.48899e-07  -80
550.005  6.49993e-07  -80
555.005  6.51056e-07  -80
560.005  6.52091e-07  -80
565.005  6.53096e-07  -80
570.005  6.54074e-07  -80
575.005  6.55025e-07  -80
580.005  6.55949e-07  -80
585.005  6.56847e-07  -80
590.005  6.57721e-07  -80
595.005  6.58571e-07  -80
600.005  6.59396e-07  -80
605.005  6.60199e-07  -80
610.005  6.6098e-07  -80
615.005  6.61739e-07  -80
620.005  6.62477e-07  -80
625.005  6.63195e-07  -80
630.005  6.63892e-07  -80
635.005  6.64571e-07  -80
640.005  6.6523e-07  -80
645.005  6.65871e-07  -80
650.005  6.66495e-07  -80
655.005  6.67101e-07  -80
660.005  6.6769e-07  -80
665.005  6.68263e-07  -80
670.005  6.6882e-07  -80
675.005  6.69362e-07  -80
680.005  6.69889e-07  -80
685.005  6.70401e-07  -80
690.005  6.70898e-07  -80
695.005  6.71382e-07  -80
700.005  6.71853e-07  -80
705.005  6.7231e-07  -80
710.005  6.72755e-07  -80
715.005  6.73188e-07  -80
720.005  6.73608e-07  -80
725.005  6.74017e-07  -80
730.005  6.74415e-07  -80
735.005  6.74801e-07  -80
740.005  6.75177e-07  -80
745.005  6.75542e-07  -80
750.005  6.75897e-07  -80
755.005  6.76243e-07  -80
760.005  6.76578e-07  -80
765.005  6.76905e-07  -80
770.005  6.77222e-07  -80
775.005  6.77531e-07  -80
780.005  6.77831e-07  -80
785.005  6.78123e-07  -80
790.005  6.78406e-07  -80
795.005  6.78682e-07  -80
800.005  6.7895e-07  -80
805.005  6.79211e-07  -80
810.005  6.79464e-07  -80
815.005  6.79711e-07  -80
820.005  6.7995e-07  -80
825.005  6.80183e-07  -80
830.005  6.8041e-07  -80
835.005  6.8063e-07  -80
840.005  6.80844e-07  -80
845.005  6.81052e-07  -80
850.005  6.81255e-07  -80
855.005  6.81452e-07  -80
860.005  6.81643e-07  -80
865.005  6.81829e-07  -80
870.005  6.8201e-07  -80
875.005  6.82186e-07  -80
880.005  6.82357e-07  -80
885.005  6.82523e-07  -80
890.005  6.82684e-07  -80
895.005  6.82841e-07  -80
900.005  6.82994e-07  -80
905.005  6.83143e-07  -80
910.005  6.83287e-07  -80
915.005  6.83428e-07  -80
920.005  6.83564e-07  -80
925.005  6.83697e-07  -80
930.005  6.83826e-07  -80
935.005  6.83951e-07  -80
940.005  6.84073e-07  -80
945.005  6.84192e-07  -80
950.005  6.84307e-07  -80
955.005  6.84419e-07  -80
960.005  6.84528e-07  -80
965.005  6.84634e-07  -80
970.005  6.84737e-07  -80
975.005  6.84838e-07  -80
980.005  6.84935e-07  -80
985.005  6.8503e-07  -80
990.005  6.85122e-07  -80
995.005  6.85211e-07  -80
1000  6.85298e-07  -80
1005  6.85383e-07  -80
1010  6.85465e-07  -80
1015  6.85545e-07  -80
1020  6.85623e-07  -80
1025  6.85699e-07  -80
1030  6.85772e-07  -80
1035  6.85844e-07  -80
1040  6.85913e-07  -80
1045  6.85981e-07  -80
1050  6.86047e-07  -80
1055  6.8611e-07  -80
1060  6.86173e-07  -80
1065.01  6.86233e-07  -80
1070.01  6.86292e-07  -80
1075.01  6.86349e-07  -80
1080.01  6.86404e-07  -80
1085.01  6.86458e-07  -80
1090.01  6.86511e-07  -80
1095.01  6.86562e-07  -80
1100.01  6.86611e-07  -80
1105.01  6.8666e-07  -80
1110.01  6.86706e-07  -80
1115.01  6.86752e-07  -80
1120.01  6.86796e-07  -80
1125.01  6.86839e-07  -80
1130.01  6.86881e-07  -80
1135.01  6.86922e-07  -80
1140.01  6.86962e-07  -80
1145.01  6.87e-07  -80
1150.01  6.87038e-07  -80
1155.01  6.87074e-07  -80
1160.01  6.87109e-07  -80
1165.01  6.87144e-07  -80
1170.01  6.87177e-07  -80
1175.01  6.8721e-07  -80
1180.01  6.87241e-07  -80
1185.01  6.87272e-07  -80
1190.01  6.87302e-07  -80
1195.01  6.87331e-07  -80
1200.01  6.87359e-07  -80
1205.01  6.87387e-07  -80
1210.01  6.87414e-07  -80
1215.01  6.8744e-07  -80
1220.01  6.87465e-07  -80
1225.01  6.87489e-07  -80
1230.01  6.87513e-07  -80
1235.01  6.87536e-07  -80
1240.01  6.87559e-07  -80
1245.01  6.87581e-07  -80
1250.01  6.87602e-07  -80
1255.01  6.87623e-07  -80
1260.01  6.87643e-07  -80
1265.01  6.87663e-07  -80
1270.01  6.87682e-07  -80
1275.01  6.877e-07  -80
1280.01  6.87718e-07  -80
1285.01  6.87736e-07  -80
1290.01  6.87753e-07  -80
1295.01  6.87769e-07  -80
1300.01  6.87786e-07  -80
1305.01  6.87801e-07  -80
1310.01  6.87816e-07  -80
1315.01  6.87831e-07  -80
1320.01  6.87846e-07  -80
1325.01  6.8786e-07  -80
1330.01  6.87873e-07  -80
1335.01  6.87886e-07  -80
1340.01  6.87899e-07  -80
1345.01  6.87912e-07  -80
1350.01  6.87924e-07  -80
1355.01  6.87936e-07  -80
1360.01  6.87947e-07  -80
1365.01  6.87958e-07  -80
1370.01  6.87969e-07  -80
1375.01  6.8798e-07  -80
1380.01  6.8799e-07  -80
1385.01  6.88e-07  -80
1390.01  6.8801e-07  -80
1395.01  6.88019e-07  -80
1400.01  6.88028e-07  -80
1405.01  6.88037e-07  -80
1410.01  6.88046e-07  -80
1415.01  6.88054e-07  -80
1420.01  6.88063e-07  -80
1425.01  6.88071e-07  -80
1430.01  6.88078e-07  -80
1435.01  6.88086e-07  -80
1440.01  6.88093e-07  -80
1445.01  6.881e-07  -80
1450.01  6.88107e-07  -80
1455.01  6.88114e-07  -80
1460.01  6.88121e-07  -80
1465.01  6.88127e-07  -80
1470.01  6.88133e-07  -80
1475.01  6.88139e-07  -80
1480.01  6.88145e-07  -80
1485.01  6.88151e-07  -80
1490.01  6.88156e-07  -80
1495.01  6.88162e-07  -80
1500.01  6.88167e-07  -80
1505.01  6.88172e-07  -80
1510.01  6.88177e-07  -80
1515.01  6.88182e-07  -80
1520.01  6.88186e-07  -80
1525.01  6.88191e-07  -80
1530.01  6.88195e-07  -80
1535.01  6.882e-07  -80
1540.01  6.88204e-07  -80
1545.01  6.88208e-07  -80
1550.01  6.88212e-07  -80
1555.01  6.88216e-07  -80
1560.01  6.88219e-07  -80
1565.01  6.88223e-07  -80
1570.01  6.88226e-07  -80
1575.01  6.8823e-07  -80
1580.01  6.88233e-07  -80
1585.01  6.88236e-07  -80
1590.01  6.8824e-07  -80
1595.01  6.88243e-07  -80
1600.01  6.88246e-07  -80
1605.01  6.88249e-07  -80
1610.01  6.88251e-07  -80
1615.01  6.88254e-07  -80
1620.01  6.88257e-07  -80
1625.01  6.88259e-07  -80
1630.01  6.88262e-07  -80
1635.01  6.88264e-07  -80
1640.01  6.88267e-07  -80
1645.01  6.88269e-07  -80
1650.01  6.88271e-07  -80
1655.01  6.88273e-07  -80
1660.01  6.88276e-07  -80
1665.01  6.88278e-07  -80
1670.01  6.8828e-07  -80
1675.01  6.88282e-07  -80
1680.01  6.88283e-07  -80
1685.01  6.88285e-07  -80
1690.01  6.88287e-07  -80
1695.01  6.88289e-07  -80
1700.01  6.88291e-07  -80
1705.01  6.88292e-07  -80
1710.01  6.88294e-07  -80
1715.01  6.88295e-07  -80
1720.01  6.88297e-07  -80
1725.01  6.88298e-07  -80
1730.01  6.883e-07  -80
1735.01  6.88301e-07  -80
1740.01  6.88303e-07  -80
1745.01  6.88304e-07  -80
1750.01  6.88305e-07  -80
1755.01  6.88306e-07  -80
1760.01  6.88308e-07  -80
1765.01  6.88309e-07  -80
1770.01  6.8831e-07  -80
1775.01  6.88311e-07  -80
1780.01  6.88312e-07  -80
1785.01  6.88313e-07  -80
1790.01  6.88314e-07  -80
1795.01  6.88315e-07  -80
1800.01  6.88316e-07  -80
1805.01  6.88317e-07  -80
1810.01  6.88318e-07  -80
1815.01  6.88319e-07  -80
1820.01  6.8832e-07  -80
1825.01  6.88321e-07  -80
1830.01  6.88321e-07  -80
1835.01  6.88322e-07  -80
1840.01  6.88323e-07  -80
1845.01  6.88324e-07  -80
1850.01  6.88324e-07  -80
1855.01  6.88325e-07  -80
1860.01  6.88326e-07  -80
1865.01  6.88327e-07  -80
1870.01  6.88327e-07  -80
1875.01  6.88328e-07  -80
1880.01  6.88328e-07  -80
1885.01  6.88329e-07  -80
1890.01  6.8833e-07  -80
1895.01  6.8833e-07  -80
1900.01  6.88331e-07  -80
1905.01  6.88331e-07  -80
1910.01  6.88332e-07  -80
1915.01  6.88332e-07  -80
1920.01  6.88333e-07  -80
1925.01  6.88333e-07  -80
1930.01  6.88334e-07  -80
1935.01  6.88334e-07  -80
1940.01  6.88335e-07  -80
1945.01  6.88335e-07  -80
1950.01  6.88335e-07  -80
1955.01  6.88336e-07  -80
1960.01  6.88336e-07  -80
1965.01  6.88337e-07  -80
1970.01  6.88337e-07  -80
1975.01  6.88337e-07  -80
1980.01  6.88338e-07  -80
1985.01  6.88338e-07  -80
1990.01  6.88338e-07  -80
1995.01  6.88339e-07  -80
2000.01  6.88339e-07  -80
2005.01  6.88339e-07  -80
2010.01  6.8834e-07  -80
2015.01  6.8834e-07  -80
2020.01  6.8834e-07  -80
2025.01  6.8834e-07  -80
2030.01  6.88341e-07  -80
2035.01  6.88341e-07  -80
2040.01  6.88341e-07  -80
2045.01  6.88342e-07  -80
2050.01  6.88342e-07  -80
2055.01  6.88342e-07  -80
2060.01  6.88342e-07  -80
2065.01  6.88342e-07  -80
2070.01  6.88343e-07  -80
2075.01  6.88343e-07  -80
2080.01  6.88343e-07  -80
2085.01  6.88343e-07  -80
2090.01  6.88343e-07  -80
2095.01  6.88344e-07  -80
2100.01  6.88344e-07  -80
2105.01  6.88344e-07  -80
2110.01  6.88344e-07  -80
2115.01  6.88344e-07  -80
2120.01  6.88344e-07  -80
2125.01  6.88345e-07  -80
2130.01  6.88345e-07  -80
2135.01  6.88345e-07  -80
2140.01  6.88345e-07  -80
2145.01  6.88345e-07  -80
2150.01  6.88345e-07  -80
2155.01  6.88345e-07  -80
2160.01  6.88346e-07  -80
2165.01  6.88346e-07  -80
2170.01  6.88346e-07  -80
2175.01  6.88346e-07  -80
2180.01  6.88346e-07  -80
2185.01  6.88346e-07  -80
2190.01  6.88346e-07  -80
2195.01  6.88346e-07  -80
2200.01  6.88346e-07  -80
2205.01  6.88347e-07  -80
2210.01  6.88347e-07  -80
2215.01  6.88347e-07  -80
2220.01  6.88347e-07  -80
2225.01  6.88347e-07  -80
2230.01  6.88347e-07  -80
2235.01  6.88347e-07  -80
2240.01  6.88347e-07  -80
2245.01  6.88347e-07  -80
2250.01  6.88347e-07  -80
2255.01  6.88347e-07  -80
2260.01  6.88348e-07  -80
2265.01  6.88348e-07  -80
2270.01  6.88348e-07  -80
2275.01  6.88348e-07  -80
2280.01  6.88348e-07  -80
2285.01  6.88348e-07  -80
2290.01  6.88348e-07  -80
2295.01  6.88348e-07  -80
2300.01  6.88348e-07  -80
2305.01  6.88348e-07  -80
2310.01  6.88348e-07  -80
2315.01  6.88348e-07  -80
2320.01  6.88348e-07  -80
2325.01  6.88348e-07  -80
2330.01  6.88348e-07  -80
2335.01  6.88348e-07  -80
2340.01  6.88348e-07  -80
2345.01  6.88348e-07  -80
2350.01  6.88349e-07  -80
2355.01  6.88349e-07  -80
2360.01  6.88349e-07  -80
2365.01  6.88349e-07  -80
2370.01  6.88349e-07  -80
2375.01  6.88349e-07  -80
2380.01  6.88349e-07  -80
2385.01  6.88349e-07  -80
2390.01  6.88349e-07  -80
2395.01  6.88349e-07  -80
2400.01  6.88349e-07  -80
2405.01  6.88349e-07  -80
2410.01  6.88349e-07  -80
2415.01  6.88349e-07  -80
2420.01  6.88349e-07  -80
2425.01  6.88349e-07  -80
2430.01  6.88349e-07  -80
2435.01  6.88349e-07  -80
2440.01  6.88349e-07  -80
2445.01  6.88349e-07  -80
2450.01  6.88349e-07  -80
2455.01  6.88349e-07  -80
2460.01  6.88349e-07  -80
2465.01  6.88349e-07  -80
2470.01  6.88349e-07  -80
2475.01  6.88349e-07  -80
2480.01  6.88349e-07  -80
2485.01  6.88349e-07  -80
2490.01  6.88349e-07  -80
2495.01  6.88349e-07  -80
2500.01  6.88349e-07  -80
2505.01  6.88349e-07  -80
2510.01  6.88349e-07  -80
2515.01  6.88349e-07  -80
2520.01  6.88349e-07  -80
2525.01  6.88349e-07  -80
2530.01  6.88349e-07  -80
2535.01  6.8835e-07  -80
2540.01  6.8835e-07  -80
2545.01  6.8835e-07  -80
2550.01  6.8835e-07  -80
2555.01  6.8835e-07  -80
2560.01  6.8835e-07  -80
2565.01  6.8835e-07  -80
2570.01  6.8835e-07  -80
2575.01  6.8835e-07  -80
2580.01  6.8835e-07  -80
2585.01  6.8835e-07  -80
2590.01  6.8835e-07  -80
2595.01  6.8835e-07  -80
2600.01  6.8835e-07  -80
2605.01  6.8835e-07  -80
2610.01  6.8835e-07  -80
2615.01  6.8835e-07  -80
2620.01  6.8835e-07  -80
2625.01  6.8835e-07  -80
2630.01  6.8835e-07  -80
2635.01  6.8835e-07  -80
2640.01  6.8835e-07  -80
2645.01  6.8835e-07  -80
2650.01  6.8835e-07  -80
2655.01  6.8835e-07  -80
2660.01  6.8835e-07  -80
2665.01  6.8835e-07  -80
2670.01  6.8835e-07  -80
2675.01  6.8835e-07  -80
2680.01  6.8835e-07  -80
2685.01  6.8835e-07  -80
2690.01  6.8835e-07  -80
2695.01  6.8835e-07  -80
2700.01  6.8835e-07  -80
2705.01  6.8835e-07  -80
2710.01  6.8835e-07  -80
2715.01  6.8835e-07  -80
2720.01  6.8835e-07  -80
2725.01  6.8835e-07  -80
2730.01  6.8835e-07  -80
2735.01  6.8835e-07  -80
2740.01  6.8835e-07  -80
2745.01  6.8835e-07  -80
2750.01  6.8835e-07  -80
2755.01  6.8835e-07  -80
2760.01  6.8835e-07  -80
2765.01  6.8835e-07  -80
2770.01  6.8835e-07  -80
2775.01  6.8835e-07  -80
2780.01  6.8835e-07  -80
2785.01  6.8835e-07  -80
2790.01  6.8835e-07  -80
2795.01  6.8835e-07  -80
2800.01  6.8835e-07  -80
2805.01  6.8835e-07  -80
2810.01  6.8835e-07  -80
2815.01  6.8835e-07  -80
2820.01  6.8835e-07  -80
2825.01  6.8835e-07  -80
2830.01  6.8835e-07  -80
2835.01  6.8835e-07  -80
2840.01  6.8835e-07  -80
2845.01  6.8835e-07  -80
2850.01  6.8835e-07  -80
2855.01  6.8835e-07  -80
2860.01  6.8835e-07  -80
2865.01  6.8835e-07  -80
2870.01  6.8835e-07  -80
2875.01  6.8835e-07  -80
2880.01  6.8835e-07  -80
2885.01  6.8835e-07  -80
2890.01  6.8835e-07  -80
2895.01  6.8835e-07  -80
2900.01  6.8835e-07  -80
2905.01  6.8835e-07  -80
2910.01  6.8835e-07  -80
2915.01  6.8835e-07  -80
2920.01  6.8835e-07  -80
2925.01  6.8835e-07  -80
2930.01  6.8835e-07  -80
2935.01  6.8835e-07  -80
2940.01  6.8835e-07  -80
2945.01  6.8835e-07  -80
2950.01  6.8835e-07  -80
2955.01  6.8835e-07  -80
2960.01  6.8835e-07  -80
2965.01  6.8835e-07  -80
2970.01  6.8835e-07  -80
2975.01  6.8835e-07  -80
2980.01  6.8835e-07  -80
2985.01  6.8835e-07  -80
2990.01  6.8835e-07  -80
2995.01  6.8835e-07  -80
3000.01  6.8835e-07  -80
3005.01  6.8835e-07  -80
3010.01  6.8835e-07  -80
3015.01  6.8835e-07  -80
3020.01  6.8835e-07  -80
3025.01  6.8835e-07  -80
3030.01  6.8835e-07  -80
3035.01  6.8835e-07  -80
3040.01  6.8835e-07  -80
3045.01  6.8835e-07  -80
3050.01  6.8835e-07  -80
3055.01  6.8835e-07  -80
3060.01  6.8835e-07  -80
3065.01  6.8835e-07  -80
3070.01  6.8835e-07  -80
3075.01  6.8835e-07  -80
3080.01  6.8835e-07  -80
3085.01  6.8835e-07  -80
3090.01  6.8835e-07  -80
3095.01  6.8835e-07  -80
3100.01  6.8835e-07  -80
3105.01  6.8835e-07  -80
3110.01  6.8835e-07  -80
3115.01  6.8835e-07  -80
3120.01  6.8835e-07  -80
3125.01  6.8835e-07  -80
3130.01  6.8835e-07  -80
3135.01  6.8835e-07  -80
3140.01  6.8835e-07  -80
3145.01  6.8835e-07  -80
3150.01  6.8835e-07  -80
3155.01  6.8835e-07  -80
3160.01  6.8835e-07  -80
3165.01  6.8835e-07  -80
3170.01  6.8835e-07  -80
3175.01  6.8835e-07  -80
3180.01  6.8835e-07  -80
3185.01  6.8835e-07  -80
3190.01  6.8835e-07  -80
3195.01  6.8835e-07  -80
3200.01  6.8835e-07  -80
3205.01  6.8835e-07  -80
3210.01  6.8835e-07  -80
3215.01  6.8835e-07  -80
3220.01  6.8835e-07  -80
3225.01  6.8835e-07  -80
3230.01  6.8835e-07  -80
3235.01  6.8835e-07  -80
3240.01  6.8835e-07  -80
3245.01  6.8835e-07  -80
3250.01  6.8835e-07  -80
3255.01  6.8835e-07  -80
3260.01  6.8835e-07  -80
3265.01  6.8835e-07  -80
3270.01  6.8835e-07  -80
3275.01  6.8835e-07  -80
3280.01  6.8835e-07  -80
3285.01  6.8835e-07  -80
3290.01  6.8835e-07  -80
3295.01  6.8835e-07  -80
3300.01  6.8835e-07  -80
3305.01  6.8835e-07  -80
3310.01  6.8835e-07  -80
3315.01  6.8835e-07  -80
3320.01  6.8835e-07  -80
3325.01  6.8835e-07  -80
3330.01  6.8835e-07  -80
3335.01  6.8835e-07  -80
3340.01  6.8835e-07  -80
3345.01  6.8835e-07  -80
3350.01  6.8835e-07  -80
3355.01  6.8835e-07  -80
3360.01  6.8835e-07  -80
3365.01  6.8835e-07  -80
3370.01  6.8835e-07  -80
3375.01  6.8835e-07  -80
3380.01  6.8835e-07  -80
3385.01  6.8835e-07  -80
3390.01  6.8835e-07  -80
3395.01  6.8835e-07  -80
3400.01  6.8835e-07  -80
3405.01  6.8835e-07  -80
3410.01  6.8835e-07  -80
3415.01  6.8835e-07  -80
3420.01  6.8835e-07  -80
3425.01  6.8835e-07  -80
3430.01  6.8835e-07  -80
3435.01  6.8835e-07  -80
3440.01  6.8835e-07  -80
3445.01  6.8835e-07  -80
3450.01  6.8835e-07  -80
3455.01  6.8835e-07  -80
3460.01  6.8835e-07  -80
3465.01  6.8835e-07  -80
3470.01  6.8835e-07  -80
3475.01  6.8835e-07  -80
3480.01  6.8835e-07  -80
3485.01  6.8835e-07  -80
3490.01  6.8835e-07  -80
3495.01  6.8835e-07  -80
3500.01  6.8835e-07  -80
3505.01  6.8835e-07  -80
3510.01  6.8835e-07  -80
3515.01  6.8835e-07  -80
3520.01  6.8835e-07  -80
3525.01  6.8835e-07  -80
3530.01  6.8835e-07  -80
3535.01  6.8835e-07  -80
3540.01  6.8835e-07  -80
3545.01  6.8835e-07  -80
3550.01  6.8835e-07  -80
3555.01  6.8835e-07  -80
3560.01  6.8835e-07  -80
3565.01  6.8835e-07  -80
3570.01  6.8835e-07  -80
3575.01  6.8835e-07  -80
3580.01  6.8835e-07  -80
3585.01  6.8835e-07  -80
3590.01  6.8835e-07  -80
3595.01  6.8835e-07  -80
3600.01  6.8835e-07  -80
3605.01  6.8835e-07  -80
3610.01  6.8835e-07  -80
3615.01  6.8835e-07  -80
3620.01  6.8835e-07  -80
3625.01  6.8835e-07  -80
3630.01  6.8835e-07  -80
3635.01  6.8835e-07  -80
3640.01  6.8835e-07  -80
3645.01  6.8835e-07  -80
3650.01  6.8835e-07  -80
3655.01  6.8835e-07  -80
3660.01  6.8835e-07  -80
3665.01  6.8835e-07  -80
3670.01  6.8835e-07  -80
3675.01  6.8835e-07  -80
3680.01  6.8835e-07  -80
3685.01  6.8835e-07  -80
3690.01  6.8835e-07  -80
3695.01  6.8835e-07  -80
3700.01  6.8835e-07  -80
3705.01  6.8835e-07  -80
3710.01  6.8835e-07  -80
3715.01  6.8835e-07  -80
3720.01  6.8835e-07  -80
3725.01  6.8835e-07  -80
3730.01  6.8835e-07  -80
3735.01  6.8835e-07  -80
3740.01  6.8835e-07  -80
3745.01  6.8835e-07  -80
3750.01  6.8835e-07  -80
3755.01  6.8835e-07  -80
3760.01  6.8835e-07  -80
3765.01  6.8835e-07  -80
3770.01  6.8835e-07  -80
3775.01  6.8835e-07  -80
3780.01  6.8835e-07  -80
3785.01  6.8835e-07  -80
3790.01  6.8835e-07  -80
3795.01  6.8835e-07  -80
3800.01  6.8835e-07  -80
3805.01  6.8835e-07  -80
3810.01  6.8835e-07  -80
3815.01  6.8835e-07  -80
3820.01  6.8835e-07  -80
3825.01  6.8835e-07  -80
3830.01  6.8835e-07  -80
3835.01  6.8835e-07  -80
3840.01  6.8835e-07  -80
3845.01  6.8835e-07  -80
3850.01  6.8835e-07  -80
3855.01  6.8835e-07  -80
3860.01  6.8835e-07  -80
3865.01  6.8835e-07  -80
3870.01  6.8835e-07  -80
3875.01  6.8835e-07  -80
3880.01  6.8835e-07  -80
3885.01  6.8835e-07  -80
3890.01  6.8835e-07  -80
3895.01  6.8835e-07  -80
3900.01  6.8835e-07  -80
3905.01  6.8835e-07  -80
3910.01  6.8835e-07  -80
3915.01  6.8835e-07  -80
3920.01  6.8835e-07  -80
3925.01  6.8835e-07  -80
3930.01  6.8835e-07  -80
3935.01  6.8835e-07  -80
3940.01  6.8835e-07  -80
3945.01  6.8835e-07  -80
3950.01  6.8835e-07  -80
3955.01  6.8835e-07  -80
3960.01  6.8835e-07  -80
3965.01  6.8835e-07  -80
3970.01  6.8835e-07  -80
3975.01  6.8835e-07  -80
3980.01  6.8835e-07  -80
3985.01  6.8835e-07  -80
3990.01  6.8835e-07  -80
3995.01  6.8835e-07  -80
4000.01  6.8835e-07  -80
4005.01  6.8835e-07  -80
4010.01  6.8835e-07  -80
4015.01  6.8835e-07  -80
4020.01  6.8835e-07  -80
4025.01  6.8835e-07  -80
4030.01  6.8835e-07  -80
4035.01  6.8835e-07  -80
4040.01  6.8835e-07  -80
4045.01  6.8835e-07  -80
4050.01  6.8835e-07  -80
4055.01  6.8835e-07  -80
4060.01  6.8835e-07  -80
4065.01  6.8835e-07  -80
4070.01  6.8835e-07  -80
4075.01  6.8835e-07  -80
4080.01  6.8835e-07  -80
4085.01  6.8835e-07  -80
4090.01  6.8835e-07  -80
4095.01  6.8835e-07  -80
4100.01  6.8835e-07  -80
4105.01  6.8835e-07  -80
4110.01  6.8835e-07  -80
4115.01  6.8835e-07  -80
4120.01  6.8835e-07  -80
4125.01  6.8835e-07  -80
4130.01  6.8835e-07  -80
4135.01  6.8835e-07  -80
4140.01  6.8835e-07  -80
4145.01  6.8835e-07  -80
4150.01  6.8835e-07  -80
4155.01  6.8835e-07  -80
4160.01  6.8835e-07  -80
4165.01  6.8835e-07  -80
4170.01  6.8835e-07  -80
4175.01  6.8835e-07  -80
4180.01  6.8835e-07  -80
4185.01  6.8835e-07  -80
4190.01  6.8835e-07  -80
4195.01  6.8835e-07  -80
4200.01  6.8835e-07  -80
4205.01  6.8835e-07  -80
4210.01  6.8835e-07  -80
4215.01  6.8835e-07  -80
4220.01  6.8835e-07  -80
4225.01  6.8835e-07  -80
4230.01  6.8835e-07  -80
4235.01  6.8835e-07  -80
4240.01  6.8835e-07  -80
4245.01  6.8835e-07  -80
4250.01  6.8835e-07  -80
4255.01  6.8835e-07  -80
4260.01  6.8835e-07  -80
4265.01  6.8835e-07  -80
4270.01  6.8835e-07  -80
4275.01  6.8835e-07  -80
4280.01  6.8835e-07  -80
4285.01  6.8835e-07  -80
4290.01  6.8835e-07  -80
4295.01  6.8835e-07  -80
4300.01  6.8835e-07  -80
4305.01  6.8835e-07  -80
4310.01  6.8835e-07  -80
4315.01  6.8835e-07  -80
4320.01  6.8835e-07  -80
4325.01  6.8835e-07  -80
4330.01  6.8835e-07  -80
4335.01  6.8835e-07  -80
4340.01  6.8835e-07  -80
4345.01  6.8835e-07  -80
4350.01  6.8835e-07  -80
4355.01  6.8835e-07  -80
4360.01  6.8835e-07  -80
4365.01  6.8835e-07  -80
4370.01  6.8835e-07  -80
4375.01  6.8835e-07  -80
4380.01  6.8835e-07  -80
4385.01  6.8835e-07  -80
4390.01  6.8835e-07  -80
4395.01  6.8835e-07  -80
4400.01  6.8835e-07  -80
4405.01  6.8835e-07  -80
4410.01  6.8835e-07  -80
4415.01  6.8835e-07  -80
4420.01  6.8835e-07  -80
4425.01  6.8835e-07  -80
4430.01  6.8835e-07  -80
4435.01  6.8835e-07  -80
4440.01  6.8835e-07  -80
4445.01  6.8835e-07  -80
4450.01  6.8835e-07  -80
4455.01  6.8835e-07  -80
4460.01  6.8835e-07  -80
4465.01  6.8835e-07  -80
4470.01  6.8835e-07  -80
4475.01  6.8835e-07  -80
4480.01  6.8835e-07  -80
4485.01  6.8835e-07  -80
4490.01  6.8835e-07  -80
4495.01  6.8835e-07  -80
4500.01  6.8835e-07  -80
4505.01  6.8835e-07  -80
4510.01  6.8835e-07  -80
4515.01  6.8835e-07  -80
4520.01  6.8835e-07  -80
4525.01  6.8835e-07  -80
4530.01  6.8835e-07  -80
4535.01  6.8835e-07  -80
4540.01  6.8835e-07  -80
4545.01  6.8835e-07  -80
4550.01  6.8835e-07  -80
4555.01  6.8835e-07  -80
4560.01  6.8835e-07  -80
4565.01  6.8835e-07  -80
4570.01  6.8835e-07  -80
4575.01  6.8835e-07  -80
4580.01  6.8835e-07  -80
4585.01  6.8835e-07  -80
4590.01  6.8835e-07  -80
4595.01  6.8835e-07  -80
4600.01  6.8835e-07  -80
4605.01  6.8835e-07  -80
4610.01  6.8835e-07  -80
4615.01  6.8835e-07  -80
4620.01  6.8835e-07  -80
4625.01  6.8835e-07  -80
4630.01  6.8835e-07  -80
4635.01  6.8835e-07  -80
4640.01  6.8835e-07  -80
4645.01  6.8835e-07  -80
4650.01  6.8835e-07  -80
4655.01  6.8835e-07  -80
4660.01  6.8835e-07  -80
4665.01  6.8835e-07  -80
4670.01  6.8835e-07  -80
4675.01  6.8835e-07  -80
4680.01  6.8835e-07  -80
4685.01  6.8835e-07  -80
4690.01  6.8835e-07  -80
4695.01  6.8835e-07  -80
4700.01  6.8835e-07  -80
4705.01  6.8835e-07  -80
4710.01  6.8835e-07  -80
4715.01  6.8835e-07  -80
4720.01  6.8835e-07  -80
4725.01  6.8835e-07  -80
4730.01  6.8835e-07  -80
4735.01  6.8835e-07  -80
4740.01  6.8835e-07  -80
4745.01  6.8835e-07  -80
4750.01  6.8835e-07  -80
4755.01  6.8835e-07  -80
4760.01  6.8835e-07  -80
4765.01  6.8835e-07  -80
4770.01  6.8835e-07  -80
4775.01  6.8835e-07  -80
4780.01  6.8835e-07  -80
4785.01  6.8835e-07  -80
4790.01  6.8835e-07  -80
4795.01  6.8835e-07  -80
4800.01  6.8835e-07  -80
4805.01  6.8835e-07  -80
4810.01  6.8835e-07  -80
4815.01  6.8835e-07  -80
4820.01  6.8835e-07  -80
4825.01  6.8835e-07  -80
4830.01  6.8835e-07  -80
4835.01  6.8835e-07  -80
4840.01  6.8835e-07  -80
4845.01  6.8835e-07  -80
4850.01  6.8835e-07  -80
4855.01  6.8835e-07  -80
4860.01  6.8835e-07  -80
4865.01  6.8835e-07  -80
4870.01  6.8835e-07  -80
4875.01  6.8835e-07  -80
4880.01  6.8835e-07  -80
4885.01  6.8835e-07  -80
4890.01  6.8835e-07  -80
4895.01  6.8835e-07  -80
4900.01  6.8835e-07  -80
4905.01  6.8835e-07  -80
4910.01  6.8835e-07  -80
4915.01  6.8835e-07  -80
4920.01  6.8835e-07  -80
4925.01  6.8835e-07  -80
4930.01  6.8835e-07  -80
4935.01  6.8835e-07  -80
4940.01  6.8835e-07  -80
4945.01  6.8835e-07  -80
4950.01  6.8835e-07  -80
4955.01  6.8835e-07  -80
4960.01  6.8835e-07  -80
4965.01  6.8835e-07  -80
4970.01  6.8835e-07  -80
4975.01  6.8835e-07  -80
4980.01  6.8835e-07  -80
4985.01  6.8835e-07  -80
4990.01  6.8835e-07  -80
4995.01  6.8835e-07  -80
5000.01  6.8835e-07  -80
5005.01  6.8835e-07  -80
5010.01  6.8835e-07  -80
5015.01  6.8835e-07  -80
5020.01  6.8835e-07  -80
5025.01  6.8835e-07  -80
5030.01  6.8835e-07  -80
5035.01  6.8835e-07  -80
5040.01  6.8835e-07  -80
5045.01  6.8835e-07  -80
5050.01  6.8835e-07  -80
5055.01  6.8835e-07  -80
5060.01  6.8835e-07  -80
5065.01  6.8835e-07  -80
5070.01  6.8835e-07  -80
5075.01  6.8835e-07  -80
5080.01  6.8835e-07  -80
5085.01  6.8835e-07  -80
5090.01  6.8835e-07  -80
5095.01  6.8835e-07  -80
5100.01  6.8835e-07  -80
5105.01  6.8835e-07  -80
5110.01  6.8835e-07  -80
5115.01  6.8835e-07  -80
5120.01  6.8835e-07  -80
5125.01  6.8835e-07  -80
5130.01  6.8835e-07  -80
5135.01  6.8835e-07  -80
5140.01  6.8835e-07  -80
5145.01  6.8835e-07  -80
5150.01  6.8835e-07  -80
5155.01  6.8835e-07  -80
5160.01  6.8835e-07  -80
5165.01  6.8835e-07  -80
5170.01  6.8835e-07  -80
5175.01  6.8835e-07  -80
5180.01  6.8835e-07  -80
5185.01  6.8835e-07  -80
5190.01  6.8835e-07  -80
5195.01  6.8835e-07  -80
5200.01  6.8835e-07  -80
5205.01  6.8835e-07  -80
5210.01  6.8835e-07  -80
5215.01  6.8835e-07  -80
5220.01  6.8835e-07  -80
5225.01  6.8835e-07  -80
5230.01  6.8835e-07  -80
5235.01  6.8835e-07  -80
5240.01  6.8835e-07  -80
5245.01  6.8835e-07  -80
5250.01  6.8835e-07  -80
5255.01  6.8835e-07  -80
5260.01  6.8835e-07  -80
5265.01  6.8835e-07  -80
5270.01  6.8835e-07  -80
5275.01  6.8835e-07  -80
5280.01  6.8835e-07  -80
5285.01  6.8835e-07  -80
5290.01  6.8835e-07  -80
5295.01  6.8835e-07  -80
5300.01  6.8835e-07  -80
5305.01  6.8835e-07  -80
5310.01  6.8835e-07  -80
5315.01  6.8835e-07  -80
5320.01  6.8835e-07  -80
5325.01  6.8835e-07  -80
5330.01  6.8835e-07  -80
5335.01  6.8835e-07  -80
5340.01  6.8835e-07  -80
5345.01  6.8835e-07  -80
5350.01  6.8835e-07  -80
5355.01  6.8835e-07  -80
5360.01  6.8835e-07  -80
5365.01  6.8835e-07  -80
5370.01  6.8835e-07  -80
5375.01  6.8835e-07  -80
5380.01  6.8835e-07  -80
5385.01  6.8835e-07  -80
5390.01  6.8835e-07  -80
5395.01  6.8835e-07  -80
5400.01  6.8835e-07  -80
5405.01  6.8835e-07  -80
5410.01  6.8835e-07  -80
5415.01  6.8835e-07  -80
5420.01  6.8835e-07  -80
5425.01  6.8835e-07  -80
5430.01  6.8835e-07  -80
5435.01  6.8835e-07  -80
5440.01  6.8835e-07  -80
5445.01  6.8835e-07  -80
5450.01  6.8835e-07  -80
5455.01  6.8835e-07  -80
5460.01  6.8835e-07  -80
5465.01  6.8835e-07  -80
5470.01  6.8835e-07  -80
5475.01  6.8835e-07  -80
5480.01  6.8835e-07  -80
5485.01  6.8835e-07  -80
5490.01  6.8835e-07  -80
5495.01  6.8835e-07  -80
5500.01  6.8835e-07  -80
5505.01  6.8835e-07  -80
5510.01  6.8835e-07  -80
5515.01  6.8835e-07  -80
5520.01  6.8835e-07  -80
5525.01  6.8835e-07  -80
5530.01  6.8835e-07  -80
5535.01  6.8835e-07  -80
5540.01  6.8835e-07  -80
5545.01  6.8835e-07  -80
5550.01  6.8835e-07  -80
5555.01  6.8835e-07  -80
5560.01  6.8835e-07  -80
5565.01  6.8835e-07  -80
5570.01  6.8835e-07  -80
5575.01  6.8835e-07  -80
5580.01  6.8835e-07  -80
5585.01  6.8835e-07  -80
5590.01  6.8835e-07  -80
5595.01  6.8835e-07  -80
5600.01  6.8835e-07  -80
5605.01  6.8835e-07  -80
5610.01  6.8835e-07  -80
5615.01  6.8835e-07  -80
5620.01  6.8835e-07  -80
5625.01  6.8835e-07  -80
5630.01  6.8835e-07  -80
5635.01  6.8835e-07  -80
5640.01  6.8835e-07  -80
5645.01  6.8835e-07  -80
5650.01  6.8835e-07  -80
5655.01  6.8835e-07  -80
5660.01  6.8835e-07  -80
5665.01  6.8835e-07  -80
5670.01  6.8835e-07  -80
5675.01  6.8835e-07  -80
5680.01  6.8835e-07  -80
5685.01  6.8835e-07  -80
5690.01  6.8835e-07  -80
5695.01  6.8835e-07  -80
5700.01  6.8835e-07  -80
5705.01  6.8835e-07  -80
5710.01  6.8835e-07  -80
5715.01  6.8835e-07  -80
5720.01  6.8835e-07  -80
5725.01  6.8835e-07  -80
5730.01  6.8835e-07  -80
5735.01  6.8835e-07  -80
5740.01  6.8835e-07  -80
5745.01  6.8835e-07  -80
5750.01  6.8835e-07  -80
5755.01  6.8835e-07  -80
5760.01  6.8835e-07  -80
5765.01  6.8835e-07  -80
5770.01  6.8835e-07  -80
5775.01  6.8835e-07  -80
5780.01  6.8835e-07  -80
5785.01  6.8835e-07  -80
5790.01  6.8835e-07  -80
5795.01  6.8835e-07  -80
5800.01  6.8835e-07  -80
5805.01  6.8835e-07  -80
5810.01  6.8835e-07  -80
5815.01  6.8835e-07  -80
5820.01  6.8835e-07  -80
5825.01  6.8835e-07  -80
5830.01  6.8835e-07  -80
5835.01  6.8835e-07  -80
5840.01  6.8835e-07  -80
5845.01  6.8835e-07  -80
5850.01  6.8835e-07  -80
5855.01  6.8835e-07  -80
5860.01  6.8835e-07  -80
5865.01  6.8835e-07  -80
5870.01  6.8835e-07  -80
5875.01  6.8835e-07  -80
5880.01  6.8835e-07  -80
5885.01  6.8835e-07  -80
5890.01  6.8835e-07  -80
5895.01  6.8835e-07  -80
5900.01  6.8835e-07  -80
5905.01  6.8835e-07  -80
5910.01  6.8835e-07  -80
5915.01  6.8835e-07  -80
5920.01  6.8835e-07  -80
5925.01  6.8835e-07  -80
5930.01  6.8835e-07  -80
5935.01  6.8835e-07  -80
5940.01  6.8835e-07  -80
5945.01  6.8835e-07  -80
5950.01  6.8835e-07  -80
5955.01  6.8835e-07  -80
5960.01  6.8835e-07  -80
5965.01  6.8835e-07  -80
5970.01  6.8835e-07  -80
5975.01  6.8835e-07  -80
5980.01  6.8835e-07  -80
5985.01  6.8835e-07  -80
5990.01  6.8835e-07  -80
5995.01  6.8835e-07  -80
6000.01  6.8835e-07  -80
6005.01  6.8835e-07  -80
6010.01  6.8835e-07  -80
6015.01  6.8835e-07  -80
6020.01  6.8835e-07  -80
6025.01  6.8835e-07  -80
6030.01  6.8835e-07  -80
6035.01  6.8835e-07  -80
6040.01  6.8835e-07  -80
6045.01  6.8835e-07  -80
6050.01  6.8835e-07  -80
6055.01  6.8835e-07  -80
6060.01  6.8835e-07  -80
6065.01  6.8835e-07  -80
6070.01  6.8835e-07  -80
6075.01  6.8835e-07  -80
6080.01  6.8835e-07  -80
6085.01  6.8835e-07  -80
6090.01  6.8835e-07  -80
6095.01  6.8835e-07  -80
6100.01  6.8835e-07  -80
6105.01  6.8835e-07  -80
6110.01  6.8835e-07  -80
6115.01  6.8835e-07  -80
6120.01  6.8835e-07  -80
6125.01  6.8835e-07  -80
6130.01  6.8835e-07  -80
6135.01  6.8835e-07  -80
6140.01  6.8835e-07  -80
6145.01  6.8835e-07  -80
6150.01  6.8835e-07  -80
6155.01  6.8835e-07  -80
6160.01  6.8835e-07  -80
6165.01  6.8835e-07  -80
6170.01  6.8835e-07  -80
6175.01  6.8835e-07  -80
6180.01  6.8835e-07  -80
6185.01  6.8835e-07  -80
6190.01  6.8835e-07  -80
6195.01  6.8835e-07  -80
6200.01  6.8835e-07  -80
6205.01  6.8835e-07  -80
6210.01  6.8835e-07  -80
6215.01  6.8835e-07  -80
6220.01  6.8835e-07  -80
6225.01  6.8835e-07  -80
6230.01  6.8835e-07  -80
6235.01  6.8835e-07  -80
6240.01  6.8835e-07  -80
6245.01  6.8835e-07  -80
6250.01  6.8835e-07  -80
6255.01  6.8835e-07  -80
6260.01  6.8835e-07  -80
6265.01  6.8835e-07  -80
6270.01  6.8835e-07  -80
6275.01  6.8835e-07  -80
6280.01  6.8835e-07  -80
6285.01  6.8835e-07  -80
6290.01  6.8835e-07  -80
6295.01  6.8835e-07  -80
6300.01  6.8835e-07  -80
6305.01  6.8835e-07  -80
6310.01  6.8835e-07  -80
6315.01  6.8835e-07  -80
6320.01  6.8835e-07  -80
6325.01  6.8835e-07  -80
6330.01  6.8835e-07  -80
6335.01  6.8835e-07  -80
6340.01  6.8835e-07  -80
6345.01  6.8835e-07  -80
6350.01  6.8835e-07  -80
6355.01  6.8835e-07  -80
6360.01  6.8835e-07  -80
6365.01  6.8835e-07  -80
6370.01  6.8835e-07  -80
6375.01  6.8835e-07  -80
6380.01  6.8835e-07  -80
6385.01  6.8835e-07  -80
6390.01  6.8835e-07  -80
6395.01  6.8835e-07  -80
6400.01  6.8835e-07  -80
6405.01  6.8835e-07  -80
6410.01  6.8835e-07  -80
6415.01  6.8835e-07  -80
6420.01  6.8835e-07  -80
6425.01  6.8835e-07  -80
6430.01  6.8835e-07  -80
6435.01  6.8835e-07  -80
6440.01  6.8835e-07  -80
6445.01  6.8835e-07  -80
6450.01  6.8835e-07  -80
6455.01  6.8835e-07  -80
6460.01  6.8835e-07  -80
6465.01  6.8835e-07  -80
6470.01  6.8835e-07  -80
6475.01  6.8835e-07  -80
6480.01  6.8835e-07  -80
6485.01  6.8835e-07  -80
6490.01  6.8835e-07  -80
6495.01  6.8835e-07  -80
6500.01  6.8835e-07  -80
6505.01  6.8835e-07  -80
6510.01  6.8835e-07  -80
6515.01  6.8835e-07  -80
6520.01  6.8835e-07  -80
6525.01  6.8835e-07  -80
6530.01  6.8835e-07  -80
6535.01  6.8835e-07  -80
6540.01  6.8835e-07  -80
6545.01  6.8835e-07  -80
6550.01  6.8835e-07  -80
6555.01  6.8835e-07  -80
6560.01  6.8835e-07  -80
6565.01  6.8835e-07  -80
6570.01  6.8835e-07  -80
6575.01  6.8835e-07  -80
6580.01  6.8835e-07  -80
6585.01  6.8835e-07  -80
6590.01  6.8835e-07  -80
6595.01  6.8835e-07  -80
6600.01  6.8835e-07  -80
6605.01  6.8835e-07  -80
6610.01  6.8835e-07  -80
6615.01  6.8835e-07  -80
6620.01  6.8835e-07  -80
6625.01  6.8835e-07  -80
6630.01  6.8835e-07  -80
6635.01  6.8835e-07  -80
6640.01  6.8835e-07  -80
6645.01  6.8835e-07  -80
6650.01  6.8835e-07  -80
6655.01  6.8835e-07  -80
6660.01  6.8835e-07  -80
6665.01  6.8835e-07  -80
6670.01  6.8835e-07  -80
6675.01  6.8835e-07  -80
6680.01  6.8835e-07  -80
6685.01  6.8835e-07  -80
6690.01  6.8835e-07  -80
6695.01  6.8835e-07  -80
6700.01  6.8835e-07  -80
6705.01  6.8835e-07  -80
6710.01  6.8835e-07  -80
6715.01  6.8835e-07  -80
6720.01  6.8835e-07  -80
6725.01  6.8835e-07  -80
6730.01  6.8835e-07  -80
6735.01  6.8835e-07  -80
6740.01  6.8835e-07  -80
6745.01  6.8835e-07  -80
6750.01  6.8835e-07  -80
6755.01  6.8835e-07  -80
6760.01  6.8835e-07  -80
6765.01  6.8835e-07  -80
6770.01  6.8835e-07  -80
6775.01  6.8835e-07  -80
6780.01  6.8835e-07  -80
6785.01  6.8835e-07  -80
6790.01  6.8835e-07  -80
6795.01  6.8835e-07  -80
6800.01  6.8835e-07  -80
6805.01  6.8835e-07  -80
6810.01  6.8835e-07  -80
6815.01  6.8835e-07  -80
6820.01  6.8835e-07  -80
6825.01  6.8835e-07  -80
6830.01  6.8835e-07  -80
6835.01  6.8835e-07  -80
6840.01  6.8835e-07  -80
6845.01  6.8835e-07  -80
6850.01  6.8835e-07  -80
6855.01  6.8835e-07  -80
6860.01  6.8835e-07  -80
6865.01  6.8835e-07  -80
6870.01  6.8835e-07  -80
6875.01  6.8835e-07  -80
6880.01  6.8835e-07  -80
6885.01  6.8835e-07  -80
6890.01  6.8835e-07  -80
6895.01  6.8835e-07  -80
6900.01  6.8835e-07  -80
6905.01  6.8835e-07  -80
6910.01  6.8835e-07  -80
6915.01  6.8835e-07  -80
6920.01  6.8835e-07  -80
6925.01  6.8835e-07  -80
6930.01  6.8835e-07  -80
6935.01  6.8835e-07  -80
6940.01  6.8835e-07  -80
6945.01  6.8835e-07  -80
6950.01  6.8835e-07  -80
6955.01  6.8835e-07  -80
6960.01  6.8835e-07  -80
6965.01  6.8835e-07  -80
6970.01  6.8835e-07  -80
6975.01  6.8835e-07  -80
6980.01  6.8835e-07  -80
6985.01  6.8835e-07  -80
6990.01  6.8835e-07  -80
6995.01  6.8835e-07  -80
7000.01  6.8835e-07  -80
7005.01  6.8835e-07  -80
7010.01  6.8835e-07  -80
7015.01  6.8835e-07  -80
7020.01  6.8835e-07  -80
7025.01  6.8835e-07  -80
7030.01  6.8835e-07  -80
7035.01  6.8835e-07  -80
7040.01  6.8835e-07  -80
7045.01  6.8835e-07  -80
7050.01  6.8835e-07  -80
7055.01  6.8835e-07  -80
7060.01  6.8835e-07  -80
7065.01  6.8835e-07  -80
7070.01  6.8835e-07  -80
7075.01  6.8835e-07  -80
7080.01  6.8835e-07  -80
7085.01  6.8835e-07  -80
7090.01  6.8835e-07  -80
7095.01  6.8835e-07  -80
7100.01  6.8835e-07  -80
7105.01  6.8835e-07  -80
7110.01  6.8835e-07  -80
7115.01  6.8835e-07  -80
7120.01  6.8835e-07  -80
7125.01  6.8835e-07  -80
7130.01  6.8835e-07  -80
7135.01  6.8835e-07  -80
7140.01  6.8835e-07  -80
7145.01  6.8835e-07  -80
7150.01  6.8835e-07  -80
7155.01  6.8835e-07  -80
7160.01  6.8835e-07  -80
7165.01  6.8835e-07  -80
7170.01  6.8835e-07  -80
7175.01  6.8835e-07  -80
7180.01  6.8835e-07  -80
7185.01  6.8835e-07  -80
7190.01  6.8835e-07  -80
7195.01  6.8835e-07  -80
7200.01  6.8835e-07  -80
7205.01  6.8835e-07  -80
7210.01  6.8835e-07  -80
7215.01  6.8835e-07  -80
7220.01  6.8835e-07  -80
7225.01  6.8835e-07  -80
7230.01  6.8835e-07  -80
7235.01  6.8835e-07  -80
7240.01  6.8835e-07  -80
7245.01  6.8835e-07  -80
7250.01  6.8835e-07  -80
7255.01  6.8835e-07  -80
7260.01  6.8835e-07  -80
7265.01  6.8835e-07  -80
7270.01  6.8835e-07  -80
7275.01  6.8835e-07  -80
7280.01  6.8835e-07  -80
7285.01  6.8835e-07  -80
7290.01  6.8835e-07  -80
7295.01  6.8835e-07  -80
7300.01  6.8835e-07  -80
7305.01  6.8835e-07  -80
7310.01  6.8835e-07  -80
7315.01  6.8835e-07  -80
7320.01  6.8835e-07  -80
7325.01  6.8835e-07  -80
7330.01  6.8835e-07  -80
7335.01  6.8835e-07  -80
7340.01  6.8835e-07  -80
7345.01  6.8835e-07  -80
7350.01  6.8835e-07  -80
7355.01  6.8835e-07  -80
7360.01  6.8835e-07  -80
7365.01  6.8835e-07  -80
7370.01  6.8835e-07  -80
7375.01  6.8835e-07  -80
7380.01  6.8835e-07  -80
7385.01  6.8835e-07  -80
7390.01  6.8835e-07  -80
7395.01  6.8835e-07  -80
7400.01  6.8835e-07  -80
7405.01  6.8835e-07  -80
7410.01  6.8835e-07  -80
7415.01  6.8835e-07  -80
7420.01  6.8835e-07  -80
7425.01  6.8835e-07  -80
7430.01  6.8835e-07  -80
7435.01  6.8835e-07  -80
7440.01  6.8835e-07  -80
7445.01  6.8835e-07  -80
7450.01  6.8835e-07  -80
7455.01  6.8835e-07  -80
7460.01  6.8835e-07  -80
7465.01  6.8835e-07  -80
7470.01  6.8835e-07  -80
7475.01  6.8835e-07  -80
7480.01  6.8835e-07  -80
7485.01  6.8835e-07  -80
7490.01  6.8835e-07  -80
7495.01  6.8835e-07  -80
7500.01  6.8835e-07  -80
7505.01  6.8835e-07  -80
7510.01  6.8835e-07  -80
7515.01  6.8835e-07  -80
7520.01  6.8835e-07  -80
7525.01  6.8835e-07  -80
7530.01  6.8835e-07  -80
7535.01  6.8835e-07  -80
7540.01  6.8835e-07  -80
7545.01  6.8835e-07  -80
7550.01  6.8835e-07  -80
7555.01  6.8835e-07  -80
7560.01  6.8835e-07  -80
7565.01  6.8835e-07  -80
7570.01  6.8835e-07  -80
7575.01  6.8835e-07  -80
7580.01  6.8835e-07  -80
7585.01  6.8835e-07  -80
7590.01  6.8835e-07  -80
7595.01  6.8835e-07  -80
7600.01  6.8835e-07  -80
7605.01  6.8835e-07  -80
7610.01  6.8835e-07  -80
7615.01  6.8835e-07  -80
7620.01  6.8835e-07  -80
7625.01  6.8835e-07  -80
7630.01  6.8835e-07  -80
7635.01  6.8835e-07  -80
7640.01  6.8835e-07  -80
7645.01  6.8835e-07  -80
7650.01  6.8835e-07  -80
7655.01  6.8835e-07  -80
7660.01  6.8835e-07  -80
7665.01  6.8835e-07  -80
7670.01  6.8835e-07  -80
7675.01  6.8835e-07  -80
7680.01  6.8835e-07  -80
7685.01  6.8835e-07  -80
7690.01  6.8835e-07  -80
7695.01  6.8835e-07  -80
7700.01  6.8835e-07  -80
7705.01  6.8835e-07  -80
7710.01  6.8835e-07  -80
7715.01  6.8835e-07  -80
7720.01  6.8835e-07  -80
7725.01  6.8835e-07  -80
7730.01  6.8835e-07  -80
7735.01  6.8835e-07  -80
7740.01  6.8835e-07  -80
7745.01  6.8835e-07  -80
7750.01  6.8835e-07  -80
7755.01  6.8835e-07  -80
7760.01  6.8835e-07  -80
7765.01  6.8835e-07  -80
7770.01  6.8835e-07  -80
7775.01  6.8835e-07  -80
7780.01  6.8835e-07  -80
7785.01  6.8835e-07  -80
7790.01  6.8835e-07  -80
7795.01  6.8835e-07  -80
7800.01  6.8835e-07  -80
7805.01  6.8835e-07  -80
7810.01  6.8835e-07  -80
7815.01  6.8835e-07  -80
7820.01  6.8835e-07  -80
7825.01  6.8835e-07  -80
7830.01  6.8835e-07  -80
7835.01  6.8835e-07  -80
7840.01  6.8835e-07  -80
7845.01  6.8835e-07  -80
7850.01  6.8835e-07  -80
7855.01  6.8835e-07  -80
7860.01  6.8835e-07  -80
7865.01  6.8835e-07  -80
7870.01  6.8835e-07  -80
7875.01  6.8835e-07  -80
7880.01  6.8835e-07  -80
7885.01  6.8835e-07  -80
7890.01  6.8835e-07  -80
7895.01  6.8835e-07  -80
7900.01  6.8835e-07  -80
7905.01  6.8835e-07  -80
7910.01  6.8835e-07  -80
7915.01  6.8835e-07  -80
7920.01  6.8835e-07  -80
7925.01  6.8835e-07  -80
7930.01  6.8835e-07  -80
7935.01  6.8835e-07  -80
7940.01  6.8835e-07  -80
7945.01  6.8835e-07  -80
7950.01  6.8835e-07  -80
7955.01  6.8835e-07  -80
7960.01  6.8835e-07  -80
7965.01  6.8835e-07  -80
7970.01  6.8835e-07  -80
7975.01  6.8835e-07  -80
7980.01  6.8835e-07  -80
7985.01  6.8835e-07  -80
7990.01  6.8835e-07  -80
7995.01  6.8835e-07  -80
8000.01  6.8835e-07  -80
8005.01  6.8835e-07  -80
8010.01  6.8835e-07  -80
8015.01  6.8835e-07  -80
8020.01  6.8835e-07  -80
8025.01  6.8835e-07  -80
8030.01  6.8835e-07  -80
8035.01  6.8835e-07  -80
8040.01  6.8835e-07  -80
8045.01  6.8835e-07  -80
8050.01  6.8835e-07  -80
8055.01  6.8835e-07  -80
8060.01  6.8835e-07  -80
8065.01  6.8835e-07  -80
8070.01  6.8835e-07  -80
8075.01  6.8835e-07  -80
8080.01  6.8835e-07  -80
8085.01  6.8835e-07  -80
8090.01  6.8835e-07  -80
8095.01  6.8835e-07  -80
8100.01  6.8835e-07  -80
8105.01  6.8835e-07  -80
8110.01  6.8835e-07  -80
8115.01  6.8835e-07  -80
8120.01  6.8835e-07  -80
8125.01  6.8835e-07  -80
8130.01  6.8835e-07  -80
8135.01  6.8835e-07  -80
8140.01  6.8835e-07  -80
8145.01  6.8835e-07  -80
8150.01  6.8835e-07  -80
8155.01  6.8835e-07  -80
8160.01  6.8835e-07  -80
8165.01  6.8835e-07  -80
8170.01  6.8835e-07  -80
8175.01  6.8835e-07  -80
8180.01  6.8835e-07  -80
8185.01  6.8835e-07  -80
8190.01  6.8835e-07  -80
8195.01  6.8835e-07  -80
8200.01  6.8835e-07  -80
8205.01  6.8835e-07  -80
8210.01  6.8835e-07  -80
8215.01  6.8835e-07  -80
8220.01  6.8835e-07  -80
8225.01  6.8835e-07  -80
8230.01  6.8835e-07  -80
8235.01  6.8835e-07  -80
8240.01  6.8835e-07  -80
8245.01  6.8835e-07  -80
8250.01  6.8835e-07  -80
8255.01  6.8835e-07  -80
8260.01  6.8835e-07  -80
8265.01  6.8835e-07  -80
8270.01  6.8835e-07  -80
8275.01  6.8835e-07  -80
8280.01  6.8835e-07  -80
8285.01  6.8835e-07  -80
8290.01  6.8835e-07  -80
8295.01  6.8835e-07  -80
8300.01  6.8835e-07  -80
8305.01  6.8835e-07  -80
8310.01  6.8835e-07  -80
8315.01  6.8835e-07  -80
8320.01  6.8835e-07  -80
8325.01  6.8835e-07  -80
8330.01  6.8835e-07  -80
8335.01  6.8835e-07  -80
8340.01  6.8835e-07  -80
8345.01  6.8835e-07  -80
8350.01  6.8835e-07  -80
8355.01  6.8835e-07  -80
8360.01  6.8835e-07  -80
8365.01  6.8835e-07  -80
8370.01  6.8835e-07  -80
8375.01  6.8835e-07  -80
8380.01  6.8835e-07  -80
8385.01  6.8835e-07  -80
8390.01  6.8835e-07  -80
8395.01  6.8835e-07  -80
8400.01  6.8835e-07  -80
8405.01  6.8835e-07  -80
8410.01  6.8835e-07  -80
8415.01  6.8835e-07  -80
8420.01  6.8835e-07  -80
8425.01  6.8835e-07  -80
8430.01  6.8835e-07  -80
8435.01  6.8835e-07  -80
8440.01  6.8835e-07  -80
8445.01  6.8835e-07  -80
8450.01  6.8835e-07  -80
8455.01  6.8835e-07  -80
8460.01  6.8835e-07  -80
8465.01  6.8835e-07  -80
8470.01  6.8835e-07  -80
8475.01  6.8835e-07  -80
8480.01  6.8835e-07  -80
8485.01  6.8835e-07  -80
8490.01  6.8835e-07  -80
8495.01  6.8835e-07  -80
8500.01  6.8835e-07  -80
8505.01  6.8835e-07  -80
8510.01  6.8835e-07  -80
8515.01  6.8835e-07  -80
8520.01  6.8835e-07  -80
8525.01  6.8835e-07  -80
8530.01  6.8835e-07  -80
8535.01  6.8835e-07  -80
8540.01  6.8835e-07  -80
8545.01  6.8835e-07  -80
8550.01  6.8835e-07  -80
8555.01  6.8835e-07  -80
8560.01  6.8835e-07  -80
8565.01  6.8835e-07  -80
8570.01  6.8835e-07  -80
8575.01  6.8835e-07  -80
8580.01  6.8835e-07  -80
8585.01  6.8835e-07  -80
8590.01  6.8835e-07  -80
8595.01  6.8835e-07  -80
8600.01  6.8835e-07  -80
8605.01  6.8835e-07  -80
8610.01  6.8835e-07  -80
8615.01  6.8835e-07  -80
8620.01  6.8835e-07  -80
8625.01  6.8835e-07  -80
8630.01  6.8835e-07  -80
8635.01  6.8835e-07  -80
8640.01  6.8835e-07  -80
8645.01  6.8835e-07  -80
8650.01  6.8835e-07  -80
8655.01  6.8835e-07  -80
8660.01  6.8835e-07  -80
8665.01  6.8835e-07  -80
8670.01  6.8835e-07  -80
8675.01  6.8835e-07  -80
8680.01  6.8835e-07  -80
8685.01  6.8835e-07  -80
8690.01  6.8835e-07  -80
8695.01  6.8835e-07  -80
8700.01  6.8835e-07  -80
8705.01  6.8835e-07  -80
8710.01  6.8835e-07  -80
8715.01  6.8835e-07  -80
8720.01  6.8835e-07  -80
8725.01  6.8835e-07  -80
8730.01  6.8835e-07  -80
8735.01  6.8835e-07  -80
8740.01  6.8835e-07  -80
8745.01  6.8835e-07  -80
8750.01  6.8835e-07  -80
8755.01  6.8835e-07  -80
8760.01  6.8835e-07  -80
8765.01  6.8835e-07  -80
8770.01  6.8835e-07  -80
8775.01  6.8835e-07  -80
8780.01  6.8835e-07  -80
8785.01  6.8835e-07  -80
8790.01  6.8835e-07  -80
8795.01  6.8835e-07  -80
8800.01  6.8835e-07  -80
8805.01  6.8835e-07  -80
8810.01  6.8835e-07  -80
8815.01  6.8835e-07  -80
8820.01  6.8835e-07  -80
8825.01  6.8835e-07  -80
8830.01  6.8835e-07  -80
8835.01  6.8835e-07  -80
8840.01  6.8835e-07  -80
8845.01  6.8835e-07  -80
8850.01  6.8835e-07  -80
8855.01  6.8835e-07  -80
8860.01  6.8835e-07  -80
8865.01  6.8835e-07  -80
8870.01  6.8835e-07  -80
8875.01  6.8835e-07  -80
8880.01  6.8835e-07  -80
8885.01  6.8835e-07  -80
8890.01  6.8835e-07  -80
8895.01  6.8835e-07  -80
8900.01  6.8835e-07  -80
8905.01  6.8835e-07  -80
8910.01  6.8835e-07  -80
8915.01  6.8835e-07  -80
8920.01  6.8835e-07  -80
8925.01  6.8835e-07  -80
8930.01  6.8835e-07  -80
8935.01  6.8835e-07  -80
8940.01  6.8835e-07  -80
8945.01  6.8835e-07  -80
8950.01  6.8835e-07  -80
8955.01  6.8835e-07  -80
8960.01  6.8835e-07  -80
8965.01  6.8835e-07  -80
8970.01  6.8835e-07  -80
8975.01  6.8835e-07  -80
8980.01  6.8835e-07  -80
8985.01  6.8835e-07  -80
8990.01  6.8835e-07  -80
8995.01  6.8835e-07  -80
9000.01  6.8835e-07  -80
9005.01  6.8835e-07  -80
9010.01  6.8835e-07  -80
9015.01  6.8835e-07  -80
9020.01  6.8835e-07  -80
9025.01  6.8835e-07  -80
9030.01  6.8835e-07  -80
9035.01  6.8835e-07  -80
9040.01  6.8835e-07  -80
9045.01  6.8835e-07  -80
9050.01  6.8835e-07  -80
9055.01  6.8835e-07  -80
9060.01  6.8835e-07  -80
9065.01  6.8835e-07  -80
9070.01  6.8835e-07  -80
9075.01  6.8835e-07  -80
9080.01  6.8835e-07  -80
9085.01  6.8835e-07  -80
9090.01  6.8835e-07  -80
9095.01  6.8835e-07  -80
9100.01  6.8835e-07  -80
9105.01  6.8835e-07  -80
9110.01  6.8835e-07  -80
9115.01  6.8835e-07  -80
9120.01  6.8835e-07  -80
9125.01  6.8835e-07  -80
9130.01  6.8835e-07  -80
9135.01  6.8835e-07  -80
9140.01  6.8835e-07  -80
9145.01  6.8835e-07  -80
9150.01  6.8835e-07  -80
9155.01  6.8835e-07  -80
9160.01  6.8835e-07  -80
9165  6.8835e-07  -80
9170  6.8835e-07  -80
9175  6.8835e-07  -80
9180  6.8835e-07  -80
9185  6.8835e-07  -80
9190  6.8835e-07  -80
9195  6.8835e-07  -80
9200  6.8835e-07  -80
9205  6.8835e-07  -80
9210  6.8835e-07  -80
9215  6.8835e-07  -80
9220  6.8835e-07  -80
9225  6.8835e-07  -80
9230  6.8835e-07  -80
9235  6.8835e-07  -80
9240  6.8835e-07  -80
9245  6.8835e-07  -80
9250  6.8835e-07  -80
9255  6.8835e-07  -80
9260  6.8835e-07  -80
9265  6.8835e-07  -80
9270  6.8835e-07  -80
9275  6.8835e-07  -80
9280  6.8835e-07  -80
9285  6.8835e-07  -80
9290  6.8835e-07  -80
9295  6.8835e-07  -80
9300  6.8835e-07  -80
9305  6.8835e-07  -80
9310  6.8835e-07  -80
9315  6.8835e-07  -80
9320  6.8835e-07  -80
9325  6.8835e-07  -80
9330  6.8835e-07  -80
9335  6.8835e-07  -80
9340  6.8835e-07  -80
9345  6.8835e-07  -80
9350  6.8835e-07  -80
9355  6.8835e-07  -80
9360  6.8835e-07  -80
9365  6.8835e-07  -80
9370  6.8835e-07  -80
9375  6.8835e-07  -80
9380  6.8835e-07  -80
9385  6.8835e-07  -80
9390  6.8835e-07  -80
9395  6.8835e-07  -80
9400  6.8835e-07  -80
9405  6.8835e-07  -80
9410  6.8835e-07  -80
9415  6.8835e-07  -80
9420  6.8835e-07  -80
9425  6.8835e-07  -80
9430  6.8835e-07  -80
9435  6.8835e-07  -80
9440  6.8835e-07  -80
9445  6.8835e-07  -80
9450  6.8835e-07  -80
9455  6.8835e-07  -80
9460  6.8835e-07  -80
9465  6.8835e-07  -80
9470  6.8835e-07  -80
9475  6.8835e-07  -80
9480  6.8835e-07  -80
9485  6.8835e-07  -80
9490  6.8835e-07  -80
9495  6.8835e-07  -80
9500  6.8835e-07  -80
9505  6.8835e-07  -80
9510  6.8835e-07  -80
9515  6.8835e-07  -80
9520  6.8835e-07  -80
9525  6.8835e-07  -80
9530  6.8835e-07  -80
9535  6.8835e-07  -80
9540  6.8835e-07  -80
9545  6.8835e-07  -80
9550  6.8835e-07  -80
9555  6.8835e-07  -80
9560  6.8835e-07  -80
9565  6.8835e-07  -80
9570  6.8835e-07  -80
9575  6.8835e-07  -80
9580  6.8835e-07  -80
9585  6.8835e-07  -80
9590  6.8835e-07  -80
9595  6.8835e-07  -80
9600  6.8835e-07  -80
9605  6.8835e-07  -80
9610  6.8835e-07  -80
9615  6.8835e-07  -80
9620  6.8835e-07  -80
9625  6.8835e-07  -80
9630  6.8835e-07  -80
9635  6.8835e-07  -80
9640  6.8835e-07  -80
9645  6.8835e-07  -80
9650  6.8835e-07  -80
9655  6.8835e-07  -80
9660  6.8835e-07  -80
9665  6.8835e-07  -80
9670  6.8835e-07  -80
9675  6.8835e-07  -80
9680  6.8835e-07  -80
9685  6.8835e-07  -80
9690  6.8835e-07  -80
9695  6.8835e-07  -80
9700  6.8835e-07  -80
9705  6.8835e-07  -80
9710  6.8835e-07  -80
9715  6.8835e-07  -80
9720  6.8835e-07  -80
9725  6.8835e-07  -80
9730  6.8835e-07  -80
9735  6.8835e-07  -80
9740  6.8835e-07  -80
9745  6.8835e-07  -80
9750  6.8835e-07  -80
9755  6.8835e-07  -80
9760  6.8835e-07  -80
9765  6.8835e-07  -80
9770  6.8835e-07  -80
9775  6.8835e-07  -80
9780  6.8835e-07  -80
9785  6.8835e-07  -80
9790  6.8835e-07  -80
9795  6.8835e-07  -80
9800  6.8835e-07  -80
9805  6.8835e-07  -80
9810  6.8835e-07  -80
9815  6.8835e-07  -80
9820  6.8835e-07  -80
9825  6.8835e-07  -80
9830  6.8835e-07  -80
9835  6.8835e-07  -80
9840  6.8835e-07  -80
9845  6.8835e-07  -80
9850  6.8835e-07  -80
9855  6.8835e-07  -80
9860  6.8835e-07  -80
9865  6.8835e-07  -80
9870  6.8835e-07  -80
9875  6.8835e-07  -80
9880  6.8835e-07  -80
9885  6.8835e-07  -80
9890  6.8835e-07  -80
9895  6.8835e-07  -80
9900  6.8835e-07  -80
9905  6.8835e-07  -80
9910  6.8835e-07  -80
9915  6.8835e-07  -80
9920  6.8835e-07  -80
9925  6.8835e-07  -80
9930  6.8835e-07  -80
9935  6.8835e-07  -80
9940  6.8835e-07  -80
9945  6.8835e-07  -80
9950  6.8835e-07  -80
9955  6.8835e-07  -80
9960  6.8835e-07  -80
9965  6.8835e-07  -80
9970  6.8835e-07  -80
9975  6.8835e-07  -80
9980  6.8835e-07  -80
9985  6.8835e-07  -80
9990  6.8835e-07  -80
9995  6.8835e-07  -80
10000  2.1829e-05  40
10005  0.000721572  40
10010  0.00281709  40
10015  0.00546392  40
10020  0.00805673  40
10025  0.0103111  40
10030  0.0121276  40
10035  0.013504  40
10040  0.014484  40
10045  0.0151288  40
10050  0.0155018  40
10055  0.0156611  40
10060  0.0156569  40
10065  0.0155303  40
10070  0.0153145  40
10075  0.0150353  40
10080  0.0147128  40
10085  0.0143621  40
10090  0.0139945  40
10095  0.0136185  40
10100  0.0132403  40
10105  0.0128641  40
10110  0.0124933  40
10115  0.0121299  40
10120  0.0117755  40
10125  0.0114309  40
10130  0.0110969  40
10135  0.0107736  40
10140  0.0104612  40
10145  0.0101595  40
10150  0.00986858  40
10155  0.00958808  40
10160  0.00931778  40
10165  0.0090574  40
10170  0.00880664  40
10175  0.00856518  40
10180  0.00833272  40
10185  0.00810894  40
10190  0.00789353  40
10195  0.0076862  40
10200  0.00748665  40
10205  0.00729459  40
10210  0.00710974  40
10215  0.00693185  40
10220  0.00676064  40
10225  0.00659588  40
10230  0.00643731  40
10235  0.00628471  40
10240  0.00613786  40
10245  0.00599653  40
10250  0.00586052  40
10255  0.00572962  40
10260  0.00560366  40
10265  0.00548244  40
10270  0.00536577  40
10275  0.00525351  40
10280  0.00514546  40
10285  0.00504149  40
10290  0.00494142  40
10295  0.00484513  40
10300  0.00475245  40
10305  0.00466327  40
10310  0.00457745  40
10315  0.00449485  40
10320  0.00441536  40
10325  0.00433887  40
10330  0.00426526  40
10335  0.00419441  40
10340  0.00412624  40
10345  0.00406063  40
10350  0.00399748  40
10355  0.00393672  40
10360  0.00387824  40
10365  0.00382197  40
10370  0.00376781  40
10375  0.00371569  40
10380  0.00366554  40
10385  0.00361727  40
10390  0.00357082  40
10395  0.00352611  40
10400  0.00348309  40
10405  0.00344169  40
10410  0.00340185  40
10415  0.00336351  40
10420  0.00332661  40
10425  0.0032911  40
10430  0.00325692  40
10435  0.00322404  40
10440  0.00319239  40
10445  0.00316193  40
10450  0.00313262  40
10455  0.00310441  40
10460  0.00307726  40
10465  0.00305114  40
10470  0.003026  40
10475  0.0030018  40
10480  0.00297852  40
10485  0.00295611  40
10490  0.00293455  40
10495  0.0029138  40
10500  0.00289382  40
10505  0.00287461  40
10510  0.00285611  40
10515  0.00283831  40
10520  0.00282118  40
10525  0.0028047  40
10530  0.00278883  40
10535  0.00277356  40
10540  0.00275887  40
10545  0.00274473  40
10550  0.00273113  40
10555  0.00271803  40
10560  0.00270543  40
10565  0.0026933  40
10570  0.00268163  40
10575  0.0026704  40
10580  0.00265959  40
10585  0.00264919  40
10590  0.00263918  40
10595  0.00262954  40
10600  0.00262027  40
10605  0.00261135  40
10610  0.00260276  40
10615  0.0025945  40
10620  0.00258655  40
10625  0.0025789  40
10630  0.00257153  40
10635  0.00256444  40
10640  0.00255762  40
10645  0.00255106  40
10650  0.00254474  40
10655  0.00253866  40
10660  0.00253281  40
10665  0.00252718  40
10670  0.00252177  40
10675  0.00251655  40
10680  0.00251153  40
10685  0.00250671  40
10690  0.00250206  40
10695  0.00249759  40
10700  0.00249328  40
10705  0.00248914  40
10710  0.00248516  40
10715  0.00248132  40
10720  0.00247763  40
10725  0.00247408  40
10730  0.00247066  40
10735  0.00246737  40
10740  0.0024642  40
10745  0.00246115  40
10750  0.00245822  40
10755  0.0024554  40
10760  0.00245268  40
10765  0.00245007  40
10770  0.00244755  40
10775  0.00244513  40
10780  0.0024428  40
10785  0.00244056  40
10790  0.00243841  40
10795  0.00243633  40
10800  0.00243433  40
10805  0.00243241  40
10810  0.00243056  40
10815  0.00242878  40
10820  0.00242706  40
10825  0.00242541  40
10830  0.00242383  40
10835  0.0024223  40
10840  0.00242083  40
10845  0.00241942  40
10850  0.00241805  40
10855  0.00241674  40
10860  0.00241548  40
10865  0.00241427  40
10870  0.0024131  40
10875  0.00241198  40
10880  0.0024109  40
10885  0.00240986  40
10890  0.00240886  40
10895  0.00240789  40
10900  0.00240696  40
10905  0.00240607  40
10910  0.00240521  40
10915  0.00240439  40
10920  0.00240359  40
10925  0.00240283  40
10930  0.00240209  40
10935  0.00240138  40
10940  0.0024007  40
10945  0.00240004  40
10950  0.00239941  40
10955  0.0023988  40
10960  0.00239822  40
10965  0.00239765  40
10970  0.00239711  40
10975  0.00239659  40
10980  0.00239609  40
10985  0.0023956  40
10990  0.00239514  40
10995  0.00239469  40
11000  -0.00118574  -120
11000  0.000829476  -60
11005  0.0403511  -60
11010  0.0737153  -60
11015  0.101828  -60
11020  0.125464  -60
11025  0.145282  -60
11030  0.161846  -60
11035  0.175635  -60
11040  0.187061  -60
11045  0.196472  -60
11050  0.204167  -60
11055  0.210402  -60
11060  0.215393  -60
11065  0.219326  -60
11070  0.222358  -60
11075  0.224625  -60
11080  0.226242  -60
11085  0.227308  -60
11090  0.227905  -60
11095  0.228106  -60
11100  0.227971  -60
11105  0.227552  -60
11110  0.226895  -60
11115  0.226035  -60
11120  0.225007  -60
11125  0.223837  -60
11130  0.222549  -60
11135  0.221162  -60
11140  0.219694  -60
11145  0.21816  -60
11150  0.216571  -60
11155  0.214938  -60
11160  0.21327  -60
11165  0.211575  -60
11170  0.209859  -60
11175  0.208128  -60
11180  0.206386  -60
11185  0.204638  -60
11190  0.202886  -60
11195  0.201134  -60
11200  0.199384  -60
11205  0.197637  -60
11210  0.195897  -60
11215  0.194164  -60
11220  0.192438  -60
11225  0.190723  -60
11230  0.189017  -60
11235  0.187323  -60
11240  0.18564  -60
11245  0.183969  -60
11250  0.18231  -60
11255  0.180664  -60
11260  0.179031  -60
11265  0.177411  -60
11270  0.175804  -60
11275  0.174211  -60
11280  0.172631  -60
11285  0.171064  -60
11290  0.169511  -60
11295  0.167972  -60
11300  0.166445  -60
11305  0.164933  -60
11310  0.163433  -60
11315  0.161947  -60
11320  0.160474  -60
11325  0.159015  -60
11330  0.157568  -60
11335  0.156134  -60
11340  0.154713  -60
11345  0.153306  -60
11350  0.15191  -60
11355  0.150528  -60
11360  0.149158  -60
11365  0.1478  -60
11370  0.146454  -60
11375  0.145121  -60
11380  0.1438  -60
11385  0.142491  -60
11390  0.141194  -60
11395  0.139909  -60
11400  0.138635  -60
11405  0.137373  -60
11410  0.136122  -60
11415  0.134883  -60
11420  0.133655  -60
11425  0.132438  -60
11430  0.131232  -60
11435  0.130038  -60
11440  0.128854  -60
11445  0.127681  -60
11450  0.126518  -60
11455  0.125367  -60
11460  0.124225  -60
11465  0.123095  -60
11470  0.121974  -60
11475  0.120864  -60
11480  0.119763  -60
11485  0.118673  -60
11490  0.117593  -60
11495  0.116522  -60
11500  0.115462  -60
11505  0.114411  -60
11510  0.113369  -60
11515  0.112337  -60
11520  0.111315  -60
11525  0.110301  -60
11530  0.109297  -60
11535  0.108303  -60
11540  0.107317  -60
11545  0.10634  -60
11550  0.105372  -60
11555  0.104413  -60
11560  0.103463  -60
11565  0.102521  -60
11570  0.101588  -60
11575  0.100663  -60
11580  0.0997472  -60
11585  0.0988394  -60
11590  0.0979399  -60
11595  0.0970485  -60
11600  0.0961653  -60
11605  0.0952901  -60
11610  0.094423  -60
11615  0.0935637  -60
11620  0.0927122  -60
11625  0.0918685  -60
11630  0.0910325  -60
11635  0.0902042  -60
11640  0.0893833  -60
11645  0.08857  -60
11650  0.087764  -60
11655  0.0869654  -60
11660  0.0861741  -60
11665  0.08539  -60
11670  0.0846131  -60
11675  0.0838432  -60
11680  0.0830803  -60
11685  0.0823244  -60
11690  0.0815754  -60
11695  0.0808332  -60
11700  0.0800978  -60
11705  0.0793691  -60
11710  0.078647  -60
11715  0.0779315  -60
11720  0.0772225  -60
11725  0.07652  -60
11730  0.0758239  -60
11735  0.0751341  -60
11740  0.0744506  -60
11745  0.0737734  -60
11750  0.0731023  -60
11755  0.0724373  -60
11760  0.0717784  -60
11765  0.0711255  -60
11770  0.0704786  -60
11775  0.0698375  -60
11780  0.0692023  -60
11785  0.0685729  -60
11790  0.0679492  -60
11795  0.0673312  -60
11800  0.0667188  -60
11805  0.0661121  -60
11810  0.0655108  -60
11815  0.064915  -60
11820  0.0643247  -60
11825  0.0637397  -60
11830  0.0631601  -60
11835  0.0625857  -60
11840  0.0620166  -60
11845  0.0614527  -60
11850  0.0608939  -60
11855  0.0603402  -60
11860  0.0597915  -60
11865  0.0592479  -60
11870  0.0587092  -60
11875  0.0581754  -60
11880  0.0576465  -60
11885  0.0571224  -60
11890  0.0566031  -60
11895  0.0560885  -60
11900  0.0555786  -60
11905  0.0550733  -60
11910  0.0545727  -60
11915  0.0540766  -60
11920  0.053585  -60
11925  0.0530979  -60
11930  0.0526153  -60
11935  0.0521371  -60
11940  0.0516632  -60
11945  0.0511936  -60
11950  0.0507283  -60
11955  0.0502673  -60
11960  0.0498104  -60
11965  0.0493577  -60
11970  0.0489092  -60
11975  0.0484647  -60
11980  0.0480243  -60
11985  0.0475879  -60
11990  0.0471555  -60
11995  0.046727  -60
12000  0.0463024  -60
12005  0.0458817  -60
12010  0.0454648  -60
12015  0.0450517  -60
12020  0.0446424  -60
12025  0.0442369  -60
12030  0.043835  -60
12035  0.0434368  -60
12040  0.0430422  -60
12045  0.0426512  -60
12050  0.0422637  -60
12055  0.0418798  -60
12060  0.0414994  -60
12065  0.0411225  -60
12070  0.040749  -60
12075  0.0403789  -60
12080  0.0400122  -60
12085  0.0396488  -60
12090  0.0392887  -60
12095  0.038932  -60
12100  0.0385784  -60
12105  0.0382281  -60
12110  0.037881  -60
12115  0.037537  -60
12120  0.0371962  -60
12125  0.0368585  -60
12130  0.0365239  -60
12135  0.0361923  -60
12140  0.0358637  -60
12145  0.0355381  -60
12150  0.0352155  -60
12155  0.0348959  -60
12160  0.0345791  -60
12165  0.0342653  -60
12170  0.0339543  -60
12175  0.0336461  -60
12180  0.0333407  -60
12185  0.0330382  -60
12190  0.0327383  -60
12195  0.0324413  -60
12200  0.0321469  -60
12205  0.0318552  -60
12210  0.0315661  -60
12215  0.0312797  -60
12220  0.030996  -60
12225  0.0307147  -60
12230  0.0304361  -60
12235  0.03016  -60
12240  0.0298864  -60
12245  0.0296153  -60
12250  0.0293467  -60
12255  0.0290805  -60
12260  0.0288168  -60
12265  0.0285554  -60
12270  0.0282965  -60
12275  0.0280399  -60
12280  0.0277856  -60
12285  0.0275337  -60
12290  0.027284  -60
12295  0.0270366  -60
12300  0.0267915  -60
12305  0.0265486  -60
12310  0.026308  -60
12315  0.0260695  -60
12320  0.0258332  -60
12325  0.025599  -60
12330  0.025367  -60
12335  0.0251371  -60
12340  0.0249093  -60
12345  0.0246836  -60
12350  0.0244599  -60
12355  0.0242383  -60
12360  0.0240186  -60
12365  0.023801  -60
12370  0.0235854  -60
12375  0.0233717  -60
12380  0.02316  -60
12385  0.0229502  -60
12390  0.0227424  -60
12395  0.0225364  -60
12400  0.0223323  -60
12405  0.02213  -60
12410  0.0219296  -60
12415  0.0217311  -60
12420  0.0215343  -60
12425  0.0213393  -60
12430  0.0211461  -60
12435  0.0209547  -60
12440  0.020765  -60
12445  0.020577  -60
12450  0.0203908  -60
12455  0.0202062  -60
12460  0.0200234  -60
12465  0.0198422  -60
12470  0.0196626  -60
12475  0.0194847  -60
12480  0.0193084  -60
12485  0.0191337  -60
12490  0.0189607  -60
12495  0.0187891  -60
12500  0.0186192  -60
12505  0.0184508  -60
12510  0.0182839  -60
12515  0.0181186  -60
12520  0.0179547  -60
12525  0.0177924  -60
12530  0.0176315  -60
12535  0.0174721  -60
12540  0.0173142  -60
12545  0.0171577  -60
12550  0.0170026  -60
12555  0.0168489  -60
12560  0.0166966  -60
12565  0.0165458  -60
12570  0.0163963  -60
12575  0.0162481  -60
12580  0.0161013  -60
12585  0.0159559  -60
12590  0.0158117  -60
12595  0.0156689  -60
12600  0.0155274  -60
12605  0.0153872  -60
12610  0.0152482  -60
12615  0.0151106  -60
12620  0.0149741  -60
12625  0.014839  -60
12630  0.014705  -60
12635  0.0145723  -60
12640  0.0144408  -60
12645  0.0143104  -60
12650  0.0141813  -60
12655  0.0140534  -60
12660  0.0139266  -60
12665  0.0138009  -60
12670  0.0136764  -60
12675  0.0135531  -60
12680  0.0134309  -60
12685  0.0133097  -60
12690  0.0131897  -60
12695  0.0130708  -60
12700  0.012953  -60
12705  0.0128362  -60
12710  0.0127205  -60
12715  0.0126059  -60
12720  0.0124923  -60
12725  0.0123797  -60
12730  0.0122682  -60
12735  0.0121577  -60
12740  0.0120482  -60
12745  0.0119396  -60
12750  0.0118321  -60
12755  0.0117256  -60
12760  0.01162  -60
12765  0.0115154  -60
12770  0.0114117  -60
12775  0.011309  -60
12780  0.0112072  -60
12785  0.0111064  -60
12790  0.0110065  -60
12795  0.0109074  -60
12800  0.0108093  -60
12805  0.0107121  -60
12810  0.0106158  -60
12815  0.0105203  -60
12820  0.0104257  -60
12825  0.010332  -60
12830  0.0102391  -60
12835  0.0101471  -60
12840  0.0100559  -60
12845  0.00996555  -60
12850  0.00987602  -60
12855  0.0097873  -60
12860  0.00969939  -60
12865  0.00961229  -60
12870  0.00952598  -60
12875  0.00944045  -60
12880  0.0093557  -60
12885  0.00927173  -60
12890  0.00918852  -60
12895  0.00910607  -60
12900  0.00902437  -60
12905  0.00894341  -60
12910  0.0088632  -60
12915  0.00878371  -60
12920  0.00870495  -60
12925  0.00862691  -60
12930  0.00854958  -60
12935  0.00847295  -60
12940  0.00839702  -60
12945  0.00832178  -60
12950  0.00824723  -60
12955  0.00817336  -60
12960  0.00810016  -60
12965  0.00802763  -60
12970  0.00795576  -60
12975  0.00788455  -60
12980  0.00781398  -60
12985  0.00774406  -60
12990  0.00767477  -60
12995  0.00760612  -60
13000  0.00753809  -60
13005  0.00747068  -60
13010  0.00740389  -60
13015  0.0073377  -60
13020  0.00727212  -60
13025  0.00720713  -60
13030  0.00714274  -60
13035  0.00707894  -60
13040  0.00701571  -60
13045  0.00695307  -60
13050  0.00689099  -60
13055  0.00682948  -60
13060  0.00676853  -60
13065  0.00670813  -60
13070  0.00664829  -60
13075  0.00658899  -60
13080  0.00653023  -60
13085  0.00647201  -60
13090  0.00641432  -60
13095  0.00635715  -60
13100  0.00630051  -60
13105  0.00624438  -60
13110  0.00618876  -60
13115  0.00613365  -60
13120  0.00607904  -60
13125  0.00602493  -60
13130  0.00597131  -60
13135  0.00591818  -60
13140  0.00586554  -60
13145  0.00581337  -60
13150  0.00576168  -60
13155  0.00571047  -60
13160  0.00565972  -60
13165  0.00560943  -60
13170  0.0055596  -60
13175  0.00551022  -60
13180  0.00546129  -60
13185  0.00541281  -60
13190  0.00536477  -60
13195  0.00531717  -60
13200  0.00527001  -60
13205  0.00522327  -60
13210  0.00517696  -60
13215  0.00513107  -60
13220  0.0050856  -60
13225  0.00504054  -60
13230  0.0049959  -60
13235  0.00495166  -60
13240  0.00490782  -60
13245  0.00486439  -60
13250  0.00482135  -60
13255  0.0047787  -60
13260  0.00473644  -60
13265  0.00469457  -60
13270  0.00465307  -60
13275  0.00461196  -60
13280  0.00457122  -60
13285  0.00453085  -60
13290  0.00449085  -60
13295  0.00445121  -60
13300  0.00441194  -60
13305  0.00437302  -60
13310  0.00433446  -60
13315  0.00429625  -60
13320  0.00425839  -60
13325  0.00422087  -60
13330  0.0041837  -60
13335  0.00414686  -60
13340  0.00411036  -60
13345  0.00407419  -60
13350  0.00403835  -60
13355  0.00400284  -60
13360  0.00396765  -60
13365  0.00393279  -60
13370  0.00389824  -60
13375  0.003864  -60
13380  0.00383008  -60
13385  0.00379647  -60
13390  0.00376316  -60
13395  0.00373016  -60
13400  0.00369745  -60
13405  0.00366505  -60
13410  0.00363294  -60
13415  0.00360112  -60
13420  0.0035696  -60
13425  0.00353836  -60
13430  0.0035074  -60
13435  0.00347673  -60
13440  0.00344634  -60
13445  0.00341622  -60
13450  0.00338638  -60
13455  0.00335681  -60
13460  0.00332751  -60
13465  0.00329848  -60
13470  0.00326971  -60
13475  0.0032412  -60
13480  0.00321296  -60
13485  0.00318497  -60
13490  0.00315723  -60
13495  0.00312975  -60
13500  0.00310252  -60
13505  0.00307554  -60
13510  0.0030488  -60
13515  0.00302231  -60
13520  0.00299606  -60
13525  0.00297005  -60
13530  0.00294427  -60
13535  0.00291873  -60
13540  0.00289342  -60
13545  0.00286835  -60
13550  0.0028435  -60
13555  0.00281888  -60
13560  0.00279448  -60
13565  0.00277031  -60
13570  0.00274635  -60
13575  0.00272262  -60
13580  0.0026991  -60
13585  0.00267579  -60
13590  0.0026527  -60
13595  0.00262981  -60
13600  0.00260714  -60
13605  0.00258467  -60
13610  0.00256241  -60
13615  0.00254035  -60
13620  0.00251849  -60
13625  0.00249683  -60
13630  0.00247537  -60
13635  0.0024541  -60
13640  0.00243303  -60
13645  0.00241215  -60
13650  0.00239146  -60
13655  0.00237096  -60
13660  0.00235064  -60
13665  0.00233051  -60
13670  0.00231057  -60
13675  0.0022908  -60
13680  0.00227122  -60
13685  0.00225181  -60
13690  0.00223258  -60
13695  0.00221353  -60
13700  0.00219465  -60
13705  0.00217594  -60
13710  0.0021574  -60
13715  0.00213904  -60
13720  0.00212083  -60
13725  0.0021028  -60
13730  0.00208493  -60
13735  0.00206722  -60
13740  0.00204967  -60
13745  0.00203229  -60
13750  0.00201506  -60
13755  0.00199799  -60
13760  0.00198107  -60
13765  0.00196431  -60
13770  0.0019477  -60
13775  0.00193124  -60
13780  0.00191494  -60
13785  0.00189878  -60
13790  0.00188277  -60
13795  0.0018669  -60
13800  0.00185118  -60
13805  0.0018356  -60
13810  0.00182017  -60
13815  0.00180487  -60
13820  0.00178972  -60
13825  0.0017747  -60
13830  0.00175982  -60
13835  0.00174507  -60
13840  0.00173046  -60
13845  0.00171599  -60
13850  0.00170164  -60
13855  0.00168743  -60
13860  0.00167334  -60
13865  0.00165938  -60
13870  0.00164556  -60
13875  0.00163185  -60
13880  0.00161827  -60
13885  0.00160482  -60
13890  0.00159149  -60
13895  0.00157828  -60
13900  0.00156518  -60
13905  0.00155221  -60
13910  0.00153936  -60
13915  0.00152663  -60
13920  0.00151401  -60
13925  0.0015015  -60
13930  0.00148911  -60
13935  0.00147683  -60
13940  0.00146467  -60
13945  0.00145261  -60
13950  0.00144067  -60
13955  0.00142883  -60
13960  0.0014171  -60
13965  0.00140548  -60
13970  0.00139397  -60
13975  0.00138256  -60
13980  0.00137125  -60
13985  0.00136005  -60
13990  0.00134894  -60
13995  0.00133794  -60
14000  0.00132704  -60
14005  0.00131624  -60
14010  0.00130554  -60
14015  0.00129494  -60
14020  0.00128443  -60
14025  0.00127402  -60
14030  0.0012637  -60
14035  0.00125348  -60
14040  0.00124335  -60
14045  0.00123331  -60
14050  0.00122336  -60
14055  0.00121351  -60
14060  0.00120374  -60
14065  0.00119406  -60
14070  0.00118448  -60
14075  0.00117497  -60
14080  0.00116556  -60
14085  0.00115623  -60
14090  0.00114699  -60
14095  0.00113783  -60
14100  0.00112875  -60
14105  0.00111976  -60
14110  0.00111085  -60
14115  0.00110202  -60
14120  0.00109327  -60
14125  0.0010846  -60
14130  0.00107601  -60
14135  0.00106749  -60
14140  0.00105906  -60
14145  0.0010507  -60
14150  0.00104242  -60
14155  0.00103421  -60
14160  0.00102608  -60
14165  0.00101802  -60
14170  0.00101004  -60
14175  0.00100213  -60
14180  0.000994288  -60
14185  0.00098652  -60
14190  0.000978823  -60
14195  0.000971196  -60
14200  0.000963639  -60
14205  0.000956151  -60
14210  0.00094873  -60
14215  0.000941378  -60
14220  0.000934092  -60
14225  0.000926873  -60
14230  0.00091972  -60
14235  0.000912631  -60
14240  0.000905608  -60
14245  0.000898648  -60
14250  0.000891752  -60
14255  0.000884919  -60
14260  0.000878148  -60
14265  0.000871439  -60
14270  0.00086479  -60
14275  0.000858203  -60
14280  0.000851675  -60
14285  0.000845207  -60
14290  0.000838798  -60
14295  0.000832448  -60
14300  0.000826155  -60
14305  0.000819919  -60
14310  0.000813741  -60
14315  0.000807618  -60
14320  0.000801552  -60
14325  0.000795541  -60
14330  0.000789584  -60
14335  0.000783682  -60
14340  0.000777834  -60
14345  0.000772039  -60
14350  0.000766297  -60
14355  0.000760607  -60
14360  0.000754969  -60
14365  0.000749382  -60
14370  0.000743846  -60
14375  0.000738361  -60
14380  0.000732926  -60
14385  0.00072754  -60
14390  0.000722203  -60
14395  0.000716915  -60
14400  0.000711676  -60
14405  0.000706484  -60
14410  0.000701339  -60
14415  0.000696241  -60
14420  0.00069119  -60
14425  0.000686184  -60
14430  0.000681224  -60
14435  0.00067631  -60
14440  0.00067144  -60
14445  0.000666615  -60
14450  0.000661833  -60
14455  0.000657096  -60
14460  0.000652401  -60
14465  0.000647749  -60
14470  0.00064314  -60
14475  0.000638572  -60
14480  0.000634047  -60
14485  0.000629562  -60
14490  0.000625118  -60
14495  0.000620715  -60
14500  0.000616352  -60
14505  0.000612029  -60
14510  0.000607745  -60
14515  0.0006035  -60
14520  0.000599294  -60
14525  0.000595126  -60
14530  0.000590996  -60
14535  0.000586904  -60
14540  0.000582849  -60
14545  0.000578831  -60
14550  0.00057485  -60
14555  0.000570905  -60
14560  0.000566996  -60
14565  0.000563123  -60
14570  0.000559284  -60
14575  0.000555481  -60
14580  0.000551713  -60
14585  0.000547979  -60
14590  0.000544278  -60
14595  0.000540612  -60
14600  0.000536979  -60
14605  0.000533379  -60
14610  0.000529812  -60
14615  0.000526278  -60
14620  0.000522775  -60
14625  0.000519305  -60
14630  0.000515866  -60
14635  0.000512459  -60
14640  0.000509082  -60
14645  0.000505737  -60
14650  0.000502422  -60
14655  0.000499137  -60
14660  0.000495882  -60
14665  0.000492656  -60
14670  0.000489461  -60
14675  0.000486294  -60
14680  0.000483156  -60
14685  0.000480046  -60
14690  0.000476966  -60
14695  0.000473913  -60
14700  0.000470888  -60
14705  0.00046789  -60
14710  0.00046492  -60
14715  0.000461977  -60
14720  0.00045906  -60
14725  0.000456171  -60
14730  0.000453307  -60
14735  0.00045047  -60
14740  0.000447659  -60
14745  0.000444873  -60
14750  0.000442112  -60
14755  0.000439377  -60
14760  0.000436667  -60
14765  0.000433981  -60
14770  0.00043132  -60
14775  0.000428683  -60
14780  0.00042607  -60
14785  0.000423481  -60
14790  0.000420916  -60
14795  0.000418374  -60
14800  0.000415855  -60
14805  0.000413359  -60
14810  0.000410886  -60
14815  0.000408435  -60
14820  0.000406007  -60
14825  0.000403601  -60
14830  0.000401217  -60
14835  0.000398854  -60
14840  0.000396513  -60
14845  0.000394193  -60
14850  0.000391895  -60
14855  0.000389617  -60
14860  0.000387361  -60
14865  0.000385124  -60
14870  0.000382908  -60
14875  0.000380713  -60
14880  0.000378537  -60
14885  0.000376381  -60
14890  0.000374245  -60
14895  0.000372128  -60
14900  0.000370031  -60
14905  0.000367953  -60
14910  0.000365893  -60
14915  0.000363853  -60
14920  0.000361831  -60
14925  0.000359827  -60
14930  0.000357842  -60
14935  0.000355875  -60
14940  0.000353926  -60
14945  0.000351994  -60
14950  0.00035008  -60
14955  0.000348184  -60
14960  0.000346305  -60
