0.005  4.18361e-17  -80
5.005  1.37983e-09  -80
10.005  5.24975e-09  -80
15.005  1.11703e-08  -80
20.005  1.87703e-08  -80
25.005  2.77364e-08  -80
30.005  3.78037e-08  -80
35.005  4.87483e-08  -80
40.005  6.03813e-08  -80
45.005  7.25427e-08  -80
50.005  8.50976e-08  -80
55.005  9.79321e-08  -80
60.005  1.10951e-07  -80
65.005  1.24072e-07  -80
70.005  1.37229e-07  -80
75.005  1.50365e-07  -80
80.005  1.63433e-07  -80
85.005  1.76393e-07  -80
90.005  1.89213e-07  -80
95.005  2.01867e-07  -80
100.005  2.14333e-07  -80
105.005  2.26595e-07  -80
110.005  2.38637e-07  -80
115.005  2.5045e-07  -80
120.005  2.62026e-07  -80
125.005  2.73359e-07  -80
130.005  2.84444e-07  -80
135.005  2.9528e-07  -80
140.005  3.05865e-07  -80
145.005  3.162e-07  -80
150.005  3.26286e-07  -80
155.005  3.36124e-07  -80
160.005  3.45717e-07  -80
165.005  3.55068e-07  -80
170.005  3.6418e-07  -80
175.005  3.73058e-07  -80
180.005  3.81704e-07  -80
185.005  3.90125e-07  -80
190.005  3.98323e-07  -80
195.005  4.06303e-07  -80
200.005  4.14071e-07  -80
205.005  4.21631e-07  -80
210.005  4.28988e-07  -80
215.005  4.36146e-07  -80
220.005  4.4311e-07  -80
225.005  4.49885e-07  -80
230.005  4.56476e-07  -80
235.005  4.62888e-07  -80
240.005  4.69124e-07  -80
245.005  4.75189e-07  -80
250.005  4.81088e-07  -80
255.005  4.86826e-07  -80
260.005  4.92405e-07  -80
265.005  4.97831e-07  -80
270.005  5.03108e-07  -80
275.005  5.0824e-07  -80
280.005  5.13229e-07  -80
285.005  5.18082e-07  -80
290.005  5.228e-07  -80
295.005  5.27388e-07  -80
300.005  5.31849e-07  -80
305.005  5.36187e-07  -80
310.005  5.40405e-07  -80
315.005  5.44506e-07  -80
320.005  5.48493e-07  -80
325.005  5.52371e-07  -80
330.005  5.56141e-07  -80
335.005  5.59806e-07  -80
340.005  5.6337e-07  -80
345.005  5.66836e-07  -80
350.005  5.70205e-07  -80
355.005  5.73481e-07  -80
360.005  5.76666e-07  -80
365.005  5.79763e-07  -80
370.005  5.82774e-07  -80
375.005  5.85702e-07  -80
380.005  5.88549e-07  -80
385.005  5.91316e-07  -80
390.005  5.94007e-07  -80
395.005  5.96623e-07  -80
400.005  5.99167e-07  -80
405.005  6.0164e-07  -80
410.005  6.04045e-07  -80
415.005  6.06383e-07  -80
420.005  6.08656e-07  -80
425.005  6.10866e-07  -80
430.005  6.13015e-07  -80
435.005  6.15104e-07  -80
440.005  6.17135e-07  -80
445.005  6.1911e-07  -80
450.005  6.21031e-07  -80
455.005  6.22898e-07  -80
460.005  6.24713e-07  -80
465.005  6.26478e-07  -80
470.005  6.28194e-07  -80
475.005  6.29862e-07  -80
480.005  6.31484e-07  -80
485.005  6.33061e-07  -80
490.005  6.34594e-07  -80
495.005  6.36085e-07  -80
500.005  6.37535e-07  -80
505.005  6.38944e-07  -80
510.005  6.40314e-07  -80
515.005  6.41646e-07  -80
520.005  6.42942e-07  -80
525.005  6.44201e-07  -80
530.005  6.45425e-07  -80
535.005  6.46616e-07  -80
540.005  6.47773e-07  -80
545.005  6.48899e-07  -80
550.005  6.49993e-07  -80
555.005  6.51056e-07  -80
560.005  6.52091e-07  -80
565.005  6.53096e-07  -80
570.005  6.54074e-07  -80
575.005  6.55025e-07  -80
580.005  6.55949e-07  -80
585.005  6.56847e-07  -80
590.005  6.57721e-07  -80
595.005  6.58571e-07  -80
600.005  6.59396e-07  -80
605.005  6.60199e-07  -80
610.005  6.6098e-07  -80
615.005  6.61739e-07  -80
620.005  6.62477e-07  -80
625.005  6.63195e-07  -80
630.005  6.63892e-07  -80
635.005  6.64571e-07  -80
640.005  6.6523e-07  -80
645.005  6.65871e-07  -80
650.005  6.66495e-07  -80
655.005  6.67101e-07  -80
660.005  6.6769e-07  -80
665.005  6.68263e-07  -80
670.005  6.6882e-07  -80
675.005  6.69362e-07  -80
680.005  6.69889e-07  -80
685.005  6.70401e-07  -80
690.005  6.70898e-07  -80
695.005  6.71382e-07  -80
700.005  6.71853e-07  -80
705.005  6.7231e-07  -80
710.005  6.72755e-07  -80
715.005  6.73188e-07  -80
720.005  6.73608e-07  -80
725.005  6.74017e-07  -80
730.005  6.74415e-07  -80
735.005  6.74801e-07  -80
740.005  6.75177e-07  -80
745.005  6.75542e-07  -80
750.005  6.75897e-07  -80
755.005  6.76243e-07  -80
760.005  6.76578e-07  -80
765.005  6.76905e-07  -80
770.005  6.77222e-07  -80
775.005  6.77531e-07  -80
780.005  6.77831e-07  -80
785.005  6.78123e-07  -80
790.005  6.78406e-07  -80
795.005  6.78682e-07  -80
800.005  6.7895e-07  -80
805.005  6.79211e-07  -80
810.005  6.79464e-07  -80
815.005  6.79711e-07  -80
820.005  6.7995e-07  -80
825.005  6.80183e-07  -80
830.005  6.8041e-07  -80
835.005  6.8063e-07  -80
840.005  6.80844e-07  -80
845.005  6.81052e-07  -80
850.005  6.81255e-07  -80
855.005  6.81452e-07  -80
860.005  6.81643e-07  -80
865.005  6.81829e-07  -80
870.005  6.8201e-07  -80
875.005  6.82186e-07  -80
880.005  6.82357e-07  -80
885.005  6.82523e-07  -80
890.005  6.82684e-07  -80
895.005  6.82841e-07  -80
900.005  6.82994e-07  -80
905.005  6.83143e-07  -80
910.005  6.83287e-07  -80
915.005  6.83428e-07  -80
920.005  6.83564e-07  -80
925.005  6.83697e-07  -80
930.005  6.83826e-07  -80
935.005  6.83951e-07  -80
940.005  6.84073e-07  -80
945.005  6.84192e-07  -80
950.005  6.84307e-07  -80
955.005  6.84419e-07  -80
960.005  6.84528e-07  -80
965.005  6.84634e-07  -80
970.005  6.84737e-07  -80
975.005  6.84838e-07  -80
980.005  6.84935e-07  -80
985.005  6.8503e-07  -80
990.005  6.85122e-07  -80
995.005  6.85211e-07  -80
1000  6.85298e-07  -80
1005  6.85383e-07  -80
1010  6.85465e-07  -80
1015  6.85545e-07  -80
1020  6.85623e-07  -80
1025  6.85699e-07  -80
1030  6.85772e-07  -80
1035  6.85844e-07  -80
1040  6.85913e-07  -80
1045  6.85981e-07  -80
1050  6.86047e-07  -80
1055  6.8611e-07  -80
1060  6.86173e-07  -80
1065.01  6.86233e-07  -80
1070.01  6.86292e-07  -80
1075.01  6.86349e-07  -80
1080.01  6.86404e-07  -80
1085.01  6.86458e-07  -80
1090.01  6.86511e-07  -80
1095.01  6.86562e-07  -80
1100.01  6.86611e-07  -80
1105.01  6.8666e-07  -80
1110.01  6.86706e-07  -80
1115.01  6.86752e-07  -80
1120.01  6.86796e-07  -80
1125.01  6.86839e-07  -80
1130.01  6.86881e-07  -80
1135.01  6.86922e-07  -80
1140.01  6.86962e-07  -80
1145.01  6.87e-07  -80
1150.01  6.87038e-07  -80
1155.01  6.87074e-07  -80
1160.01  6.87109e-07  -80
1165.01  6.87144e-07  -80
1170.01  6.87177e-07  -80
1175.01  6.8721e-07  -80
1180.01  6.87241e-07  -80
1185.01  6.87272e-07  -80
1190.01  6.87302e-07  -80
1195.01  6.87331e-07  -80
1200.01  6.87359e-07  -80
1205.01  6.87387e-07  -80
1210.01  6.87414e-07  -80
1215.01  6.8744e-07  -80
1220.01  6.87465e-07  -80
1225.01  6.87489e-07  -80
1230.01  6.87513e-07  -80
1235.01  6.87536e-07  -80
1240.01  6.87559e-07  -80
1245.01  6.87581e-07  -80
1250.01  6.87602e-07  -80
1255.01  6.87623e-07  -80
1260.01  6.87643e-07  -80
1265.01  6.87663e-07  -80
1270.01  6.87682e-07  -80
1275.01  6.877e-07  -80
1280.01  6.87718e-07  -80
1285.01  6.87736e-07  -80
1290.01  6.87753e-07  -80
1295.01  6.87769e-07  -80
1300.01  6.87786e-07  -80
1305.01  6.87801e-07  -80
1310.01  6.87816e-07  -80
1315.01  6.87831e-07  -80
1320.01  6.87846e-07  -80
1325.01  6.8786e-07  -80
1330.01  6.87873e-07  -80
1335.01  6.87886e-07  -80
1340.01  6.87899e-07  -80
1345.01  6.87912e-07  -80
1350.01  6.87924e-07  -80
1355.01  6.87936e-07  -80
1360.01  6.87947e-07  -80
1365.01  6.87958e-07  -80
1370.01  6.87969e-07  -80
1375.01  6.8798e-07  -80
1380.01  6.8799e-07  -80
1385.01  6.88e-07  -80
1390.01  6.8801e-07  -80
1395.01  6.88019e-07  -80
1400.01  6.88028e-07  -80
1405.01  6.88037e-07  -80
1410.01  6.88046e-07  -80
1415.01  6.88054e-07  -80
1420.01  6.88063e-07  -80
1425.01  6.88071e-07  -80
1430.01  6.88078e-07  -80
1435.01  6.88086e-07  -80
1440.01  6.88093e-07  -80
1445.01  6.881e-07  -80
1450.01  6.88107e-07  -80
1455.01  6.88114e-07  -80
1460.01  6.88121e-07  -80
1465.01  6.88127e-07  -80
1470.01  6.88133e-07  -80
1475.01  6.88139e-07  -80
1480.01  6.88145e-07  -80
1485.01  6.88151e-07  -80
1490.01  6.88156e-07  -80
1495.01  6.88162e-07  -80
1500.01  6.88167e-07  -80
1505.01  6.88172e-07  -80
1510.01  6.88177e-07  -80
1515.01  6.88182e-07  -80
1520.01  6.88186e-07  -80
1525.01  6.88191e-07  -80
1530.01  6.88195e-07  -80
1535.01  6.882e-07  -80
1540.01  6.88204e-07  -80
1545.01  6.88208e-07  -80
1550.01  6.88212e-07  -80
1555.01  6.88216e-07  -80
1560.01  6.88219e-07  -80
1565.01  6.88223e-07  -80
1570.01  6.88226e-07  -80
1575.01  6.8823e-07  -80
1580.01  6.88233e-07  -80
1585.01  6.88236e-07  -80
1590.01  6.8824e-07  -80
1595.01  6.88243e-07  -80
1600.01  6.88246e-07  -80
1605.01  6.88249e-07  -80
1610.01  6.88251e-07  -80
1615.01  6.88254e-07  -80
1620.01  6.88257e-07  -80
1625.01  6.88259e-07  -80
1630.01  6.88262e-07  -80
1635.01  6.88264e-07  -80
1640.01  6.88267e-07  -80
1645.01  6.88269e-07  -80
1650.01  6.88271e-07  -80
1655.01  6.88273e-07  -80
1660.01  6.88276e-07  -80
1665.01  6.88278e-07  -80
1670.01  6.8828e-07  -80
1675.01  6.88282e-07  -80
1680.01  6.88283e-07  -80
1685.01  6.88285e-07  -80
1690.01  6.88287e-07  -80
1695.01  6.88289e-07  -80
1700.01  6.88291e-07  -80
1705.01  6.88292e-07  -80
1710.01  6.88294e-07  -80
1715.01  6.88295e-07  -80
1720.01  6.88297e-07  -80
1725.01  6.88298e-07  -80
1730.01  6.883e-07  -80
1735.01  6.88301e-07  -80
1740.01  6.88303e-07  -80
1745.01  6.88304e-07  -80
1750.01  6.88305e-07  -80
1755.01  6.88306e-07  -80
1760.01  6.88308e-07  -80
1765.01  6.88309e-07  -80
1770.01  6.8831e-07  -80
1775.01  6.88311e-07  -80
1780.01  6.88312e-07  -80
1785.01  6.88313e-07  -80
1790.01  6.88314e-07  -80
1795.01  6.88315e-07  -80
1800.01  6.88316e-07  -80
1805.01  6.88317e-07  -80
1810.01  6.88318e-07  -80
1815.01  6.88319e-07  -80
1820.01  6.8832e-07  -80
1825.01  6.88321e-07  -80
1830.01  6.88321e-07  -80
1835.01  6.88322e-07  -80
1840.01  6.88323e-07  -80
1845.01  6.88324e-07  -80
1850.01  6.88324e-07  -80
1855.01  6.88325e-07  -80
1860.01  6.88326e-07  -80
1865.01  6.88327e-07  -80
1870.01  6.88327e-07  -80
1875.01  6.88328e-07  -80
1880.01  6.88328e-07  -80
1885.01  6.88329e-07  -80
1890.01  6.8833e-07  -80
1895.01  6.8833e-07  -80
1900.01  6.88331e-07  -80
1905.01  6.88331e-07  -80
1910.01  6.88332e-07  -80
1915.01  6.88332e-07  -80
1920.01  6.88333e-07  -80
1925.01  6.88333e-07  -80
1930.01  6.88334e-07  -80
1935.01  6.88334e-07  -80
1940.01  6.88335e-07  -80
1945.01  6.88335e-07  -80
1950.01  6.88335e-07  -80
1955.01  6.88336e-07  -80
1960.01  6.88336e-07  -80
1965.01  6.88337e-07  -80
1970.01  6.88337e-07  -80
1975.01  6.88337e-07  -80
1980.01  6.88338e-07  -80
1985.01  6.88338e-07  -80
1990.01  6.88338e-07  -80
1995.01  6.88339e-07  -80
2000.01  6.88339e-07  -80
2005.01  6.88339e-07  -80
2010.01  6.8834e-07  -80
2015.01  6.8834e-07  -80
2020.01  6.8834e-07  -80
2025.01  6.8834e-07  -80
2030.01  6.88341e-07  -80
2035.01  6.88341e-07  -80
2040.01  6.88341e-07  -80
2045.01  6.88342e-07  -80
2050.01  6.88342e-07  -80
2055.01  6.88342e-07  -80
2060.01  6.88342e-07  -80
2065.01  6.88342e-07  -80
2070.01  6.88343e-07  -80
2075.01  6.88343e-07  -80
2080.01  6.88343e-07  -80
2085.01  6.88343e-07  -80
2090.01  6.88343e-07  -80
2095.01  6.88344e-07  -80
2100.01  6.88344e-07  -80
2105.01  6.88344e-07  -80
2110.01  6.88344e-07  -80
2115.01  6.88344e-07  -80
2120.01  6.88344e-07  -80
2125.01  6.88345e-07  -80
2130.01  6.88345e-07  -80
2135.01  6.88345e-07  -80
2140.01  6.88345e-07  -80
2145.01  6.88345e-07  -80
2150.01  6.88345e-07  -80
2155.01  6.88345e-07  -80
2160.01  6.88346e-07  -80
2165.01  6.88346e-07  -80
2170.01  6.88346e-07  -80
2175.01  6.88346e-07  -80
2180.01  6.88346e-07  -80
2185.01  6.88346e-07  -80
2190.01  6.88346e-07  -80
2195.01  6.88346e-07  -80
2200.01  6.88346e-07  -80
2205.01  6.88347e-07  -80
2210.01  6.88347e-07  -80
2215.01  6.88347e-07  -80
2220.01  6.88347e-07  -80
2225.01  6.88347e-07  -80
2230.01  6.88347e-07  -80
2235.01  6.88347e-07  -80
2240.01  6.88347e-07  -80
2245.01  6.88347e-07  -80
2250.01  6.88347e-07  -80
2255.01  6.88347e-07  -80
2260.01  6.88348e-07  -80
2265.01  6.88348e-07  -80
2270.01  6.88348e-07  -80
2275.01  6.88348e-07  -80
2280.01  6.88348e-07  -80
2285.01  6.88348e-07  -80
2290.01  6.88348e-07  -80
2295.01  6.88348e-07  -80
2300.01  6.88348e-07  -80
2305.01  6.88348e-07  -80
2310.01  6.88348e-07  -80
2315.01  6.88348e-07  -80
2320.01  6.88348e-07  -80
2325.01  6.88348e-07  -80
2330.01  6.88348e-07  -80
2335.01  6.88348e-07  -80
2340.01  6.88348e-07  -80
2345.01  6.88348e-07  -80
2350.01  6.88349e-07  -80
2355.01  6.88349e-07  -80
2360.01  6.88349e-07  -80
2365.01  6.88349e-07  -80
2370.01  6.88349e-07  -80
2375.01  6.88349e-07  -80
2380.01  6.88349e-07  -80
2385.01  6.88349e-07  -80
2390.01  6.88349e-07  -80
2395.01  6.88349e-07  -80
2400.01  6.88349e-07  -80
2405.01  6.88349e-07  -80
2410.01  6.88349e-07  -80
2415.01  6.88349e-07  -80
2420.01  6.88349e-07  -80
2425.01  6.88349e-07  -80
2430.01  6.88349e-07  -80
2435.01  6.88349e-07  -80
2440.01  6.88349e-07  -80
2445.01  6.88349e-07  -80
2450.01  6.88349e-07  -80
2455.01  6.88349e-07  -80
2460.01  6.88349e-07  -80
2465.01  6.88349e-07  -80
2470.01  6.88349e-07  -80
2475.01  6.88349e-07  -80
2480.01  6.88349e-07  -80
2485.01  6.88349e-07  -80
2490.01  6.88349e-07  -80
2495.01  6.88349e-07  -80
2500.01  6.88349e-07  -80
2505.01  6.88349e-07  -80
2510.01  6.88349e-07  -80
2515.01  6.88349e-07  -80
2520.01  6.88349e-07  -80
2525.01  6.88349e-07  -80
2530.01  6.88349e-07  -80
2535.01  6.8835e-07  -80
2540.01  6.8835e-07  -80
2545.01  6.8835e-07  -80
2550.01  6.8835e-07  -80
2555.01  6.8835e-07  -80
2560.01  6.8835e-07  -80
2565.01  6.8835e-07  -80
2570.01  6.8835e-07  -80
2575.01  6.8835e-07  -80
2580.01  6.8835e-07  -80
2585.01  6.8835e-07  -80
2590.01  6.8835e-07  -80
2595.01  6.8835e-07  -80
2600.01  6.8835e-07  -80
2605.01  6.8835e-07  -80
2610.01  6.8835e-07  -80
2615.01  6.8835e-07  -80
2620.01  6.8835e-07  -80
2625.01  6.8835e-07  -80
2630.01  6.8835e-07  -80
2635.01  6.8835e-07  -80
2640.01  6.8835e-07  -80
2645.01  6.8835e-07  -80
2650.01  6.8835e-07  -80
2655.01  6.8835e-07  -80
2660.01  6.8835e-07  -80
2665.01  6.8835e-07  -80
2670.01  6.8835e-07  -80
2675.01  6.8835e-07  -80
2680.01  6.8835e-07  -80
2685.01  6.8835e-07  -80
2690.01  6.8835e-07  -80
2695.01  6.8835e-07  -80
2700.01  6.8835e-07  -80
2705.01  6.8835e-07  -80
2710.01  6.8835e-07  -80
2715.01  6.8835e-07  -80
2720.01  6.8835e-07  -80
2725.01  6.8835e-07  -80
2730.01  6.8835e-07  -80
2735.01  6.8835e-07  -80
2740.01  6.8835e-07  -80
2745.01  6.8835e-07  -80
2750.01  6.8835e-07  -80
2755.01  6.8835e-07  -80
2760.01  6.8835e-07  -80
2765.01  6.8835e-07  -80
2770.01  6.8835e-07  -80
2775.01  6.8835e-07  -80
2780.01  6.8835e-07  -80
2785.01  6.8835e-07  -80
2790.01  6.8835e-07  -80
2795.01  6.8835e-07  -80
2800.01  6.8835e-07  -80
2805.01  6.8835e-07  -80
2810.01  6.8835e-07  -80
2815.01  6.8835e-07  -80
2820.01  6.8835e-07  -80
2825.01  6.8835e-07  -80
2830.01  6.8835e-07  -80
2835.01  6.8835e-07  -80
2840.01  6.8835e-07  -80
2845.01  6.8835e-07  -80
2850.01  6.8835e-07  -80
2855.01  6.8835e-07  -80
2860.01  6.8835e-07  -80
2865.01  6.8835e-07  -80
2870.01  6.8835e-07  -80
2875.01  6.8835e-07  -80
2880.01  6.8835e-07  -80
2885.01  6.8835e-07  -80
2890.01  6.8835e-07  -80
2895.01  6.8835e-07  -80
2900.01  6.8835e-07  -80
2905.01  6.8835e-07  -80
2910.01  6.8835e-07  -80
2915.01  6.8835e-07  -80
2920.01  6.8835e-07  -80
2925.01  6.8835e-07  -80
2930.01  6.8835e-07  -80
2935.01  6.8835e-07  -80
2940.01  6.8835e-07  -80
2945.01  6.8835e-07  -80
2950.01  6.8835e-07  -80
2955.01  6.8835e-07  -80
2960.01  6.8835e-07  -80
2965.01  6.8835e-07  -80
2970.01  6.8835e-07  -80
2975.01  6.8835e-07  -80
2980.01  6.8835e-07  -80
2985.01  6.8835e-07  -80
2990.01  6.8835e-07  -80
2995.01  6.8835e-07  -80
3000.01  6.8835e-07  -80
3005.01  6.8835e-07  -80
3010.01  6.8835e-07  -80
3015.01  6.8835e-07  -80
3020.01  6.8835e-07  -80
3025.01  6.8835e-07  -80
3030.01  6.8835e-07  -80
3035.01  6.8835e-07  -80
3040.01  6.8835e-07  -80
3045.01  6.8835e-07  -80
3050.01  6.8835e-07  -80
3055.01  6.8835e-07  -80
3060.01  6.8835e-07  -80
3065.01  6.8835e-07  -80
3070.01  6.8835e-07  -80
3075.01  6.8835e-07  -80
3080.01  6.8835e-07  -80
3085.01  6.8835e-07  -80
3090.01  6.8835e-07  -80
3095.01  6.8835e-07  -80
3100.01  6.8835e-07  -80
3105.01  6.8835e-07  -80
3110.01  6.8835e-07  -80
3115.01  6.8835e-07  -80
3120.01  6.8835e-07  -80
3125.01  6.8835e-07  -80
3130.01  6.8835e-07  -80
3135.01  6.8835e-07  -80
3140.01  6.8835e-07  -80
3145.01  6.8835e-07  -80
3150.01  6.8835e-07  -80
3155.01  6.8835e-07  -80
3160.01  6.8835e-07  -80
3165.01  6.8835e-07  -80
3170.01  6.8835e-07  -80
3175.01  6.8835e-07  -80
3180.01  6.8835e-07  -80
3185.01  6.8835e-07  -80
3190.01  6.8835e-07  -80
3195.01  6.8835e-07  -80
3200.01  6.8835e-07  -80
3205.01  6.8835e-07  -80
3210.01  6.8835e-07  -80
3215.01  6.8835e-07  -80
3220.01  6.8835e-07  -80
3225.01  6.8835e-07  -80
3230.01  6.8835e-07  -80
3235.01  6.8835e-07  -80
3240.01  6.8835e-07  -80
3245.01  6.8835e-07  -80
3250.01  6.8835e-07  -80
3255.01  6.8835e-07  -80
3260.01  6.8835e-07  -80
3265.01  6.8835e-07  -80
3270.01  6.8835e-07  -80
3275.01  6.8835e-07  -80
3280.01  6.8835e-07  -80
3285.01  6.8835e-07  -80
3290.01  6.8835e-07  -80
3295.01  6.8835e-07  -80
3300.01  6.8835e-07  -80
3305.01  6.8835e-07  -80
3310.01  6.8835e-07  -80
3315.01  6.8835e-07  -80
3320.01  6.8835e-07  -80
3325.01  6.8835e-07  -80
3330.01  6.8835e-07  -80
3335.01  6.8835e-07  -80
3340.01  6.8835e-07  -80
3345.01  6.8835e-07  -80
3350.01  6.8835e-07  -80
3355.01  6.8835e-07  -80
3360.01  6.8835e-07  -80
3365.01  6.8835e-07  -80
3370.01  6.8835e-07  -80
3375.01  6.8835e-07  -80
3380.01  6.8835e-07  -80
3385.01  6.8835e-07  -80
3390.01  6.8835e-07  -80
3395.01  6.8835e-07  -80
3400.01  6.8835e-07  -80
3405.01  6.8835e-07  -80
3410.01  6.8835e-07  -80
3415.01  6.8835e-07  -80
3420.01  6.8835e-07  -80
3425.01  6.8835e-07  -80
3430.01  6.8835e-07  -80
3435.01  6.8835e-07  -80
3440.01  6.8835e-07  -80
3445.01  6.8835e-07  -80
3450.01  6.8835e-07  -80
3455.01  6.8835e-07  -80
3460.01  6.8835e-07  -80
3465.01  6.8835e-07  -80
3470.01  6.8835e-07  -80
3475.01  6.8835e-07  -80
3480.01  6.8835e-07  -80
3485.01  6.8835e-07  -80
3490.01  6.8835e-07  -80
3495.01  6.8835e-07  -80
3500.01  6.8835e-07  -80
3505.01  6.8835e-07  -80
3510.01  6.8835e-07  -80
3515.01  6.8835e-07  -80
3520.01  6.8835e-07  -80
3525.01  6.8835e-07  -80
3530.01  6.8835e-07  -80
3535.01  6.8835e-07  -80
3540.01  6.8835e-07  -80
3545.01  6.8835e-07  -80
3550.01  6.8835e-07  -80
3555.01  6.8835e-07  -80
3560.01  6.8835e-07  -80
3565.01  6.8835e-07  -80
3570.01  6.8835e-07  -80
3575.01  6.8835e-07  -80
3580.01  6.8835e-07  -80
3585.01  6.8835e-07  -80
3590.01  6.8835e-07  -80
3595.01  6.8835e-07  -80
3600.01  6.8835e-07  -80
3605.01  6.8835e-07  -80
3610.01  6.8835e-07  -80
3615.01  6.8835e-07  -80
3620.01  6.8835e-07  -80
3625.01  6.8835e-07  -80
3630.01  6.8835e-07  -80
3635.01  6.8835e-07  -80
3640.01  6.8835e-07  -80
3645.01  6.8835e-07  -80
3650.01  6.8835e-07  -80
3655.01  6.8835e-07  -80
3660.01  6.8835e-07  -80
3665.01  6.8835e-07  -80
3670.01  6.8835e-07  -80
3675.01  6.8835e-07  -80
3680.01  6.8835e-07  -80
3685.01  6.8835e-07  -80
3690.01  6.8835e-07  -80
3695.01  6.8835e-07  -80
3700.01  6.8835e-07  -80
3705.01  6.8835e-07  -80
3710.01  6.8835e-07  -80
3715.01  6.8835e-07  -80
3720.01  6.8835e-07  -80
3725.01  6.8835e-07  -80
3730.01  6.8835e-07  -80
3735.01  6.8835e-07  -80
3740.01  6.8835e-07  -80
3745.01  6.8835e-07  -80
3750.01  6.8835e-07  -80
3755.01  6.8835e-07  -80
3760.01  6.8835e-07  -80
3765.01  6.8835e-07  -80
3770.01  6.8835e-07  -80
3775.01  6.8835e-07  -80
3780.01  6.8835e-07  -80
3785.01  6.8835e-07  -80
3790.01  6.8835e-07  -80
3795.01  6.8835e-07  -80
3800.01  6.8835e-07  -80
3805.01  6.8835e-07  -80
3810.01  6.8835e-07  -80
3815.01  6.8835e-07  -80
3820.01  6.8835e-07  -80
3825.01  6.8835e-07  -80
3830.01  6.8835e-07  -80
3835.01  6.8835e-07  -80
3840.01  6.8835e-07  -80
3845.01  6.8835e-07  -80
3850.01  6.8835e-07  -80
3855.01  6.8835e-07  -80
3860.01  6.8835e-07  -80
3865.01  6.8835e-07  -80
3870.01  6.8835e-07  -80
3875.01  6.8835e-07  -80
3880.01  6.8835e-07  -80
3885.01  6.8835e-07  -80
3890.01  6.8835e-07  -80
3895.01  6.8835e-07  -80
3900.01  6.8835e-07  -80
3905.01  6.8835e-07  -80
3910.01  6.8835e-07  -80
3915.01  6.8835e-07  -80
3920.01  6.8835e-07  -80
3925.01  6.8835e-07  -80
3930.01  6.8835e-07  -80
3935.01  6.8835e-07  -80
3940.01  6.8835e-07  -80
3945.01  6.8835e-07  -80
3950.01  6.8835e-07  -80
3955.01  6.8835e-07  -80
3960.01  6.8835e-07  -80
3965.01  6.8835e-07  -80
3970.01  6.8835e-07  -80
3975.01  6.8835e-07  -80
3980.01  6.8835e-07  -80
3985.01  6.8835e-07  -80
3990.01  6.8835e-07  -80
3995.01  6.8835e-07  -80
4000.01  6.8835e-07  -80
4005.01  6.8835e-07  -80
4010.01  6.8835e-07  -80
4015.01  6.8835e-07  -80
4020.01  6.8835e-07  -80
4025.01  6.8835e-07  -80
4030.01  6.8835e-07  -80
4035.01  6.8835e-07  -80
4040.01  6.8835e-07  -80
4045.01  6.8835e-07  -80
4050.01  6.8835e-07  -80
4055.01  6.8835e-07  -80
4060.01  6.8835e-07  -80
4065.01  6.8835e-07  -80
4070.01  6.8835e-07  -80
4075.01  6.8835e-07  -80
4080.01  6.8835e-07  -80
4085.01  6.8835e-07  -80
4090.01  6.8835e-07  -80
4095.01  6.8835e-07  -80
4100.01  6.8835e-07  -80
4105.01  6.8835e-07  -80
4110.01  6.8835e-07  -80
4115.01  6.8835e-07  -80
4120.01  6.8835e-07  -80
4125.01  6.8835e-07  -80
4130.01  6.8835e-07  -80
4135.01  6.8835e-07  -80
4140.01  6.8835e-07  -80
4145.01  6.8835e-07  -80
4150.01  6.8835e-07  -80
4155.01  6.8835e-07  -80
4160.01  6.8835e-07  -80
4165.01  6.8835e-07  -80
4170.01  6.8835e-07  -80
4175.01  6.8835e-07  -80
4180.01  6.8835e-07  -80
4185.01  6.8835e-07  -80
4190.01  6.8835e-07  -80
4195.01  6.8835e-07  -80
4200.01  6.8835e-07  -80
4205.01  6.8835e-07  -80
4210.01  6.8835e-07  -80
4215.01  6.8835e-07  -80
4220.01  6.8835e-07  -80
4225.01  6.8835e-07  -80
4230.01  6.8835e-07  -80
4235.01  6.8835e-07  -80
4240.01  6.8835e-07  -80
4245.01  6.8835e-07  -80
4250.01  6.8835e-07  -80
4255.01  6.8835e-07  -80
4260.01  6.8835e-07  -80
4265.01  6.8835e-07  -80
4270.01  6.8835e-07  -80
4275.01  6.8835e-07  -80
4280.01  6.8835e-07  -80
4285.01  6.8835e-07  -80
4290.01  6.8835e-07  -80
4295.01  6.8835e-07  -80
4300.01  6.8835e-07  -80
4305.01  6.8835e-07  -80
4310.01  6.8835e-07  -80
4315.01  6.8835e-07  -80
4320.01  6.8835e-07  -80
4325.01  6.8835e-07  -80
4330.01  6.8835e-07  -80
4335.01  6.8835e-07  -80
4340.01  6.8835e-07  -80
4345.01  6.8835e-07  -80
4350.01  6.8835e-07  -80
4355.01  6.8835e-07  -80
4360.01  6.8835e-07  -80
4365.01  6.8835e-07  -80
4370.01  6.8835e-07  -80
4375.01  6.8835e-07  -80
4380.01  6.8835e-07  -80
4385.01  6.8835e-07  -80
4390.01  6.8835e-07  -80
4395.01  6.8835e-07  -80
4400.01  6.8835e-07  -80
4405.01  6.8835e-07  -80
4410.01  6.8835e-07  -80
4415.01  6.8835e-07  -80
4420.01  6.8835e-07  -80
4425.01  6.8835e-07  -80
4430.01  6.8835e-07  -80
4435.01  6.8835e-07  -80
4440.01  6.8835e-07  -80
4445.01  6.8835e-07  -80
4450.01  6.8835e-07  -80
4455.01  6.8835e-07  -80
4460.01  6.8835e-07  -80
4465.01  6.8835e-07  -80
4470.01  6.8835e-07  -80
4475.01  6.8835e-07  -80
4480.01  6.8835e-07  -80
4485.01  6.8835e-07  -80
4490.01  6.8835e-07  -80
4495.01  6.8835e-07  -80
4500.01  6.8835e-07  -80
4505.01  6.8835e-07  -80
4510.01  6.8835e-07  -80
4515.01  6.8835e-07  -80
4520.01  6.8835e-07  -80
4525.01  6.8835e-07  -80
4530.01  6.8835e-07  -80
4535.01  6.8835e-07  -80
4540.01  6.8835e-07  -80
4545.01  6.8835e-07  -80
4550.01  6.8835e-07  -80
4555.01  6.8835e-07  -80
4560.01  6.8835e-07  -80
4565.01  6.8835e-07  -80
4570.01  6.8835e-07  -80
4575.01  6.8835e-07  -80
4580.01  6.8835e-07  -80
4585.01  6.8835e-07  -80
4590.01  6.8835e-07  -80
4595.01  6.8835e-07  -80
4600.01  6.8835e-07  -80
4605.01  6.8835e-07  -80
4610.01  6.8835e-07  -80
4615.01  6.8835e-07  -80
4620.01  6.8835e-07  -80
4625.01  6.8835e-07  -80
4630.01  6.8835e-07  -80
4635.01  6.8835e-07  -80
4640.01  6.8835e-07  -80
4645.01  6.8835e-07  -80
4650.01  6.8835e-07  -80
4655.01  6.8835e-07  -80
4660.01  6.8835e-07  -80
4665.01  6.8835e-07  -80
4670.01  6.8835e-07  -80
4675.01  6.8835e-07  -80
4680.01  6.8835e-07  -80
4685.01  6.8835e-07  -80
4690.01  6.8835e-07  -80
4695.01  6.8835e-07  -80
4700.01  6.8835e-07  -80
4705.01  6.8835e-07  -80
4710.01  6.8835e-07  -80
4715.01  6.8835e-07  -80
4720.01  6.8835e-07  -80
4725.01  6.8835e-07  -80
4730.01  6.8835e-07  -80
4735.01  6.8835e-07  -80
4740.01  6.8835e-07  -80
4745.01  6.8835e-07  -80
4750.01  6.8835e-07  -80
4755.01  6.8835e-07  -80
4760.01  6.8835e-07  -80
4765.01  6.8835e-07  -80
4770.01  6.8835e-07  -80
4775.01  6.8835e-07  -80
4780.01  6.8835e-07  -80
4785.01  6.8835e-07  -80
4790.01  6.8835e-07  -80
4795.01  6.8835e-07  -80
4800.01  6.8835e-07  -80
4805.01  6.8835e-07  -80
4810.01  6.8835e-07  -80
4815.01  6.8835e-07  -80
4820.01  6.8835e-07  -80
4825.01  6.8835e-07  -80
4830.01  6.8835e-07  -80
4835.01  6.8835e-07  -80
4840.01  6.8835e-07  -80
4845.01  6.8835e-07  -80
4850.01  6.8835e-07  -80
4855.01  6.8835e-07  -80
4860.01  6.8835e-07  -80
4865.01  6.8835e-07  -80
4870.01  6.8835e-07  -80
4875.01  6.8835e-07  -80
4880.01  6.8835e-07  -80
4885.01  6.8835e-07  -80
4890.01  6.8835e-07  -80
4895.01  6.8835e-07  -80
4900.01  6.8835e-07  -80
4905.01  6.8835e-07  -80
4910.01  6.8835e-07  -80
4915.01  6.8835e-07  -80
4920.01  6.8835e-07  -80
4925.01  6.8835e-07  -80
4930.01  6.8835e-07  -80
4935.01  6.8835e-07  -80
4940.01  6.8835e-07  -80
4945.01  6.8835e-07  -80
4950.01  6.8835e-07  -80
4955.01  6.8835e-07  -80
4960.01  6.8835e-07  -80
4965.01  6.8835e-07  -80
4970.01  6.8835e-07  -80
4975.01  6.8835e-07  -80
4980.01  6.8835e-07  -80
4985.01  6.8835e-07  -80
4990.01  6.8835e-07  -80
4995.01  6.8835e-07  -80
5000.01  6.8835e-07  -80
5005.01  6.8835e-07  -80
5010.01  6.8835e-07  -80
5015.01  6.8835e-07  -80
5020.01  6.8835e-07  -80
5025.01  6.8835e-07  -80
5030.01  6.8835e-07  -80
5035.01  6.8835e-07  -80
5040.01  6.8835e-07  -80
5045.01  6.8835e-07  -80
5050.01  6.8835e-07  -80
5055.01  6.8835e-07  -80
5060.01  6.8835e-07  -80
5065.01  6.8835e-07  -80
5070.01  6.8835e-07  -80
5075.01  6.8835e-07  -80
5080.01  6.8835e-07  -80
5085.01  6.8835e-07  -80
5090.01  6.8835e-07  -80
5095.01  6.8835e-07  -80
5100.01  6.8835e-07  -80
5105.01  6.8835e-07  -80
5110.01  6.8835e-07  -80
5115.01  6.8835e-07  -80
5120.01  6.8835e-07  -80
5125.01  6.8835e-07  -80
5130.01  6.8835e-07  -80
5135.01  6.8835e-07  -80
5140.01  6.8835e-07  -80
5145.01  6.8835e-07  -80
5150.01  6.8835e-07  -80
5155.01  6.8835e-07  -80
5160.01  6.8835e-07  -80
5165.01  6.8835e-07  -80
5170.01  6.8835e-07  -80
5175.01  6.8835e-07  -80
5180.01  6.8835e-07  -80
5185.01  6.8835e-07  -80
5190.01  6.8835e-07  -80
5195.01  6.8835e-07  -80
5200.01  6.8835e-07  -80
5205.01  6.8835e-07  -80
5210.01  6.8835e-07  -80
5215.01  6.8835e-07  -80
5220.01  6.8835e-07  -80
5225.01  6.8835e-07  -80
5230.01  6.8835e-07  -80
5235.01  6.8835e-07  -80
5240.01  6.8835e-07  -80
5245.01  6.8835e-07  -80
5250.01  6.8835e-07  -80
5255.01  6.8835e-07  -80
5260.01  6.8835e-07  -80
5265.01  6.8835e-07  -80
5270.01  6.8835e-07  -80
5275.01  6.8835e-07  -80
5280.01  6.8835e-07  -80
5285.01  6.8835e-07  -80
5290.01  6.8835e-07  -80
5295.01  6.8835e-07  -80
5300.01  6.8835e-07  -80
5305.01  6.8835e-07  -80
5310.01  6.8835e-07  -80
5315.01  6.8835e-07  -80
5320.01  6.8835e-07  -80
5325.01  6.8835e-07  -80
5330.01  6.8835e-07  -80
5335.01  6.8835e-07  -80
5340.01  6.8835e-07  -80
5345.01  6.8835e-07  -80
5350.01  6.8835e-07  -80
5355.01  6.8835e-07  -80
5360.01  6.8835e-07  -80
5365.01  6.8835e-07  -80
5370.01  6.8835e-07  -80
5375.01  6.8835e-07  -80
5380.01  6.8835e-07  -80
5385.01  6.8835e-07  -80
5390.01  6.8835e-07  -80
5395.01  6.8835e-07  -80
5400.01  6.8835e-07  -80
5405.01  6.8835e-07  -80
5410.01  6.8835e-07  -80
5415.01  6.8835e-07  -80
5420.01  6.8835e-07  -80
5425.01  6.8835e-07  -80
5430.01  6.8835e-07  -80
5435.01  6.8835e-07  -80
5440.01  6.8835e-07  -80
5445.01  6.8835e-07  -80
5450.01  6.8835e-07  -80
5455.01  6.8835e-07  -80
5460.01  6.8835e-07  -80
5465.01  6.8835e-07  -80
5470.01  6.8835e-07  -80
5475.01  6.8835e-07  -80
5480.01  6.8835e-07  -80
5485.01  6.8835e-07  -80
5490.01  6.8835e-07  -80
5495.01  6.8835e-07  -80
5500.01  6.8835e-07  -80
5505.01  6.8835e-07  -80
5510.01  6.8835e-07  -80
5515.01  6.8835e-07  -80
5520.01  6.8835e-07  -80
5525.01  6.8835e-07  -80
5530.01  6.8835e-07  -80
5535.01  6.8835e-07  -80
5540.01  6.8835e-07  -80
5545.01  6.8835e-07  -80
5550.01  6.8835e-07  -80
5555.01  6.8835e-07  -80
5560.01  6.8835e-07  -80
5565.01  6.8835e-07  -80
5570.01  6.8835e-07  -80
5575.01  6.8835e-07  -80
5580.01  6.8835e-07  -80
5585.01  6.8835e-07  -80
5590.01  6.8835e-07  -80
5595.01  6.8835e-07  -80
5600.01  6.8835e-07  -80
5605.01  6.8835e-07  -80
5610.01  6.8835e-07  -80
5615.01  6.8835e-07  -80
5620.01  6.8835e-07  -80
5625.01  6.8835e-07  -80
5630.01  6.8835e-07  -80
5635.01  6.8835e-07  -80
5640.01  6.8835e-07  -80
5645.01  6.8835e-07  -80
5650.01  6.8835e-07  -80
5655.01  6.8835e-07  -80
5660.01  6.8835e-07  -80
5665.01  6.8835e-07  -80
5670.01  6.8835e-07  -80
5675.01  6.8835e-07  -80
5680.01  6.8835e-07  -80
5685.01  6.8835e-07  -80
5690.01  6.8835e-07  -80
5695.01  6.8835e-07  -80
5700.01  6.8835e-07  -80
5705.01  6.8835e-07  -80
5710.01  6.8835e-07  -80
5715.01  6.8835e-07  -80
5720.01  6.8835e-07  -80
5725.01  6.8835e-07  -80
5730.01  6.8835e-07  -80
5735.01  6.8835e-07  -80
5740.01  6.8835e-07  -80
5745.01  6.8835e-07  -80
5750.01  6.8835e-07  -80
5755.01  6.8835e-07  -80
5760.01  6.8835e-07  -80
5765.01  6.8835e-07  -80
5770.01  6.8835e-07  -80
5775.01  6.8835e-07  -80
5780.01  6.8835e-07  -80
5785.01  6.8835e-07  -80
5790.01  6.8835e-07  -80
5795.01  6.8835e-07  -80
5800.01  6.8835e-07  -80
5805.01  6.8835e-07  -80
5810.01  6.8835e-07  -80
5815.01  6.8835e-07  -80
5820.01  6.8835e-07  -80
5825.01  6.8835e-07  -80
5830.01  6.8835e-07  -80
5835.01  6.8835e-07  -80
5840.01  6.8835e-07  -80
5845.01  6.8835e-07  -80
5850.01  6.8835e-07  -80
5855.01  6.8835e-07  -80
5860.01  6.8835e-07  -80
5865.01  6.8835e-07  -80
5870.01  6.8835e-07  -80
5875.01  6.8835e-07  -80
5880.01  6.8835e-07  -80
5885.01  6.8835e-07  -80
5890.01  6.8835e-07  -80
5895.01  6.8835e-07  -80
5900.01  6.8835e-07  -80
5905.01  6.8835e-07  -80
5910.01  6.8835e-07  -80
5915.01  6.8835e-07  -80
5920.01  6.8835e-07  -80
5925.01  6.8835e-07  -80
5930.01  6.8835e-07  -80
5935.01  6.8835e-07  -80
5940.01  6.8835e-07  -80
5945.01  6.8835e-07  -80
5950.01  6.8835e-07  -80
5955.01  6.8835e-07  -80
5960.01  6.8835e-07  -80
5965.01  6.8835e-07  -80
5970.01  6.8835e-07  -80
5975.01  6.8835e-07  -80
5980.01  6.8835e-07  -80
5985.01  6.8835e-07  -80
5990.01  6.8835e-07  -80
5995.01  6.8835e-07  -80
6000.01  6.8835e-07  -80
6005.01  6.8835e-07  -80
6010.01  6.8835e-07  -80
6015.01  6.8835e-07  -80
6020.01  6.8835e-07  -80
6025.01  6.8835e-07  -80
6030.01  6.8835e-07  -80
6035.01  6.8835e-07  -80
6040.01  6.8835e-07  -80
6045.01  6.8835e-07  -80
6050.01  6.8835e-07  -80
6055.01  6.8835e-07  -80
6060.01  6.8835e-07  -80
6065.01  6.8835e-07  -80
6070.01  6.8835e-07  -80
6075.01  6.8835e-07  -80
6080.01  6.8835e-07  -80
6085.01  6.8835e-07  -80
6090.01  6.8835e-07  -80
6095.01  6.8835e-07  -80
6100.01  6.8835e-07  -80
6105.01  6.8835e-07  -80
6110.01  6.8835e-07  -80
6115.01  6.8835e-07  -80
6120.01  6.8835e-07  -80
6125.01  6.8835e-07  -80
6130.01  6.8835e-07  -80
6135.01  6.8835e-07  -80
6140.01  6.8835e-07  -80
6145.01  6.8835e-07  -80
6150.01  6.8835e-07  -80
6155.01  6.8835e-07  -80
6160.01  6.8835e-07  -80
6165.01  6.8835e-07  -80
6170.01  6.8835e-07  -80
6175.01  6.8835e-07  -80
6180.01  6.8835e-07  -80
6185.01  6.8835e-07  -80
6190.01  6.8835e-07  -80
6195.01  6.8835e-07  -80
6200.01  6.8835e-07  -80
6205.01  6.8835e-07  -80
6210.01  6.8835e-07  -80
6215.01  6.8835e-07  -80
6220.01  6.8835e-07  -80
6225.01  6.8835e-07  -80
6230.01  6.8835e-07  -80
6235.01  6.8835e-07  -80
6240.01  6.8835e-07  -80
6245.01  6.8835e-07  -80
6250.01  6.8835e-07  -80
6255.01  6.8835e-07  -80
6260.01  6.8835e-07  -80
6265.01  6.8835e-07  -80
6270.01  6.8835e-07  -80
6275.01  6.8835e-07  -80
6280.01  6.8835e-07  -80
6285.01  6.8835e-07  -80
6290.01  6.8835e-07  -80
6295.01  6.8835e-07  -80
6300.01  6.8835e-07  -80
6305.01  6.8835e-07  -80
6310.01  6.8835e-07  -80
6315.01  6.8835e-07  -80
6320.01  6.8835e-07  -80
6325.01  6.8835e-07  -80
6330.01  6.8835e-07  -80
6335.01  6.8835e-07  -80
6340.01  6.8835e-07  -80
6345.01  6.8835e-07  -80
6350.01  6.8835e-07  -80
6355.01  6.8835e-07  -80
6360.01  6.8835e-07  -80
6365.01  6.8835e-07  -80
6370.01  6.8835e-07  -80
6375.01  6.8835e-07  -80
6380.01  6.8835e-07  -80
6385.01  6.8835e-07  -80
6390.01  6.8835e-07  -80
6395.01  6.8835e-07  -80
6400.01  6.8835e-07  -80
6405.01  6.8835e-07  -80
6410.01  6.8835e-07  -80
6415.01  6.8835e-07  -80
6420.01  6.8835e-07  -80
6425.01  6.8835e-07  -80
6430.01  6.8835e-07  -80
6435.01  6.8835e-07  -80
6440.01  6.8835e-07  -80
6445.01  6.8835e-07  -80
6450.01  6.8835e-07  -80
6455.01  6.8835e-07  -80
6460.01  6.8835e-07  -80
6465.01  6.8835e-07  -80
6470.01  6.8835e-07  -80
6475.01  6.8835e-07  -80
6480.01  6.8835e-07  -80
6485.01  6.8835e-07  -80
6490.01  6.8835e-07  -80
6495.01  6.8835e-07  -80
6500.01  6.8835e-07  -80
6505.01  6.8835e-07  -80
6510.01  6.8835e-07  -80
6515.01  6.8835e-07  -80
6520.01  6.8835e-07  -80
6525.01  6.8835e-07  -80
6530.01  6.8835e-07  -80
6535.01  6.8835e-07  -80
6540.01  6.8835e-07  -80
6545.01  6.8835e-07  -80
6550.01  6.8835e-07  -80
6555.01  6.8835e-07  -80
6560.01  6.8835e-07  -80
6565.01  6.8835e-07  -80
6570.01  6.8835e-07  -80
6575.01  6.8835e-07  -80
6580.01  6.8835e-07  -80
6585.01  6.8835e-07  -80
6590.01  6.8835e-07  -80
6595.01  6.8835e-07  -80
6600.01  6.8835e-07  -80
6605.01  6.8835e-07  -80
6610.01  6.8835e-07  -80
6615.01  6.8835e-07  -80
6620.01  6.8835e-07  -80
6625.01  6.8835e-07  -80
6630.01  6.8835e-07  -80
6635.01  6.8835e-07  -80
6640.01  6.8835e-07  -80
6645.01  6.8835e-07  -80
6650.01  6.8835e-07  -80
6655.01  6.8835e-07  -80
6660.01  6.8835e-07  -80
6665.01  6.8835e-07  -80
6670.01  6.8835e-07  -80
6675.01  6.8835e-07  -80
6680.01  6.8835e-07  -80
6685.01  6.8835e-07  -80
6690.01  6.8835e-07  -80
6695.01  6.8835e-07  -80
6700.01  6.8835e-07  -80
6705.01  6.8835e-07  -80
6710.01  6.8835e-07  -80
6715.01  6.8835e-07  -80
6720.01  6.8835e-07  -80
6725.01  6.8835e-07  -80
6730.01  6.8835e-07  -80
6735.01  6.8835e-07  -80
6740.01  6.8835e-07  -80
6745.01  6.8835e-07  -80
6750.01  6.8835e-07  -80
6755.01  6.8835e-07  -80
6760.01  6.8835e-07  -80
6765.01  6.8835e-07  -80
6770.01  6.8835e-07  -80
6775.01  6.8835e-07  -80
6780.01  6.8835e-07  -80
6785.01  6.8835e-07  -80
6790.01  6.8835e-07  -80
6795.01  6.8835e-07  -80
6800.01  6.8835e-07  -80
6805.01  6.8835e-07  -80
6810.01  6.8835e-07  -80
6815.01  6.8835e-07  -80
6820.01  6.8835e-07  -80
6825.01  6.8835e-07  -80
6830.01  6.8835e-07  -80
6835.01  6.8835e-07  -80
6840.01  6.8835e-07  -80
6845.01  6.8835e-07  -80
6850.01  6.8835e-07  -80
6855.01  6.8835e-07  -80
6860.01  6.8835e-07  -80
6865.01  6.8835e-07  -80
6870.01  6.8835e-07  -80
6875.01  6.8835e-07  -80
6880.01  6.8835e-07  -80
6885.01  6.8835e-07  -80
6890.01  6.8835e-07  -80
6895.01  6.8835e-07  -80
6900.01  6.8835e-07  -80
6905.01  6.8835e-07  -80
6910.01  6.8835e-07  -80
6915.01  6.8835e-07  -80
6920.01  6.8835e-07  -80
6925.01  6.8835e-07  -80
6930.01  6.8835e-07  -80
6935.01  6.8835e-07  -80
6940.01  6.8835e-07  -80
6945.01  6.8835e-07  -80
6950.01  6.8835e-07  -80
6955.01  6.8835e-07  -80
6960.01  6.8835e-07  -80
6965.01  6.8835e-07  -80
6970.01  6.8835e-07  -80
6975.01  6.8835e-07  -80
6980.01  6.8835e-07  -80
6985.01  6.8835e-07  -80
6990.01  6.8835e-07  -80
6995.01  6.8835e-07  -80
7000.01  6.8835e-07  -80
7005.01  6.8835e-07  -80
7010.01  6.8835e-07  -80
7015.01  6.8835e-07  -80
7020.01  6.8835e-07  -80
7025.01  6.8835e-07  -80
7030.01  6.8835e-07  -80
7035.01  6.8835e-07  -80
7040.01  6.8835e-07  -80
7045.01  6.8835e-07  -80
7050.01  6.8835e-07  -80
7055.01  6.8835e-07  -80
7060.01  6.8835e-07  -80
7065.01  6.8835e-07  -80
7070.01  6.8835e-07  -80
7075.01  6.8835e-07  -80
7080.01  6.8835e-07  -80
7085.01  6.8835e-07  -80
7090.01  6.8835e-07  -80
7095.01  6.8835e-07  -80
7100.01  6.8835e-07  -80
7105.01  6.8835e-07  -80
7110.01  6.8835e-07  -80
7115.01  6.8835e-07  -80
7120.01  6.8835e-07  -80
7125.01  6.8835e-07  -80
7130.01  6.8835e-07  -80
7135.01  6.8835e-07  -80
7140.01  6.8835e-07  -80
7145.01  6.8835e-07  -80
7150.01  6.8835e-07  -80
7155.01  6.8835e-07  -80
7160.01  6.8835e-07  -80
7165.01  6.8835e-07  -80
7170.01  6.8835e-07  -80
7175.01  6.8835e-07  -80
7180.01  6.8835e-07  -80
7185.01  6.8835e-07  -80
7190.01  6.8835e-07  -80
7195.01  6.8835e-07  -80
7200.01  6.8835e-07  -80
7205.01  6.8835e-07  -80
7210.01  6.8835e-07  -80
7215.01  6.8835e-07  -80
7220.01  6.8835e-07  -80
7225.01  6.8835e-07  -80
7230.01  6.8835e-07  -80
7235.01  6.8835e-07  -80
7240.01  6.8835e-07  -80
7245.01  6.8835e-07  -80
7250.01  6.8835e-07  -80
7255.01  6.8835e-07  -80
7260.01  6.8835e-07  -80
7265.01  6.8835e-07  -80
7270.01  6.8835e-07  -80
7275.01  6.8835e-07  -80
7280.01  6.8835e-07  -80
7285.01  6.8835e-07  -80
7290.01  6.8835e-07  -80
7295.01  6.8835e-07  -80
7300.01  6.8835e-07  -80
7305.01  6.8835e-07  -80
7310.01  6.8835e-07  -80
7315.01  6.8835e-07  -80
7320.01  6.8835e-07  -80
7325.01  6.8835e-07  -80
7330.01  6.8835e-07  -80
7335.01  6.8835e-07  -80
7340.01  6.8835e-07  -80
7345.01  6.8835e-07  -80
7350.01  6.8835e-07  -80
7355.01  6.8835e-07  -80
7360.01  6.8835e-07  -80
7365.01  6.8835e-07  -80
7370.01  6.8835e-07  -80
7375.01  6.8835e-07  -80
7380.01  6.8835e-07  -80
7385.01  6.8835e-07  -80
7390.01  6.8835e-07  -80
7395.01  6.8835e-07  -80
7400.01  6.8835e-07  -80
7405.01  6.8835e-07  -80
7410.01  6.8835e-07  -80
7415.01  6.8835e-07  -80
7420.01  6.8835e-07  -80
7425.01  6.8835e-07  -80
7430.01  6.8835e-07  -80
7435.01  6.8835e-07  -80
7440.01  6.8835e-07  -80
7445.01  6.8835e-07  -80
7450.01  6.8835e-07  -80
7455.01  6.8835e-07  -80
7460.01  6.8835e-07  -80
7465.01  6.8835e-07  -80
7470.01  6.8835e-07  -80
7475.01  6.8835e-07  -80
7480.01  6.8835e-07  -80
7485.01  6.8835e-07  -80
7490.01  6.8835e-07  -80
7495.01  6.8835e-07  -80
7500.01  6.8835e-07  -80
7505.01  6.8835e-07  -80
7510.01  6.8835e-07  -80
7515.01  6.8835e-07  -80
7520.01  6.8835e-07  -80
7525.01  6.8835e-07  -80
7530.01  6.8835e-07  -80
7535.01  6.8835e-07  -80
7540.01  6.8835e-07  -80
7545.01  6.8835e-07  -80
7550.01  6.8835e-07  -80
7555.01  6.8835e-07  -80
7560.01  6.8835e-07  -80
7565.01  6.8835e-07  -80
7570.01  6.8835e-07  -80
7575.01  6.8835e-07  -80
7580.01  6.8835e-07  -80
7585.01  6.8835e-07  -80
7590.01  6.8835e-07  -80
7595.01  6.8835e-07  -80
7600.01  6.8835e-07  -80
7605.01  6.8835e-07  -80
7610.01  6.8835e-07  -80
7615.01  6.8835e-07  -80
7620.01  6.8835e-07  -80
7625.01  6.8835e-07  -80
7630.01  6.8835e-07  -80
7635.01  6.8835e-07  -80
7640.01  6.8835e-07  -80
7645.01  6.8835e-07  -80
7650.01  6.8835e-07  -80
7655.01  6.8835e-07  -80
7660.01  6.8835e-07  -80
7665.01  6.8835e-07  -80
7670.01  6.8835e-07  -80
7675.01  6.8835e-07  -80
7680.01  6.8835e-07  -80
7685.01  6.8835e-07  -80
7690.01  6.8835e-07  -80
7695.01  6.8835e-07  -80
7700.01  6.8835e-07  -80
7705.01  6.8835e-07  -80
7710.01  6.8835e-07  -80
7715.01  6.8835e-07  -80
7720.01  6.8835e-07  -80
7725.01  6.8835e-07  -80
7730.01  6.8835e-07  -80
7735.01  6.8835e-07  -80
7740.01  6.8835e-07  -80
7745.01  6.8835e-07  -80
7750.01  6.8835e-07  -80
7755.01  6.8835e-07  -80
7760.01  6.8835e-07  -80
7765.01  6.8835e-07  -80
7770.01  6.8835e-07  -80
7775.01  6.8835e-07  -80
7780.01  6.8835e-07  -80
7785.01  6.8835e-07  -80
7790.01  6.8835e-07  -80
7795.01  6.8835e-07  -80
7800.01  6.8835e-07  -80
7805.01  6.8835e-07  -80
7810.01  6.8835e-07  -80
7815.01  6.8835e-07  -80
7820.01  6.8835e-07  -80
7825.01  6.8835e-07  -80
7830.01  6.8835e-07  -80
7835.01  6.8835e-07  -80
7840.01  6.8835e-07  -80
7845.01  6.8835e-07  -80
7850.01  6.8835e-07  -80
7855.01  6.8835e-07  -80
7860.01  6.8835e-07  -80
7865.01  6.8835e-07  -80
7870.01  6.8835e-07  -80
7875.01  6.8835e-07  -80
7880.01  6.8835e-07  -80
7885.01  6.8835e-07  -80
7890.01  6.8835e-07  -80
7895.01  6.8835e-07  -80
7900.01  6.8835e-07  -80
7905.01  6.8835e-07  -80
7910.01  6.8835e-07  -80
7915.01  6.8835e-07  -80
7920.01  6.8835e-07  -80
7925.01  6.8835e-07  -80
7930.01  6.8835e-07  -80
7935.01  6.8835e-07  -80
7940.01  6.8835e-07  -80
7945.01  6.8835e-07  -80
7950.01  6.8835e-07  -80
7955.01  6.8835e-07  -80
7960.01  6.8835e-07  -80
7965.01  6.8835e-07  -80
7970.01  6.8835e-07  -80
7975.01  6.8835e-07  -80
7980.01  6.8835e-07  -80
7985.01  6.8835e-07  -80
7990.01  6.8835e-07  -80
7995.01  6.8835e-07  -80
8000.01  6.8835e-07  -80
8005.01  6.8835e-07  -80
8010.01  6.8835e-07  -80
8015.01  6.8835e-07  -80
8020.01  6.8835e-07  -80
8025.01  6.8835e-07  -80
8030.01  6.8835e-07  -80
8035.01  6.8835e-07  -80
8040.01  6.8835e-07  -80
8045.01  6.8835e-07  -80
8050.01  6.8835e-07  -80
8055.01  6.8835e-07  -80
8060.01  6.8835e-07  -80
8065.01  6.8835e-07  -80
8070.01  6.8835e-07  -80
8075.01  6.8835e-07  -80
8080.01  6.8835e-07  -80
8085.01  6.8835e-07  -80
8090.01  6.8835e-07  -80
8095.01  6.8835e-07  -80
8100.01  6.8835e-07  -80
8105.01  6.8835e-07  -80
8110.01  6.8835e-07  -80
8115.01  6.8835e-07  -80
8120.01  6.8835e-07  -80
8125.01  6.8835e-07  -80
8130.01  6.8835e-07  -80
8135.01  6.8835e-07  -80
8140.01  6.8835e-07  -80
8145.01  6.8835e-07  -80
8150.01  6.8835e-07  -80
8155.01  6.8835e-07  -80
8160.01  6.8835e-07  -80
8165.01  6.8835e-07  -80
8170.01  6.8835e-07  -80
8175.01  6.8835e-07  -80
8180.01  6.8835e-07  -80
8185.01  6.8835e-07  -80
8190.01  6.8835e-07  -80
8195.01  6.8835e-07  -80
8200.01  6.8835e-07  -80
8205.01  6.8835e-07  -80
8210.01  6.8835e-07  -80
8215.01  6.8835e-07  -80
8220.01  6.8835e-07  -80
8225.01  6.8835e-07  -80
8230.01  6.8835e-07  -80
8235.01  6.8835e-07  -80
8240.01  6.8835e-07  -80
8245.01  6.8835e-07  -80
8250.01  6.8835e-07  -80
8255.01  6.8835e-07  -80
8260.01  6.8835e-07  -80
8265.01  6.8835e-07  -80
8270.01  6.8835e-07  -80
8275.01  6.8835e-07  -80
8280.01  6.8835e-07  -80
8285.01  6.8835e-07  -80
8290.01  6.8835e-07  -80
8295.01  6.8835e-07  -80
8300.01  6.8835e-07  -80
8305.01  6.8835e-07  -80
8310.01  6.8835e-07  -80
8315.01  6.8835e-07  -80
8320.01  6.8835e-07  -80
8325.01  6.8835e-07  -80
8330.01  6.8835e-07  -80
8335.01  6.8835e-07  -80
8340.01  6.8835e-07  -80
8345.01  6.8835e-07  -80
8350.01  6.8835e-07  -80
8355.01  6.8835e-07  -80
8360.01  6.8835e-07  -80
8365.01  6.8835e-07  -80
8370.01  6.8835e-07  -80
8375.01  6.8835e-07  -80
8380.01  6.8835e-07  -80
8385.01  6.8835e-07  -80
8390.01  6.8835e-07  -80
8395.01  6.8835e-07  -80
8400.01  6.8835e-07  -80
8405.01  6.8835e-07  -80
8410.01  6.8835e-07  -80
8415.01  6.8835e-07  -80
8420.01  6.8835e-07  -80
8425.01  6.8835e-07  -80
8430.01  6.8835e-07  -80
8435.01  6.8835e-07  -80
8440.01  6.8835e-07  -80
8445.01  6.8835e-07  -80
8450.01  6.8835e-07  -80
8455.01  6.8835e-07  -80
8460.01  6.8835e-07  -80
8465.01  6.8835e-07  -80
8470.01  6.8835e-07  -80
8475.01  6.8835e-07  -80
8480.01  6.8835e-07  -80
8485.01  6.8835e-07  -80
8490.01  6.8835e-07  -80
8495.01  6.8835e-07  -80
8500.01  6.8835e-07  -80
8505.01  6.8835e-07  -80
8510.01  6.8835e-07  -80
8515.01  6.8835e-07  -80
8520.01  6.8835e-07  -80
8525.01  6.8835e-07  -80
8530.01  6.8835e-07  -80
8535.01  6.8835e-07  -80
8540.01  6.8835e-07  -80
8545.01  6.8835e-07  -80
8550.01  6.8835e-07  -80
8555.01  6.8835e-07  -80
8560.01  6.8835e-07  -80
8565.01  6.8835e-07  -80
8570.01  6.8835e-07  -80
8575.01  6.8835e-07  -80
8580.01  6.8835e-07  -80
8585.01  6.8835e-07  -80
8590.01  6.8835e-07  -80
8595.01  6.8835e-07  -80
8600.01  6.8835e-07  -80
8605.01  6.8835e-07  -80
8610.01  6.8835e-07  -80
8615.01  6.8835e-07  -80
8620.01  6.8835e-07  -80
8625.01  6.8835e-07  -80
8630.01  6.8835e-07  -80
8635.01  6.8835e-07  -80
8640.01  6.8835e-07  -80
8645.01  6.8835e-07  -80
8650.01  6.8835e-07  -80
8655.01  6.8835e-07  -80
8660.01  6.8835e-07  -80
8665.01  6.8835e-07  -80
8670.01  6.8835e-07  -80
8675.01  6.8835e-07  -80
8680.01  6.8835e-07  -80
8685.01  6.8835e-07  -80
8690.01  6.8835e-07  -80
8695.01  6.8835e-07  -80
8700.01  6.8835e-07  -80
8705.01  6.8835e-07  -80
8710.01  6.8835e-07  -80
8715.01  6.8835e-07  -80
8720.01  6.8835e-07  -80
8725.01  6.8835e-07  -80
8730.01  6.8835e-07  -80
8735.01  6.8835e-07  -80
8740.01  6.8835e-07  -80
8745.01  6.8835e-07  -80
8750.01  6.8835e-07  -80
8755.01  6.8835e-07  -80
8760.01  6.8835e-07  -80
8765.01  6.8835e-07  -80
8770.01  6.8835e-07  -80
8775.01  6.8835e-07  -80
8780.01  6.8835e-07  -80
8785.01  6.8835e-07  -80
8790.01  6.8835e-07  -80
8795.01  6.8835e-07  -80
8800.01  6.8835e-07  -80
8805.01  6.8835e-07  -80
8810.01  6.8835e-07  -80
8815.01  6.8835e-07  -80
8820.01  6.8835e-07  -80
8825.01  6.8835e-07  -80
8830.01  6.8835e-07  -80
8835.01  6.8835e-07  -80
8840.01  6.8835e-07  -80
8845.01  6.8835e-07  -80
8850.01  6.8835e-07  -80
8855.01  6.8835e-07  -80
8860.01  6.8835e-07  -80
8865.01  6.8835e-07  -80
8870.01  6.8835e-07  -80
8875.01  6.8835e-07  -80
8880.01  6.8835e-07  -80
8885.01  6.8835e-07  -80
8890.01  6.8835e-07  -80
8895.01  6.8835e-07  -80
8900.01  6.8835e-07  -80
8905.01  6.8835e-07  -80
8910.01  6.8835e-07  -80
8915.01  6.8835e-07  -80
8920.01  6.8835e-07  -80
8925.01  6.8835e-07  -80
8930.01  6.8835e-07  -80
8935.01  6.8835e-07  -80
8940.01  6.8835e-07  -80
8945.01  6.8835e-07  -80
8950.01  6.8835e-07  -80
8955.01  6.8835e-07  -80
8960.01  6.8835e-07  -80
8965.01  6.8835e-07  -80
8970.01  6.8835e-07  -80
8975.01  6.8835e-07  -80
8980.01  6.8835e-07  -80
8985.01  6.8835e-07  -80
8990.01  6.8835e-07  -80
8995.01  6.8835e-07  -80
9000.01  6.8835e-07  -80
9005.01  6.8835e-07  -80
9010.01  6.8835e-07  -80
9015.01  6.8835e-07  -80
9020.01  6.8835e-07  -80
9025.01  6.8835e-07  -80
9030.01  6.8835e-07  -80
9035.01  6.8835e-07  -80
9040.01  6.8835e-07  -80
9045.01  6.8835e-07  -80
9050.01  6.8835e-07  -80
9055.01  6.8835e-07  -80
9060.01  6.8835e-07  -80
9065.01  6.8835e-07  -80
9070.01  6.8835e-07  -80
9075.01  6.8835e-07  -80
9080.01  6.8835e-07  -80
9085.01  6.8835e-07  -80
9090.01  6.8835e-07  -80
9095.01  6.8835e-07  -80
9100.01  6.8835e-07  -80
9105.01  6.8835e-07  -80
9110.01  6.8835e-07  -80
9115.01  6.8835e-07  -80
9120.01  6.8835e-07  -80
9125.01  6.8835e-07  -80
9130.01  6.8835e-07  -80
9135.01  6.8835e-07  -80
9140.01  6.8835e-07  -80
9145.01  6.8835e-07  -80
9150.01  6.8835e-07  -80
9155.01  6.8835e-07  -80
9160.01  6.8835e-07  -80
9165  6.8835e-07  -80
9170  6.8835e-07  -80
9175  6.8835e-07  -80
9180  6.8835e-07  -80
9185  6.8835e-07  -80
9190  6.8835e-07  -80
9195  6.8835e-07  -80
9200  6.8835e-07  -80
9205  6.8835e-07  -80
9210  6.8835e-07  -80
9215  6.8835e-07  -80
9220  6.8835e-07  -80
9225  6.8835e-07  -80
9230  6.8835e-07  -80
9235  6.8835e-07  -80
9240  6.8835e-07  -80
9245  6.8835e-07  -80
9250  6.8835e-07  -80
9255  6.8835e-07  -80
9260  6.8835e-07  -80
9265  6.8835e-07  -80
9270  6.8835e-07  -80
9275  6.8835e-07  -80
9280  6.8835e-07  -80
9285  6.8835e-07  -80
9290  6.8835e-07  -80
9295  6.8835e-07  -80
9300  6.8835e-07  -80
9305  6.8835e-07  -80
9310  6.8835e-07  -80
9315  6.8835e-07  -80
9320  6.8835e-07  -80
9325  6.8835e-07  -80
9330  6.8835e-07  -80
9335  6.8835e-07  -80
9340  6.8835e-07  -80
9345  6.8835e-07  -80
9350  6.8835e-07  -80
9355  6.8835e-07  -80
9360  6.8835e-07  -80
9365  6.8835e-07  -80
9370  6.8835e-07  -80
9375  6.8835e-07  -80
9380  6.8835e-07  -80
9385  6.8835e-07  -80
9390  6.8835e-07  -80
9395  6.8835e-07  -80
9400  6.8835e-07  -80
9405  6.8835e-07  -80
9410  6.8835e-07  -80
9415  6.8835e-07  -80
9420  6.8835e-07  -80
9425  6.8835e-07  -80
9430  6.8835e-07  -80
9435  6.8835e-07  -80
9440  6.8835e-07  -80
9445  6.8835e-07  -80
9450  6.8835e-07  -80
9455  6.8835e-07  -80
9460  6.8835e-07  -80
9465  6.8835e-07  -80
9470  6.8835e-07  -80
9475  6.8835e-07  -80
9480  6.8835e-07  -80
9485  6.8835e-07  -80
9490  6.8835e-07  -80
9495  6.8835e-07  -80
9500  6.8835e-07  -80
9505  6.8835e-07  -80
9510  6.8835e-07  -80
9515  6.8835e-07  -80
9520  6.8835e-07  -80
9525  6.8835e-07  -80
9530  6.8835e-07  -80
9535  6.8835e-07  -80
9540  6.8835e-07  -80
9545  6.8835e-07  -80
9550  6.8835e-07  -80
9555  6.8835e-07  -80
9560  6.8835e-07  -80
9565  6.8835e-07  -80
9570  6.8835e-07  -80
9575  6.8835e-07  -80
9580  6.8835e-07  -80
9585  6.8835e-07  -80
9590  6.8835e-07  -80
9595  6.8835e-07  -80
9600  6.8835e-07  -80
9605  6.8835e-07  -80
9610  6.8835e-07  -80
9615  6.8835e-07  -80
9620  6.8835e-07  -80
9625  6.8835e-07  -80
9630  6.8835e-07  -80
9635  6.8835e-07  -80
9640  6.8835e-07  -80
9645  6.8835e-07  -80
9650  6.8835e-07  -80
9655  6.8835e-07  -80
9660  6.8835e-07  -80
9665  6.8835e-07  -80
9670  6.8835e-07  -80
9675  6.8835e-07  -80
9680  6.8835e-07  -80
9685  6.8835e-07  -80
9690  6.8835e-07  -80
9695  6.8835e-07  -80
9700  6.8835e-07  -80
9705  6.8835e-07  -80
9710  6.8835e-07  -80
9715  6.8835e-07  -80
9720  6.8835e-07  -80
9725  6.8835e-07  -80
9730  6.8835e-07  -80
9735  6.8835e-07  -80
9740  6.8835e-07  -80
9745  6.8835e-07  -80
9750  6.8835e-07  -80
9755  6.8835e-07  -80
9760  6.8835e-07  -80
9765  6.8835e-07  -80
9770  6.8835e-07  -80
9775  6.8835e-07  -80
9780  6.8835e-07  -80
9785  6.8835e-07  -80
9790  6.8835e-07  -80
9795  6.8835e-07  -80
9800  6.8835e-07  -80
9805  6.8835e-07  -80
9810  6.8835e-07  -80
9815  6.8835e-07  -80
9820  6.8835e-07  -80
9825  6.8835e-07  -80
9830  6.8835e-07  -80
9835  6.8835e-07  -80
9840  6.8835e-07  -80
9845  6.8835e-07  -80
9850  6.8835e-07  -80
9855  6.8835e-07  -80
9860  6.8835e-07  -80
9865  6.8835e-07  -80
9870  6.8835e-07  -80
9875  6.8835e-07  -80
9880  6.8835e-07  -80
9885  6.8835e-07  -80
9890  6.8835e-07  -80
9895  6.8835e-07  -80
9900  6.8835e-07  -80
9905  6.8835e-07  -80
9910  6.8835e-07  -80
9915  6.8835e-07  -80
9920  6.8835e-07  -80
9925  6.8835e-07  -80
9930  6.8835e-07  -80
9935  6.8835e-07  -80
9940  6.8835e-07  -80
9945  6.8835e-07  -80
9950  6.8835e-07  -80
9955  6.8835e-07  -80
9960  6.8835e-07  -80
9965  6.8835e-07  -80
9970  6.8835e-07  -80
9975  6.8835e-07  -80
9980  6.8835e-07  -80
9985  6.8835e-07  -80
9990  6.8835e-07  -80
9995  6.8835e-07  -80
10000  2.1829e-05  40
10005  0.000721572  40
10010  0.00281709  40
10015  0.00546392  40
10020  0.00805673  40
10025  0.0103111  40
10030  0.0121276  40
10035  0.013504  40
10040  0.014484  40
10045  0.0151288  40
10050  0.0155018  40
10055  0.0156611  40
10060  0.0156569  40
10065  0.0155303  40
10070  0.0153145  40
10075  0.0150353  40
10080  0.0147128  40
10085  0.0143621  40
10090  0.0139945  40
10095  0.0136185  40
10100  0.0132403  40
10105  0.0128641  40
10110  0.0124933  40
10115  0.0121299  40
10120  0.0117755  40
10125  0.0114309  40
10130  0.0110969  40
10135  0.0107736  40
10140  0.0104612  40
10145  0.0101595  40
10150  0.00986858  40
10155  0.00958808  40
10160  0.00931778  40
10165  0.0090574  40
10170  0.00880664  40
10175  0.00856518  40
10180  0.00833272  40
10185  0.00810894  40
10190  0.00789353  40
10195  0.0076862  40
10200  0.00748665  40
10205  0.00729459  40
10210  0.00710974  40
10215  0.00693185  40
10220  0.00676064  40
10225  0.00659588  40
10230  0.00643731  40
10235  0.00628471  40
10240  0.00613786  40
10245  0.00599653  40
10250  0.00586052  40
10255  0.00572962  40
10260  0.00560366  40
10265  0.00548244  40
10270  0.00536577  40
10275  0.00525351  40
10280  0.00514546  40
10285  0.00504149  40
10290  0.00494142  40
10295  0.00484513  40
10300  0.00475245  40
10305  0.00466327  40
10310  0.00457745  40
10315  0.00449485  40
10320  0.00441536  40
10325  0.00433887  40
10330  0.00426526  40
10335  0.00419441  40
10340  0.00412624  40
10345  0.00406063  40
10350  0.00399748  40
10355  0.00393672  40
10360  0.00387824  40
10365  0.00382197  40
10370  0.00376781  40
10375  0.00371569  40
10380  0.00366554  40
10385  0.00361727  40
10390  0.00357082  40
10395  0.00352611  40
10400  0.00348309  40
10405  0.00344169  40
10410  0.00340185  40
10415  0.00336351  40
10420  0.00332661  40
10425  0.0032911  40
10430  0.00325692  40
10435  0.00322404  40
10440  0.00319239  40
10445  0.00316193  40
10450  0.00313262  40
10455  0.00310441  40
10460  0.00307726  40
10465  0.00305114  40
10470  0.003026  40
10475  0.0030018  40
10480  0.00297852  40
10485  0.00295611  40
10490  0.00293455  40
10495  0.0029138  40
10500  0.00289382  40
10505  0.00287461  40
10510  0.00285611  40
10515  0.00283831  40
10520  0.00282118  40
10525  0.0028047  40
10530  0.00278883  40
10535  0.00277356  40
10540  0.00275887  40
10545  0.00274473  40
10550  0.00273113  40
10555  0.00271803  40
10560  0.00270543  40
10565  0.0026933  40
10570  0.00268163  40
10575  0.0026704  40
10580  0.00265959  40
10585  0.00264919  40
10590  0.00263918  40
10595  0.00262954  40
10600  0.00262027  40
10605  0.00261135  40
10610  0.00260276  40
10615  0.0025945  40
10620  0.00258655  40
10625  0.0025789  40
10630  0.00257153  40
10635  0.00256444  40
10640  0.00255762  40
10645  0.00255106  40
10650  0.00254474  40
10655  0.00253866  40
10660  0.00253281  40
10665  0.00252718  40
10670  0.00252177  40
10675  0.00251655  40
10680  0.00251153  40
10685  0.00250671  40
10690  0.00250206  40
10695  0.00249759  40
10700  0.00249328  40
10705  0.00248914  40
10710  0.00248516  40
10715  0.00248132  40
10720  0.00247763  40
10725  0.00247408  40
10730  0.00247066  40
10735  0.00246737  40
10740  0.0024642  40
10745  0.00246115  40
10750  0.00245822  40
10755  0.0024554  40
10760  0.00245268  40
10765  0.00245007  40
10770  0.00244755  40
10775  0.00244513  40
10780  0.0024428  40
10785  0.00244056  40
10790  0.00243841  40
10795  0.00243633  40
10800  0.00243433  40
10805  0.00243241  40
10810  0.00243056  40
10815  0.00242878  40
10820  0.00242706  40
10825  0.00242541  40
10830  0.00242383  40
10835  0.0024223  40
10840  0.00242083  40
10845  0.00241942  40
10850  0.00241805  40
10855  0.00241674  40
10860  0.00241548  40
10865  0.00241427  40
10870  0.0024131  40
10875  0.00241198  40
10880  0.0024109  40
10885  0.00240986  40
10890  0.00240886  40
10895  0.00240789  40
10900  0.00240696  40
10905  0.00240607  40
10910  0.00240521  40
10915  0.00240439  40
10920  0.00240359  40
10925  0.00240283  40
10930  0.00240209  40
10935  0.00240138  40
10940  0.0024007  40
10945  0.00240004  40
10950  0.00239941  40
10955  0.0023988  40
10960  0.00239822  40
10965  0.00239765  40
10970  0.00239711  40
10975  0.00239659  40
10980  0.00239609  40
10985  0.0023956  40
10990  0.00239514  40
10995  0.00239469  40
11000  -0.00118574  -120
11000  -0.000639289  -100
11005  -0.0849836  -100
11010  -0.130693  -100
11015  -0.153104  -100
11020  -0.161609  -100
11025  -0.161951  -100
11030  -0.15763  -100
11035  -0.150772  -100
11040  -0.14266  -100
11045  -0.134059  -100
11050  -0.125419  -100
11055  -0.116999  -100
11060  -0.108939  -100
11065  -0.101309  -100
11070  -0.0941363  -100
11075  -0.0874251  -100
11080  -0.0811638  -100
11085  -0.0753336  -100
11090  -0.0699117  -100
11095  -0.0648737  -100
11100  -0.0601949  -100
11105  -0.0558513  -100
11110  -0.0518198  -100
11115  -0.0480785  -100
11120  -0.044607  -100
11125  -0.0413859  -100
11130  -0.0383973  -100
11135  -0.0356245  -100
11140  -0.033052  -100
11145  -0.0306652  -100
11150  -0.0284509  -100
11155  -0.0263965  -100
11160  -0.0244905  -100
11165  -0.0227221  -100
11170  -0.0210815  -100
11175  -0.0195594  -100
11180  -0.0181472  -100
11185  -0.016837  -100
11190  -0.0156214  -100
11195  -0.0144936  -100
11200  -0.0134472  -100
11205  -0.0124764  -100
11210  -0.0115757  -100
11215  -0.01074  -100
11220  -0.0099647  -100
11225  -0.00924535  -100
11230  -0.00857793  -100
11235  -0.0079587  -100
11240  -0.00738418  -100
11245  -0.00685114  -100
11250  -0.00635658  -100
11255  -0.00589773  -100
11260  -0.005472  -100
11265  -0.005077  -100
11270  -0.00471052  -100
11275  -0.0043705  -100
11280  -0.00405502  -100
11285  -0.00376232  -100
11290  -0.00349075  -100
11295  -0.00323878  -100
11300  -0.003005  -100
11305  -0.00278809  -100
11310  -0.00258685  -100
11315  -0.00240013  -100
11320  -0.00222689  -100
11325  -0.00206615  -100
11330  -0.00191702  -100
11335  -0.00177865  -100
11340  -0.00165027  -100
11345  -0.00153116  -100
11350  -0.00142064  -100
11355  -0.00131811  -100
11360  -0.00122297  -100
11365  -0.0011347  -100
11370  -0.0010528  -100
11375  -0.000976816  -100
11380  -0.000906315  -100
11385  -0.000840903  -100
11390  -0.000780212  -100
11395  -0.000723902  -100
11400  -0.000671656  -100
11405  -0.000623182  -100
11410  -0.000578206  -100
11415  -0.000536477  -100
11420  -0.00049776  -100
11425  -0.000461838  -100
11430  -0.000428508  -100
11435  -0.000397585  -100
11440  -0.000368893  -100
11445  -0.000342272  -100
11450  -0.000317573  -100
11455  -0.000294657  -100
11460  -0.000273394  -100
11465  -0.000253667  -100
11470  -0.000235363  -100
11475  -0.000218381  -100
11480  -0.000202624  -100
11485  -0.000188005  -100
11490  -0.00017444  -100
11495  -0.000161855  -100
11500  -0.000150179  -100
11505  -0.000139345  -100
11510  -0.000129293  -100
11515  -0.000119967  -100
11520  -0.000111313  -100
11525  -0.000103285  -100
11530  -9.58357e-05  -100
11535  -8.89243e-05  -100
11540  -8.25117e-05  -100
11545  -7.6562e-05  -100
11550  -7.10418e-05  -100
11555  -6.592e-05  -100
11560  -6.11679e-05  -100
11565  -5.67588e-05  -100
11570  -5.26679e-05  -100
11575  -4.88723e-05  -100
11580  -4.53507e-05  -100
11585  -4.20833e-05  -100
11590  -3.90517e-05  -100
11595  -3.6239e-05  -100
11600  -3.36292e-05  -100
11605  -3.12078e-05  -100
11610  -2.89612e-05  -100
11615  -2.68768e-05  -100
11620  -2.49428e-05  -100
11625  -2.31484e-05  -100
11630  -2.14836e-05  -100
11635  -1.99388e-05  -100
11640  -1.85056e-05  -100
11645  -1.71759e-05  -100
11650  -1.59421e-05  -100
11655  -1.47974e-05  -100
11660  -1.37353e-05  -100
11665  -1.27498e-05  -100
11670  -1.18355e-05  -100
11675  -1.09872e-05  -100
11680  -1.02001e-05  -100
11685  -9.46986e-06  -100
11690  -8.7923e-06  -100
11695  -8.16364e-06  -100
11700  -7.58036e-06  -100
11705  -7.03918e-06  -100
11710  -6.53707e-06  -100
11715  -6.07119e-06  -100
11720  -5.63894e-06  -100
11725  -5.2379e-06  -100
11730  -4.86579e-06  -100
11735  -4.52055e-06  -100
11740  -4.20023e-06  -100
11745  -3.90303e-06  -100
11750  -3.62727e-06  -100
11755  -3.37143e-06  -100
11760  -3.13405e-06  -100
11765  -2.9138e-06  -100
11770  -2.70945e-06  -100
11775  -2.51985e-06  -100
11780  -2.34394e-06  -100
11785  -2.18072e-06  -100
11790  -2.02929e-06  -100
11795  -1.88878e-06  -100
11800  -1.75842e-06  -100
11805  -1.63746e-06  -100
11810  -1.52524e-06  -100
11815  -1.42112e-06  -100
11820  -1.32451e-06  -100
11825  -1.23487e-06  -100
11830  -1.15171e-06  -100
11835  -1.07455e-06  -100
11840  -1.00295e-06  -100
11845  -9.36528e-07  -100
11850  -8.74898e-07  -100
11855  -8.17716e-07  -100
11860  -7.64661e-07  -100
11865  -7.15435e-07  -100
11870  -6.69763e-07  -100
11875  -6.27388e-07  -100
11880  -5.88071e-07  -100
11885  -5.51591e-07  -100
11890  -5.17745e-07  -100
11895  -4.86342e-07  -100
11900  -4.57206e-07  -100
11905  -4.30172e-07  -100
11910  -4.0509e-07  -100
11915  -3.81819e-07  -100
11920  -3.60227e-07  -100
11925  -3.40193e-07  -100
11930  -3.21606e-07  -100
11935  -3.0436e-07  -100
11940  -2.88359e-07  -100
11945  -2.73513e-07  -100
11950  -2.59738e-07  -100
11955  -2.46958e-07  -100
11960  -2.351e-07  -100
11965  -2.24098e-07  -100
11970  -2.1389e-07  -100
11975  -2.04419e-07  -100
11980  -1.95632e-07  -100
11985  -1.87479e-07  -100
11990  -1.79914e-07  -100
11995  -1.72896e-07  -100
12000  -1.66384e-07  -100
12005  -1.60342e-07  -100
12010  -1.54736e-07  -100
12015  -1.49534e-07  -100
12020  -1.44709e-07  -100
12025  -1.40231e-07  -100
12030  -1.36077e-07  -100
12035  -1.32222e-07  -100
12040  -1.28646e-07  -100
12045  -1.25328e-07  -100
12050  -1.22249e-07  -100
12055  -1.19393e-07  -100
12060  -1.16743e-07  -100
12065  -1.14284e-07  -100
12070  -1.12002e-07  -100
12075  -1.09886e-07  -100
12080  -1.07922e-07  -100
12085  -1.06099e-07  -100
12090  -1.04409e-07  -100
12095  -1.0284e-07  -100
12100  -1.01384e-07  -100
12105  -1.00034e-07  -100
12110  -9.87811e-08  -100
12115  -9.76187e-08  -100
12120  -9.65401e-08  -100
12125  -9.55394e-08  -100
12130  -9.46109e-08  -100
12135  -9.37494e-08  -100
12140  -9.29501e-08  -100
12145  -9.22085e-08  -100
12150  -9.15204e-08  -100
12155  -9.0882e-08  -100
12160  -9.02897e-08  -100
12165  -8.97401e-08  -100
12170  -8.92302e-08  -100
12175  -8.87571e-08  -100
12180  -8.83181e-08  -100
12185  -8.79109e-08  -100
12190  -8.7533e-08  -100
12195  -8.71824e-08  -100
12200  -8.68571e-08  -100
12205  -8.65553e-08  -100
12210  -8.62752e-08  -100
12215  -8.60154e-08  -100
12220  -8.57744e-08  -100
12225  -8.55507e-08  -100
12230  -8.53432e-08  -100
12235  -8.51506e-08  -100
12240  -8.4972e-08  -100
12245  -8.48062e-08  -100
12250  -8.46525e-08  -100
12255  -8.45098e-08  -100
12260  -8.43774e-08  -100
12265  -8.42546e-08  -100
12270  -8.41406e-08  -100
12275  -8.40348e-08  -100
12280  -8.39367e-08  -100
12285  -8.38457e-08  -100
12290  -8.37613e-08  -100
12295  -8.36829e-08  -100
12300  -8.36102e-08  -100
12305  -8.35427e-08  -100
12310  -8.34802e-08  -100
12315  -8.34221e-08  -100
12320  -8.33682e-08  -100
12325  -8.33182e-08  -100
12330  -8.32718e-08  -100
12335  -8.32288e-08  -100
12340  -8.31889e-08  -100
12345  -8.31518e-08  -100
12350  -8.31175e-08  -100
12355  -8.30856e-08  -100
12360  -8.3056e-08  -100
12365  -8.30285e-08  -100
12370  -8.30031e-08  -100
12375  -8.29794e-08  -100
12380  -8.29575e-08  -100
12385  -8.29372e-08  -100
12390  -8.29183e-08  -100
12395  -8.29008e-08  -100
12400  -8.28845e-08  -100
12405  -8.28694e-08  -100
12410  -8.28554e-08  -100
12415  -8.28425e-08  -100
12420  -8.28304e-08  -100
12425  -8.28193e-08  -100
12430  -8.28089e-08  -100
12435  -8.27993e-08  -100
12440  -8.27903e-08  -100
12445  -8.27821e-08  -100
12450  -8.27744e-08  -100
12455  -8.27673e-08  -100
12460  -8.27606e-08  -100
12465  -8.27545e-08  -100
12470  -8.27488e-08  -100
12475  -8.27435e-08  -100
12480  -8.27386e-08  -100
12485  -8.27341e-08  -100
12490  -8.27299e-08  -100
12495  -8.2726e-08  -100
12500  -8.27223e-08  -100
12505  -8.2719e-08  -100
12510  -8.27158e-08  -100
12515  -8.27129e-08  -100
12520  -8.27102e-08  -100
12525  -8.27077e-08  -100
12530  -8.27054e-08  -100
12535  -8.27033e-08  -100
12540  -8.27013e-08  -100
12545  -8.26994e-08  -100
12550  -8.26977e-08  -100
12555  -8.26961e-08  -100
12560  -8.26946e-08  -100
12565  -8.26933e-08  -100
12570  -8.2692e-08  -100
12575  -8.26908e-08  -100
12580  -8.26897e-08  -100
12585  -8.26887e-08  -100
12590  -8.26878e-08  -100
12595  -8.26869e-08  -100
12600  -8.26861e-08  -100
12605  -8.26853e-08  -100
12610  -8.26846e-08  -100
12615  -8.2684e-08  -100
12620  -8.26834e-08  -100
12625  -8.26828e-08  -100
12630  -8.26823e-08  -100
12635  -8.26818e-08  -100
12640  -8.26814e-08  -100
12645  -8.2681e-08  -100
12650  -8.26806e-08  -100
12655  -8.26802e-08  -100
12660  -8.26799e-08  -100
12665  -8.26796e-08  -100
12670  -8.26793e-08  -100
12675  -8.2679e-08  -100
12680  -8.26788e-08  -100
12685  -8.26786e-08  -100
12690  -8.26783e-08  -100
12695  -8.26782e-08  -100
12700  -8.2678e-08  -100
12705  -8.26778e-08  -100
12710  -8.26776e-08  -100
12715  -8.26775e-08  -100
12720  -8.26774e-08  -100
12725  -8.26772e-08  -100
12730  -8.26771e-08  -100
12735  -8.2677e-08  -100
12740  -8.26769e-08  -100
12745  -8.26768e-08  -100
12750  -8.26767e-08  -100
12755  -8.26767e-08  -100
12760  -8.26766e-08  -100
12765  -8.26765e-08  -100
12770  -8.26765e-08  -100
12775  -8.26764e-08  -100
12780  -8.26763e-08  -100
12785  -8.26763e-08  -100
12790  -8.26762e-08  -100
12795  -8.26762e-08  -100
12800  -8.26762e-08  -100
12805  -8.26761e-08  -100
12810  -8.26761e-08  -100
12815  -8.26761e-08  -100
12820  -8.2676e-08  -100
12825  -8.2676e-08  -100
12830  -8.2676e-08  -100
12835  -8.26759e-08  -100
12840  -8.26759e-08  -100
12845  -8.26759e-08  -100
12850  -8.26759e-08  -100
12855  -8.26759e-08  -100
12860  -8.26759e-08  -100
12865  -8.26758e-08  -100
12870  -8.26758e-08  -100
12875  -8.26758e-08  -100
12880  -8.26758e-08  -100
12885  -8.26758e-08  -100
12890  -8.26758e-08  -100
12895  -8.26758e-08  -100
12900  -8.26758e-08  -100
12905  -8.26757e-08  -100
12910  -8.26757e-08  -100
12915  -8.26757e-08  -100
12920  -8.26757e-08  -100
12925  -8.26757e-08  -100
12930  -8.26757e-08  -100
12935  -8.26757e-08  -100
12940  -8.26757e-08  -100
12945  -8.26757e-08  -100
12950  -8.26757e-08  -100
12955  -8.26757e-08  -100
12960  -8.26757e-08  -100
12965  -8.26757e-08  -100
12970  -8.26757e-08  -100
12975  -8.26757e-08  -100
12980  -8.26757e-08  -100
12985  -8.26757e-08  -100
12990  -8.26757e-08  -100
12995  -8.26757e-08  -100
13000  -8.26757e-08  -100
13005  -8.26757e-08  -100
13010  -8.26757e-08  -100
13015  -8.26757e-08  -100
13020  -8.26757e-08  -100
13025  -8.26757e-08  -100
13030  -8.26757e-08  -100
13035  -8.26757e-08  -100
13040  -8.26757e-08  -100
13045  -8.26757e-08  -100
13050  -8.26757e-08  -100
13055  -8.26756e-08  -100
13060  -8.26756e-08  -100
13065  -8.26756e-08  -100
13070  -8.26756e-08  -100
13075  -8.26756e-08  -100
13080  -8.26756e-08  -100
13085  -8.26756e-08  -100
13090  -8.26756e-08  -100
13095  -8.26756e-08  -100
13100  -8.26756e-08  -100
13105  -8.26756e-08  -100
13110  -8.26756e-08  -100
13115  -8.26756e-08  -100
13120  -8.26756e-08  -100
13125  -8.26756e-08  -100
13130  -8.26756e-08  -100
13135  -8.26756e-08  -100
13140  -8.26756e-08  -100
13145  -8.26756e-08  -100
13150  -8.26756e-08  -100
13155  -8.26756e-08  -100
13160  -8.26756e-08  -100
13165  -8.26756e-08  -100
13170  -8.26756e-08  -100
13175  -8.26756e-08  -100
13180  -8.26756e-08  -100
13185  -8.26756e-08  -100
13190  -8.26756e-08  -100
13195  -8.26756e-08  -100
13200  -8.26756e-08  -100
13205  -8.26756e-08  -100
13210  -8.26756e-08  -100
13215  -8.26756e-08  -100
13220  -8.26756e-08  -100
13225  -8.26756e-08  -100
13230  -8.26756e-08  -100
13235  -8.26756e-08  -100
13240  -8.26756e-08  -100
13245  -8.26756e-08  -100
13250  -8.26756e-08  -100
13255  -8.26756e-08  -100
13260  -8.26756e-08  -100
13265  -8.26756e-08  -100
13270  -8.26756e-08  -100
13275  -8.26756e-08  -100
13280  -8.26756e-08  -100
13285  -8.26756e-08  -100
13290  -8.26756e-08  -100
13295  -8.26756e-08  -100
13300  -8.26756e-08  -100
13305  -8.26756e-08  -100
13310  -8.26756e-08  -100
13315  -8.26756e-08  -100
13320  -8.26756e-08  -100
13325  -8.26756e-08  -100
13330  -8.26756e-08  -100
13335  -8.26756e-08  -100
13340  -8.26756e-08  -100
13345  -8.26756e-08  -100
13350  -8.26756e-08  -100
13355  -8.26756e-08  -100
13360  -8.26756e-08  -100
13365  -8.26756e-08  -100
13370  -8.26756e-08  -100
13375  -8.26756e-08  -100
13380  -8.26756e-08  -100
13385  -8.26756e-08  -100
13390  -8.26756e-08  -100
13395  -8.26756e-08  -100
13400  -8.26756e-08  -100
13405  -8.26756e-08  -100
13410  -8.26756e-08  -100
13415  -8.26756e-08  -100
13420  -8.26756e-08  -100
13425  -8.26756e-08  -100
13430  -8.26756e-08  -100
13435  -8.26756e-08  -100
13440  -8.26756e-08  -100
13445  -8.26756e-08  -100
13450  -8.26756e-08  -100
13455  -8.26756e-08  -100
13460  -8.26756e-08  -100
13465  -8.26756e-08  -100
13470  -8.26756e-08  -100
13475  -8.26756e-08  -100
13480  -8.26756e-08  -100
13485  -8.26756e-08  -100
13490  -8.26756e-08  -100
13495  -8.26756e-08  -100
13500  -8.26756e-08  -100
13505  -8.26756e-08  -100
13510  -8.26756e-08  -100
13515  -8.26756e-08  -100
13520  -8.26756e-08  -100
13525  -8.26756e-08  -100
13530  -8.26756e-08  -100
13535  -8.26756e-08  -100
13540  -8.26756e-08  -100
13545  -8.26756e-08  -100
13550  -8.26756e-08  -100
13555  -8.26756e-08  -100
13560  -8.26756e-08  -100
13565  -8.26756e-08  -100
13570  -8.26756e-08  -100
13575  -8.26756e-08  -100
13580  -8.26756e-08  -100
13585  -8.26756e-08  -100
13590  -8.26756e-08  -100
13595  -8.26756e-08  -100
13600  -8.26756e-08  -100
13605  -8.26756e-08  -100
13610  -8.26756e-08  -100
13615  -8.26756e-08  -100
13620  -8.26756e-08  -100
13625  -8.26756e-08  -100
13630  -8.26756e-08  -100
13635  -8.26756e-08  -100
13640  -8.26756e-08  -100
13645  -8.26756e-08  -100
13650  -8.26756e-08  -100
13655  -8.26756e-08  -100
13660  -8.26756e-08  -100
13665  -8.26756e-08  -100
13670  -8.26756e-08  -100
13675  -8.26756e-08  -100
13680  -8.26756e-08  -100
13685  -8.26756e-08  -100
13690  -8.26756e-08  -100
13695  -8.26756e-08  -100
13700  -8.26756e-08  -100
13705  -8.26756e-08  -100
13710  -8.26756e-08  -100
13715  -8.26756e-08  -100
13720  -8.26756e-08  -100
13725  -8.26756e-08  -100
13730  -8.26756e-08  -100
13735  -8.26756e-08  -100
13740  -8.26756e-08  -100
13745  -8.26756e-08  -100
13750  -8.26756e-08  -100
13755  -8.26756e-08  -100
13760  -8.26756e-08  -100
13765  -8.26756e-08  -100
13770  -8.26756e-08  -100
13775  -8.26756e-08  -100
13780  -8.26756e-08  -100
13785  -8.26756e-08  -100
13790  -8.26756e-08  -100
13795  -8.26756e-08  -100
13800  -8.26756e-08  -100
13805  -8.26756e-08  -100
13810  -8.26756e-08  -100
13815  -8.26756e-08  -100
13820  -8.26756e-08  -100
13825  -8.26756e-08  -100
13830  -8.26756e-08  -100
13835  -8.26756e-08  -100
13840  -8.26756e-08  -100
13845  -8.26756e-08  -100
13850  -8.26756e-08  -100
13855  -8.26756e-08  -100
13860  -8.26756e-08  -100
13865  -8.26756e-08  -100
13870  -8.26756e-08  -100
13875  -8.26756e-08  -100
13880  -8.26756e-08  -100
13885  -8.26756e-08  -100
13890  -8.26756e-08  -100
13895  -8.26756e-08  -100
13900  -8.26756e-08  -100
13905  -8.26756e-08  -100
13910  -8.26756e-08  -100
13915  -8.26756e-08  -100
13920  -8.26756e-08  -100
13925  -8.26756e-08  -100
13930  -8.26756e-08  -100
13935  -8.26756e-08  -100
13940  -8.26756e-08  -100
13945  -8.26756e-08  -100
13950  -8.26756e-08  -100
13955  -8.26756e-08  -100
13960  -8.26756e-08  -100
13965  -8.26756e-08  -100
13970  -8.26756e-08  -100
13975  -8.26756e-08  -100
13980  -8.26756e-08  -100
13985  -8.26756e-08  -100
13990  -8.26756e-08  -100
13995  -8.26756e-08  -100
14000  -8.26756e-08  -100
14005  -8.26756e-08  -100
14010  -8.26756e-08  -100
14015  -8.26756e-08  -100
14020  -8.26756e-08  -100
14025  -8.26756e-08  -100
14030  -8.26756e-08  -100
14035  -8.26756e-08  -100
14040  -8.26756e-08  -100
14045  -8.26756e-08  -100
14050  -8.26756e-08  -100
14055  -8.26756e-08  -100
14060  -8.26756e-08  -100
14065  -8.26756e-08  -100
14070  -8.26756e-08  -100
14075  -8.26756e-08  -100
14080  -8.26756e-08  -100
14085  -8.26756e-08  -100
14090  -8.26756e-08  -100
14095  -8.26756e-08  -100
14100  -8.26756e-08  -100
14105  -8.26756e-08  -100
14110  -8.26756e-08  -100
14115  -8.26756e-08  -100
14120  -8.26756e-08  -100
14125  -8.26756e-08  -100
14130  -8.26756e-08  -100
14135  -8.26756e-08  -100
14140  -8.26756e-08  -100
14145  -8.26756e-08  -100
14150  -8.26756e-08  -100
14155  -8.26756e-08  -100
14160  -8.26756e-08  -100
14165  -8.26756e-08  -100
14170  -8.26756e-08  -100
14175  -8.26756e-08  -100
14180  -8.26756e-08  -100
14185  -8.26756e-08  -100
14190  -8.26756e-08  -100
14195  -8.26756e-08  -100
14200  -8.26756e-08  -100
14205  -8.26756e-08  -100
14210  -8.26756e-08  -100
14215  -8.26756e-08  -100
14220  -8.26756e-08  -100
14225  -8.26756e-08  -100
14230  -8.26756e-08  -100
14235  -8.26756e-08  -100
14240  -8.26756e-08  -100
14245  -8.26756e-08  -100
14250  -8.26756e-08  -100
14255  -8.26756e-08  -100
14260  -8.26756e-08  -100
14265  -8.26756e-08  -100
14270  -8.26756e-08  -100
14275  -8.26756e-08  -100
14280  -8.26756e-08  -100
14285  -8.26756e-08  -100
14290  -8.26756e-08  -100
14295  -8.26756e-08  -100
14300  -8.26756e-08  -100
14305  -8.26756e-08  -100
14310  -8.26756e-08  -100
14315  -8.26756e-08  -100
14320  -8.26756e-08  -100
14325  -8.26756e-08  -100
14330  -8.26756e-08  -100
14335  -8.26756e-08  -100
14340  -8.26756e-08  -100
14345  -8.26756e-08  -100
14350  -8.26756e-08  -100
14355  -8.26756e-08  -100
14360  -8.26756e-08  -100
14365  -8.26756e-08  -100
14370  -8.26756e-08  -100
14375  -8.26756e-08  -100
14380  -8.26756e-08  -100
14385  -8.26756e-08  -100
14390  -8.26756e-08  -100
14395  -8.26756e-08  -100
14400  -8.26756e-08  -100
14405  -8.26756e-08  -100
14410  -8.26756e-08  -100
14415  -8.26756e-08  -100
14420  -8.26756e-08  -100
14425  -8.26756e-08  -100
14430  -8.26756e-08  -100
14435  -8.26756e-08  -100
14440  -8.26756e-08  -100
14445  -8.26756e-08  -100
14450  -8.26756e-08  -100
14455  -8.26756e-08  -100
14460  -8.26756e-08  -100
14465  -8.26756e-08  -100
14470  -8.26756e-08  -100
14475  -8.26756e-08  -100
14480  -8.26756e-08  -100
14485  -8.26756e-08  -100
14490  -8.26756e-08  -100
14495  -8.26756e-08  -100
14500  -8.26756e-08  -100
14505  -8.26756e-08  -100
14510  -8.26756e-08  -100
14515  -8.26756e-08  -100
14520  -8.26756e-08  -100
14525  -8.26756e-08  -100
14530  -8.26756e-08  -100
14535  -8.26756e-08  -100
14540  -8.26756e-08  -100
14545  -8.26756e-08  -100
14550  -8.26756e-08  -100
14555  -8.26756e-08  -100
14560  -8.26756e-08  -100
14565  -8.26756e-08  -100
14570  -8.26756e-08  -100
14575  -8.26756e-08  -100
14580  -8.26756e-08  -100
14585  -8.26756e-08  -100
14590  -8.26756e-08  -100
14595  -8.26756e-08  -100
14600  -8.26756e-08  -100
14605  -8.26756e-08  -100
14610  -8.26756e-08  -100
14615  -8.26756e-08  -100
14620  -8.26756e-08  -100
14625  -8.26756e-08  -100
14630  -8.26756e-08  -100
14635  -8.26756e-08  -100
14640  -8.26756e-08  -100
14645  -8.26756e-08  -100
14650  -8.26756e-08  -100
14655  -8.26756e-08  -100
14660  -8.26756e-08  -100
14665  -8.26756e-08  -100
14670  -8.26756e-08  -100
14675  -8.26756e-08  -100
14680  -8.26756e-08  -100
14685  -8.26756e-08  -100
14690  -8.26756e-08  -100
14695  -8.26756e-08  -100
14700  -8.26756e-08  -100
14705  -8.26756e-08  -100
14710  -8.26756e-08  -100
14715  -8.26756e-08  -100
14720  -8.26756e-08  -100
14725  -8.26756e-08  -100
14730  -8.26756e-08  -100
14735  -8.26756e-08  -100
14740  -8.26756e-08  -100
14745  -8.26756e-08  -100
14750  -8.26756e-08  -100
14755  -8.26756e-08  -100
14760  -8.26756e-08  -100
14765  -8.26756e-08  -100
14770  -8.26756e-08  -100
14775  -8.26756e-08  -100
14780  -8.26756e-08  -100
14785  -8.26756e-08  -100
14790  -8.26756e-08  -100
14795  -8.26756e-08  -100
14800  -8.26756e-08  -100
14805  -8.26756e-08  -100
14810  -8.26756e-08  -100
14815  -8.26756e-08  -100
14820  -8.26756e-08  -100
14825  -8.26756e-08  -100
14830  -8.26756e-08  -100
14835  -8.26756e-08  -100
14840  -8.26756e-08  -100
14845  -8.26756e-08  -100
14850  -8.26756e-08  -100
14855  -8.26756e-08  -100
14860  -8.26756e-08  -100
14865  -8.26756e-08  -100
14870  -8.26756e-08  -100
14875  -8.26756e-08  -100
14880  -8.26756e-08  -100
14885  -8.26756e-08  -100
14890  -8.26756e-08  -100
14895  -8.26756e-08  -100
14900  -8.26756e-08  -100
14905  -8.26756e-08  -100
14910  -8.26756e-08  -100
14915  -8.26756e-08  -100
14920  -8.26756e-08  -100
14925  -8.26756e-08  -100
14930  -8.26756e-08  -100
14935  -8.26756e-08  -100
14940  -8.26756e-08  -100
14945  -8.26756e-08  -100
14950  -8.26756e-08  -100
14955  -8.26756e-08  -100
14960  -8.26756e-08  -100
