0 0.005 4.18361e-17 -80
1000 5.005 1.37983e-09 -80
2000 10.005 5.24975e-09 -80
3000 15.005 1.11703e-08 -80
4000 20.005 1.87703e-08 -80
5000 25.005 2.77364e-08 -80
6000 30.005 3.78037e-08 -80
7000 35.005 4.87483e-08 -80
8000 40.005 6.03813e-08 -80
9000 45.005 7.25427e-08 -80
10000 50.005 8.50976e-08 -80
11000 55.005 9.79321e-08 -80
12000 60.005 1.10951e-07 -80
13000 65.005 1.24072e-07 -80
14000 70.005 1.37229e-07 -80
15000 75.005 1.50365e-07 -80
16000 80.005 1.63433e-07 -80
17000 85.005 1.76393e-07 -80
18000 90.005 1.89213e-07 -80
19000 95.005 2.01867e-07 -80
20000 100.005 2.14333e-07 -80
21000 105.005 2.26595e-07 -80
22000 110.005 2.38637e-07 -80
23000 115.005 2.5045e-07 -80
24000 120.005 2.62026e-07 -80
25000 125.005 2.73359e-07 -80
26000 130.005 2.84444e-07 -80
27000 135.005 2.9528e-07 -80
28000 140.005 3.05865e-07 -80
29000 145.005 3.162e-07 -80
30000 150.005 3.26286e-07 -80
31000 155.005 3.36124e-07 -80
32000 160.005 3.45717e-07 -80
33000 165.005 3.55068e-07 -80
34000 170.005 3.6418e-07 -80
35000 175.005 3.73058e-07 -80
36000 180.005 3.81704e-07 -80
37000 185.005 3.90125e-07 -80
38000 190.005 3.98323e-07 -80
39000 195.005 4.06303e-07 -80
40000 200.005 4.14071e-07 -80
41000 205.005 4.21631e-07 -80
42000 210.005 4.28988e-07 -80
43000 215.005 4.36146e-07 -80
44000 220.005 4.4311e-07 -80
45000 225.005 4.49885e-07 -80
46000 230.005 4.56476e-07 -80
47000 235.005 4.62888e-07 -80
48000 240.005 4.69124e-07 -80
49000 245.005 4.75189e-07 -80
50000 250.005 4.81088e-07 -80
51000 255.005 4.86826e-07 -80
52000 260.005 4.92405e-07 -80
53000 265.005 4.97831e-07 -80
54000 270.005 5.03108e-07 -80
55000 275.005 5.0824e-07 -80
56000 280.005 5.13229e-07 -80
57000 285.005 5.18082e-07 -80
58000 290.005 5.228e-07 -80
59000 295.005 5.27388e-07 -80
60000 300.005 5.31849e-07 -80
61000 305.005 5.36187e-07 -80
62000 310.005 5.40405e-07 -80
63000 315.005 5.44506e-07 -80
64000 320.005 5.48493e-07 -80
65000 325.005 5.52371e-07 -80
66000 330.005 5.56141e-07 -80
67000 335.005 5.59806e-07 -80
68000 340.005 5.6337e-07 -80
69000 345.005 5.66836e-07 -80
70000 350.005 5.70205e-07 -80
71000 355.005 5.73481e-07 -80
72000 360.005 5.76666e-07 -80
73000 365.005 5.79763e-07 -80
74000 370.005 5.82774e-07 -80
75000 375.005 5.85702e-07 -80
76000 380.005 5.88549e-07 -80
77000 385.005 5.91316e-07 -80
78000 390.005 5.94007e-07 -80
79000 395.005 5.96623e-07 -80
80000 400.005 5.99167e-07 -80
81000 405.005 6.0164e-07 -80
82000 410.005 6.04045e-07 -80
83000 415.005 6.06383e-07 -80
84000 420.005 6.08656e-07 -80
85000 425.005 6.10866e-07 -80
86000 430.005 6.13015e-07 -80
87000 435.005 6.15104e-07 -80
88000 440.005 6.17135e-07 -80
89000 445.005 6.1911e-07 -80
90000 450.005 6.21031e-07 -80
91000 455.005 6.22898e-07 -80
92000 460.005 6.24713e-07 -80
93000 465.005 6.26478e-07 -80
94000 470.005 6.28194e-07 -80
95000 475.005 6.29862e-07 -80
96000 480.005 6.31484e-07 -80
97000 485.005 6.33061e-07 -80
98000 490.005 6.34594e-07 -80
99000 495.005 6.36085e-07 -80
100000 500.005 6.37535e-07 -80
101000 505.005 6.38944e-07 -80
102000 510.005 6.40314e-07 -80
103000 515.005 6.41646e-07 -80
104000 520.005 6.42942e-07 -80
105000 525.005 6.44201e-07 -80
106000 530.005 6.45425e-07 -80
107000 535.005 6.46616e-07 -80
108000 540.005 6.47773e-07 -80
109000 545.005 6.48899e-07 -80
110000 550.005 6.49993e-07 -80
111000 555.005 6.51056e-07 -80
112000 560.005 6.52091e-07 -80
113000 565.005 6.53096e-07 -80
114000 570.005 6.54074e-07 -80
115000 575.005 6.55025e-07 -80
116000 580.005 6.55949e-07 -80
117000 585.005 6.56847e-07 -80
118000 590.005 6.57721e-07 -80
119000 595.005 6.58571e-07 -80
120000 600.005 6.59396e-07 -80
121000 605.005 6.60199e-07 -80
122000 610.005 6.6098e-07 -80
123000 615.005 6.61739e-07 -80
124000 620.005 6.62477e-07 -80
125000 625.005 6.63195e-07 -80
126000 630.005 6.63892e-07 -80
127000 635.005 6.64571e-07 -80
128000 640.005 6.6523e-07 -80
129000 645.005 6.65871e-07 -80
130000 650.005 6.66495e-07 -80
131000 655.005 6.67101e-07 -80
132000 660.005 6.6769e-07 -80
133000 665.005 6.68263e-07 -80
134000 670.005 6.6882e-07 -80
135000 675.005 6.69362e-07 -80
136000 680.005 6.69889e-07 -80
137000 685.005 6.70401e-07 -80
138000 690.005 6.70898e-07 -80
139000 695.005 6.71382e-07 -80
140000 700.005 6.71853e-07 -80
141000 705.005 6.7231e-07 -80
142000 710.005 6.72755e-07 -80
143000 715.005 6.73188e-07 -80
144000 720.005 6.73608e-07 -80
145000 725.005 6.74017e-07 -80
146000 730.005 6.74415e-07 -80
147000 735.005 6.74801e-07 -80
148000 740.005 6.75177e-07 -80
149000 745.005 6.75542e-07 -80
150000 750.005 6.75897e-07 -80
151000 755.005 6.76243e-07 -80
152000 760.005 6.76578e-07 -80
153000 765.005 6.76905e-07 -80
154000 770.005 6.77222e-07 -80
155000 775.005 6.77531e-07 -80
156000 780.005 6.77831e-07 -80
157000 785.005 6.78123e-07 -80
158000 790.005 6.78406e-07 -80
159000 795.005 6.78682e-07 -80
160000 800.005 6.7895e-07 -80
161000 805.005 6.79211e-07 -80
162000 810.005 6.79464e-07 -80
163000 815.005 6.79711e-07 -80
164000 820.005 6.7995e-07 -80
165000 825.005 6.80183e-07 -80
166000 830.005 6.8041e-07 -80
167000 835.005 6.8063e-07 -80
168000 840.005 6.80844e-07 -80
169000 845.005 6.81052e-07 -80
170000 850.005 6.81255e-07 -80
171000 855.005 6.81452e-07 -80
172000 860.005 6.81643e-07 -80
173000 865.005 6.81829e-07 -80
174000 870.005 6.8201e-07 -80
175000 875.005 6.82186e-07 -80
176000 880.005 6.82357e-07 -80
177000 885.005 6.82523e-07 -80
178000 890.005 6.82684e-07 -80
179000 895.005 6.82841e-07 -80
180000 900.005 6.82994e-07 -80
181000 905.005 6.83143e-07 -80
182000 910.005 6.83287e-07 -80
183000 915.005 6.83428e-07 -80
184000 920.005 6.83564e-07 -80
185000 925.005 6.83697e-07 -80
186000 930.005 6.83826e-07 -80
187000 935.005 6.83951e-07 -80
188000 940.005 6.84073e-07 -80
189000 945.005 6.84192e-07 -80
190000 950.005 6.84307e-07 -80
191000 955.005 6.84419e-07 -80
192000 960.005 6.84528e-07 -80
193000 965.005 6.84634e-07 -80
194000 970.005 6.84737e-07 -80
195000 975.005 6.84838e-07 -80
196000 980.005 6.84935e-07 -80
197000 985.005 6.8503e-07 -80
198000 990.005 6.85122e-07 -80
199000 995.005 6.85211e-07 -80
200000 1000 6.85298e-07 -80
201000 1005 6.85383e-07 -80
202000 1010 6.85465e-07 -80
203000 1015 6.85545e-07 -80
204000 1020 6.85623e-07 -80
205000 1025 6.85699e-07 -80
206000 1030 6.85772e-07 -80
207000 1035 6.85844e-07 -80
208000 1040 6.85913e-07 -80
209000 1045 6.85981e-07 -80
210000 1050 6.86047e-07 -80
211000 1055 6.8611e-07 -80
212000 1060 6.86173e-07 -80
213000 1065.01 6.86233e-07 -80
214000 1070.01 6.86292e-07 -80
215000 1075.01 6.86349e-07 -80
216000 1080.01 6.86404e-07 -80
217000 1085.01 6.86458e-07 -80
218000 1090.01 6.86511e-07 -80
219000 1095.01 6.86562e-07 -80
220000 1100.01 6.86611e-07 -80
221000 1105.01 6.8666e-07 -80
222000 1110.01 6.86706e-07 -80
223000 1115.01 6.86752e-07 -80
224000 1120.01 6.86796e-07 -80
225000 1125.01 6.86839e-07 -80
226000 1130.01 6.86881e-07 -80
227000 1135.01 6.86922e-07 -80
228000 1140.01 6.86962e-07 -80
229000 1145.01 6.87e-07 -80
230000 1150.01 6.87038e-07 -80
231000 1155.01 6.87074e-07 -80
232000 1160.01 6.87109e-07 -80
233000 1165.01 6.87144e-07 -80
234000 1170.01 6.87177e-07 -80
235000 1175.01 6.8721e-07 -80
236000 1180.01 6.87241e-07 -80
237000 1185.01 6.87272e-07 -80
238000 1190.01 6.87302e-07 -80
239000 1195.01 6.87331e-07 -80
240000 1200.01 6.87359e-07 -80
241000 1205.01 6.87387e-07 -80
242000 1210.01 6.87414e-07 -80
243000 1215.01 6.8744e-07 -80
244000 1220.01 6.87465e-07 -80
245000 1225.01 6.87489e-07 -80
246000 1230.01 6.87513e-07 -80
247000 1235.01 6.87536e-07 -80
248000 1240.01 6.87559e-07 -80
249000 1245.01 6.87581e-07 -80
250000 1250.01 6.87602e-07 -80
251000 1255.01 6.87623e-07 -80
252000 1260.01 6.87643e-07 -80
253000 1265.01 6.87663e-07 -80
254000 1270.01 6.87682e-07 -80
255000 1275.01 6.877e-07 -80
256000 1280.01 6.87718e-07 -80
257000 1285.01 6.87736e-07 -80
258000 1290.01 6.87753e-07 -80
259000 1295.01 6.87769e-07 -80
260000 1300.01 6.87786e-07 -80
261000 1305.01 6.87801e-07 -80
262000 1310.01 6.87816e-07 -80
263000 1315.01 6.87831e-07 -80
264000 1320.01 6.87846e-07 -80
265000 1325.01 6.8786e-07 -80
266000 1330.01 6.87873e-07 -80
267000 1335.01 6.87886e-07 -80
268000 1340.01 6.87899e-07 -80
269000 1345.01 6.87912e-07 -80
270000 1350.01 6.87924e-07 -80
271000 1355.01 6.87936e-07 -80
272000 1360.01 6.87947e-07 -80
273000 1365.01 6.87958e-07 -80
274000 1370.01 6.87969e-07 -80
275000 1375.01 6.8798e-07 -80
276000 1380.01 6.8799e-07 -80
277000 1385.01 6.88e-07 -80
278000 1390.01 6.8801e-07 -80
279000 1395.01 6.88019e-07 -80
280000 1400.01 6.88028e-07 -80
281000 1405.01 6.88037e-07 -80
282000 1410.01 6.88046e-07 -80
283000 1415.01 6.88054e-07 -80
284000 1420.01 6.88063e-07 -80
285000 1425.01 6.88071e-07 -80
286000 1430.01 6.88078e-07 -80
287000 1435.01 6.88086e-07 -80
288000 1440.01 6.88093e-07 -80
289000 1445.01 6.881e-07 -80
290000 1450.01 6.88107e-07 -80
291000 1455.01 6.88114e-07 -80
292000 1460.01 6.88121e-07 -80
293000 1465.01 6.88127e-07 -80
294000 1470.01 6.88133e-07 -80
295000 1475.01 6.88139e-07 -80
296000 1480.01 6.88145e-07 -80
297000 1485.01 6.88151e-07 -80
298000 1490.01 6.88156e-07 -80
299000 1495.01 6.88162e-07 -80
300000 1500.01 6.88167e-07 -80
301000 1505.01 6.88172e-07 -80
302000 1510.01 6.88177e-07 -80
303000 1515.01 6.88182e-07 -80
304000 1520.01 6.88186e-07 -80
305000 1525.01 6.88191e-07 -80
306000 1530.01 6.88195e-07 -80
307000 1535.01 6.882e-07 -80
308000 1540.01 6.88204e-07 -80
309000 1545.01 6.88208e-07 -80
310000 1550.01 6.88212e-07 -80
311000 1555.01 6.88216e-07 -80
312000 1560.01 6.88219e-07 -80
313000 1565.01 6.88223e-07 -80
314000 1570.01 6.88226e-07 -80
315000 1575.01 6.8823e-07 -80
316000 1580.01 6.88233e-07 -80
317000 1585.01 6.88236e-07 -80
318000 1590.01 6.8824e-07 -80
319000 1595.01 6.88243e-07 -80
320000 1600.01 6.88246e-07 -80
321000 1605.01 6.88249e-07 -80
322000 1610.01 6.88251e-07 -80
323000 1615.01 6.88254e-07 -80
324000 1620.01 6.88257e-07 -80
325000 1625.01 6.88259e-07 -80
326000 1630.01 6.88262e-07 -80
327000 1635.01 6.88264e-07 -80
328000 1640.01 6.88267e-07 -80
329000 1645.01 6.88269e-07 -80
330000 1650.01 6.88271e-07 -80
331000 1655.01 6.88273e-07 -80
332000 1660.01 6.88276e-07 -80
333000 1665.01 6.88278e-07 -80
334000 1670.01 6.8828e-07 -80
335000 1675.01 6.88282e-07 -80
336000 1680.01 6.88283e-07 -80
337000 1685.01 6.88285e-07 -80
338000 1690.01 6.88287e-07 -80
339000 1695.01 6.88289e-07 -80
340000 1700.01 6.88291e-07 -80
341000 1705.01 6.88292e-07 -80
342000 1710.01 6.88294e-07 -80
343000 1715.01 6.88295e-07 -80
344000 1720.01 6.88297e-07 -80
345000 1725.01 6.88298e-07 -80
346000 1730.01 6.883e-07 -80
347000 1735.01 6.88301e-07 -80
348000 1740.01 6.88303e-07 -80
349000 1745.01 6.88304e-07 -80
350000 1750.01 6.88305e-07 -80
351000 1755.01 6.88306e-07 -80
352000 1760.01 6.88308e-07 -80
353000 1765.01 6.88309e-07 -80
354000 1770.01 6.8831e-07 -80
355000 1775.01 6.88311e-07 -80
356000 1780.01 6.88312e-07 -80
357000 1785.01 6.88313e-07 -80
358000 1790.01 6.88314e-07 -80
359000 1795.01 6.88315e-07 -80
360000 1800.01 6.88316e-07 -80
361000 1805.01 6.88317e-07 -80
362000 1810.01 6.88318e-07 -80
363000 1815.01 6.88319e-07 -80
364000 1820.01 6.8832e-07 -80
365000 1825.01 6.88321e-07 -80
366000 1830.01 6.88321e-07 -80
367000 1835.01 6.88322e-07 -80
368000 1840.01 6.88323e-07 -80
369000 1845.01 6.88324e-07 -80
370000 1850.01 6.88324e-07 -80
371000 1855.01 6.88325e-07 -80
372000 1860.01 6.88326e-07 -80
373000 1865.01 6.88327e-07 -80
374000 1870.01 6.88327e-07 -80
375000 1875.01 6.88328e-07 -80
376000 1880.01 6.88328e-07 -80
377000 1885.01 6.88329e-07 -80
378000 1890.01 6.8833e-07 -80
379000 1895.01 6.8833e-07 -80
380000 1900.01 6.88331e-07 -80
381000 1905.01 6.88331e-07 -80
382000 1910.01 6.88332e-07 -80
383000 1915.01 6.88332e-07 -80
384000 1920.01 6.88333e-07 -80
385000 1925.01 6.88333e-07 -80
386000 1930.01 6.88334e-07 -80
387000 1935.01 6.88334e-07 -80
388000 1940.01 6.88335e-07 -80
389000 1945.01 6.88335e-07 -80
390000 1950.01 6.88335e-07 -80
391000 1955.01 6.88336e-07 -80
392000 1960.01 6.88336e-07 -80
393000 1965.01 6.88337e-07 -80
394000 1970.01 6.88337e-07 -80
395000 1975.01 6.88337e-07 -80
396000 1980.01 6.88338e-07 -80
397000 1985.01 6.88338e-07 -80
398000 1990.01 6.88338e-07 -80
399000 1995.01 6.88339e-07 -80
400000 2000.01 6.88339e-07 -80
401000 2005.01 6.88339e-07 -80
402000 2010.01 6.8834e-07 -80
403000 2015.01 6.8834e-07 -80
404000 2020.01 6.8834e-07 -80
405000 2025.01 6.8834e-07 -80
406000 2030.01 6.88341e-07 -80
407000 2035.01 6.88341e-07 -80
408000 2040.01 6.88341e-07 -80
409000 2045.01 6.88342e-07 -80
410000 2050.01 6.88342e-07 -80
411000 2055.01 6.88342e-07 -80
412000 2060.01 6.88342e-07 -80
413000 2065.01 6.88342e-07 -80
414000 2070.01 6.88343e-07 -80
415000 2075.01 6.88343e-07 -80
416000 2080.01 6.88343e-07 -80
417000 2085.01 6.88343e-07 -80
418000 2090.01 6.88343e-07 -80
419000 2095.01 6.88344e-07 -80
420000 2100.01 6.88344e-07 -80
421000 2105.01 6.88344e-07 -80
422000 2110.01 6.88344e-07 -80
423000 2115.01 6.88344e-07 -80
424000 2120.01 6.88344e-07 -80
425000 2125.01 6.88345e-07 -80
426000 2130.01 6.88345e-07 -80
427000 2135.01 6.88345e-07 -80
428000 2140.01 6.88345e-07 -80
429000 2145.01 6.88345e-07 -80
430000 2150.01 6.88345e-07 -80
431000 2155.01 6.88345e-07 -80
432000 2160.01 6.88346e-07 -80
433000 2165.01 6.88346e-07 -80
434000 2170.01 6.88346e-07 -80
435000 2175.01 6.88346e-07 -80
436000 2180.01 6.88346e-07 -80
437000 2185.01 6.88346e-07 -80
438000 2190.01 6.88346e-07 -80
439000 2195.01 6.88346e-07 -80
440000 2200.01 6.88346e-07 -80
441000 2205.01 6.88347e-07 -80
442000 2210.01 6.88347e-07 -80
443000 2215.01 6.88347e-07 -80
444000 2220.01 6.88347e-07 -80
445000 2225.01 6.88347e-07 -80
446000 2230.01 6.88347e-07 -80
447000 2235.01 6.88347e-07 -80
448000 2240.01 6.88347e-07 -80
449000 2245.01 6.88347e-07 -80
450000 2250.01 6.88347e-07 -80
451000 2255.01 6.88347e-07 -80
452000 2260.01 6.88348e-07 -80
453000 2265.01 6.88348e-07 -80
454000 2270.01 6.88348e-07 -80
455000 2275.01 6.88348e-07 -80
456000 2280.01 6.88348e-07 -80
457000 2285.01 6.88348e-07 -80
458000 2290.01 6.88348e-07 -80
459000 2295.01 6.88348e-07 -80
460000 2300.01 6.88348e-07 -80
461000 2305.01 6.88348e-07 -80
462000 2310.01 6.88348e-07 -80
463000 2315.01 6.88348e-07 -80
464000 2320.01 6.88348e-07 -80
465000 2325.01 6.88348e-07 -80
466000 2330.01 6.88348e-07 -80
467000 2335.01 6.88348e-07 -80
468000 2340.01 6.88348e-07 -80
469000 2345.01 6.88348e-07 -80
470000 2350.01 6.88349e-07 -80
471000 2355.01 6.88349e-07 -80
472000 2360.01 6.88349e-07 -80
473000 2365.01 6.88349e-07 -80
474000 2370.01 6.88349e-07 -80
475000 2375.01 6.88349e-07 -80
476000 2380.01 6.88349e-07 -80
477000 2385.01 6.88349e-07 -80
478000 2390.01 6.88349e-07 -80
479000 2395.01 6.88349e-07 -80
480000 2400.01 6.88349e-07 -80
481000 2405.01 6.88349e-07 -80
482000 2410.01 6.88349e-07 -80
483000 2415.01 6.88349e-07 -80
484000 2420.01 6.88349e-07 -80
485000 2425.01 6.88349e-07 -80
486000 2430.01 6.88349e-07 -80
487000 2435.01 6.88349e-07 -80
488000 2440.01 6.88349e-07 -80
489000 2445.01 6.88349e-07 -80
490000 2450.01 6.88349e-07 -80
491000 2455.01 6.88349e-07 -80
492000 2460.01 6.88349e-07 -80
493000 2465.01 6.88349e-07 -80
494000 2470.01 6.88349e-07 -80
495000 2475.01 6.88349e-07 -80
496000 2480.01 6.88349e-07 -80
497000 2485.01 6.88349e-07 -80
498000 2490.01 6.88349e-07 -80
499000 2495.01 6.88349e-07 -80
500000 2500.01 6.88349e-07 -80
501000 2505.01 6.88349e-07 -80
502000 2510.01 6.88349e-07 -80
503000 2515.01 6.88349e-07 -80
504000 2520.01 6.88349e-07 -80
505000 2525.01 6.88349e-07 -80
506000 2530.01 6.88349e-07 -80
507000 2535.01 6.8835e-07 -80
508000 2540.01 6.8835e-07 -80
509000 2545.01 6.8835e-07 -80
510000 2550.01 6.8835e-07 -80
511000 2555.01 6.8835e-07 -80
512000 2560.01 6.8835e-07 -80
513000 2565.01 6.8835e-07 -80
514000 2570.01 6.8835e-07 -80
515000 2575.01 6.8835e-07 -80
516000 2580.01 6.8835e-07 -80
517000 2585.01 6.8835e-07 -80
518000 2590.01 6.8835e-07 -80
519000 2595.01 6.8835e-07 -80
520000 2600.01 6.8835e-07 -80
521000 2605.01 6.8835e-07 -80
522000 2610.01 6.8835e-07 -80
523000 2615.01 6.8835e-07 -80
524000 2620.01 6.8835e-07 -80
525000 2625.01 6.8835e-07 -80
526000 2630.01 6.8835e-07 -80
527000 2635.01 6.8835e-07 -80
528000 2640.01 6.8835e-07 -80
529000 2645.01 6.8835e-07 -80
530000 2650.01 6.8835e-07 -80
531000 2655.01 6.8835e-07 -80
532000 2660.01 6.8835e-07 -80
533000 2665.01 6.8835e-07 -80
534000 2670.01 6.8835e-07 -80
535000 2675.01 6.8835e-07 -80
536000 2680.01 6.8835e-07 -80
537000 2685.01 6.8835e-07 -80
538000 2690.01 6.8835e-07 -80
539000 2695.01 6.8835e-07 -80
540000 2700.01 6.8835e-07 -80
541000 2705.01 6.8835e-07 -80
542000 2710.01 6.8835e-07 -80
543000 2715.01 6.8835e-07 -80
544000 2720.01 6.8835e-07 -80
545000 2725.01 6.8835e-07 -80
546000 2730.01 6.8835e-07 -80
547000 2735.01 6.8835e-07 -80
548000 2740.01 6.8835e-07 -80
549000 2745.01 6.8835e-07 -80
550000 2750.01 6.8835e-07 -80
551000 2755.01 6.8835e-07 -80
552000 2760.01 6.8835e-07 -80
553000 2765.01 6.8835e-07 -80
554000 2770.01 6.8835e-07 -80
555000 2775.01 6.8835e-07 -80
556000 2780.01 6.8835e-07 -80
557000 2785.01 6.8835e-07 -80
558000 2790.01 6.8835e-07 -80
559000 2795.01 6.8835e-07 -80
560000 2800.01 6.8835e-07 -80
561000 2805.01 6.8835e-07 -80
562000 2810.01 6.8835e-07 -80
563000 2815.01 6.8835e-07 -80
564000 2820.01 6.8835e-07 -80
565000 2825.01 6.8835e-07 -80
566000 2830.01 6.8835e-07 -80
567000 2835.01 6.8835e-07 -80
568000 2840.01 6.8835e-07 -80
569000 2845.01 6.8835e-07 -80
570000 2850.01 6.8835e-07 -80
571000 2855.01 6.8835e-07 -80
572000 2860.01 6.8835e-07 -80
573000 2865.01 6.8835e-07 -80
574000 2870.01 6.8835e-07 -80
575000 2875.01 6.8835e-07 -80
576000 2880.01 6.8835e-07 -80
577000 2885.01 6.8835e-07 -80
578000 2890.01 6.8835e-07 -80
579000 2895.01 6.8835e-07 -80
580000 2900.01 6.8835e-07 -80
581000 2905.01 6.8835e-07 -80
582000 2910.01 6.8835e-07 -80
583000 2915.01 6.8835e-07 -80
584000 2920.01 6.8835e-07 -80
585000 2925.01 6.8835e-07 -80
586000 2930.01 6.8835e-07 -80
587000 2935.01 6.8835e-07 -80
588000 2940.01 6.8835e-07 -80
589000 2945.01 6.8835e-07 -80
590000 2950.01 6.8835e-07 -80
591000 2955.01 6.8835e-07 -80
592000 2960.01 6.8835e-07 -80
593000 2965.01 6.8835e-07 -80
594000 2970.01 6.8835e-07 -80
595000 2975.01 6.8835e-07 -80
596000 2980.01 6.8835e-07 -80
597000 2985.01 6.8835e-07 -80
598000 2990.01 6.8835e-07 -80
599000 2995.01 6.8835e-07 -80
600000 3000.01 6.8835e-07 -80
601000 3005.01 6.8835e-07 -80
602000 3010.01 6.8835e-07 -80
603000 3015.01 6.8835e-07 -80
604000 3020.01 6.8835e-07 -80
605000 3025.01 6.8835e-07 -80
606000 3030.01 6.8835e-07 -80
607000 3035.01 6.8835e-07 -80
608000 3040.01 6.8835e-07 -80
609000 3045.01 6.8835e-07 -80
610000 3050.01 6.8835e-07 -80
611000 3055.01 6.8835e-07 -80
612000 3060.01 6.8835e-07 -80
613000 3065.01 6.8835e-07 -80
614000 3070.01 6.8835e-07 -80
615000 3075.01 6.8835e-07 -80
616000 3080.01 6.8835e-07 -80
617000 3085.01 6.8835e-07 -80
618000 3090.01 6.8835e-07 -80
619000 3095.01 6.8835e-07 -80
620000 3100.01 6.8835e-07 -80
621000 3105.01 6.8835e-07 -80
622000 3110.01 6.8835e-07 -80
623000 3115.01 6.8835e-07 -80
624000 3120.01 6.8835e-07 -80
625000 3125.01 6.8835e-07 -80
626000 3130.01 6.8835e-07 -80
627000 3135.01 6.8835e-07 -80
628000 3140.01 6.8835e-07 -80
629000 3145.01 6.8835e-07 -80
630000 3150.01 6.8835e-07 -80
631000 3155.01 6.8835e-07 -80
632000 3160.01 6.8835e-07 -80
633000 3165.01 6.8835e-07 -80
634000 3170.01 6.8835e-07 -80
635000 3175.01 6.8835e-07 -80
636000 3180.01 6.8835e-07 -80
637000 3185.01 6.8835e-07 -80
638000 3190.01 6.8835e-07 -80
639000 3195.01 6.8835e-07 -80
640000 3200.01 6.8835e-07 -80
641000 3205.01 6.8835e-07 -80
642000 3210.01 6.8835e-07 -80
643000 3215.01 6.8835e-07 -80
644000 3220.01 6.8835e-07 -80
645000 3225.01 6.8835e-07 -80
646000 3230.01 6.8835e-07 -80
647000 3235.01 6.8835e-07 -80
648000 3240.01 6.8835e-07 -80
649000 3245.01 6.8835e-07 -80
650000 3250.01 6.8835e-07 -80
651000 3255.01 6.8835e-07 -80
652000 3260.01 6.8835e-07 -80
653000 3265.01 6.8835e-07 -80
654000 3270.01 6.8835e-07 -80
655000 3275.01 6.8835e-07 -80
656000 3280.01 6.8835e-07 -80
657000 3285.01 6.8835e-07 -80
658000 3290.01 6.8835e-07 -80
659000 3295.01 6.8835e-07 -80
660000 3300.01 6.8835e-07 -80
661000 3305.01 6.8835e-07 -80
662000 3310.01 6.8835e-07 -80
663000 3315.01 6.8835e-07 -80
664000 3320.01 6.8835e-07 -80
665000 3325.01 6.8835e-07 -80
666000 3330.01 6.8835e-07 -80
667000 3335.01 6.8835e-07 -80
668000 3340.01 6.8835e-07 -80
669000 3345.01 6.8835e-07 -80
670000 3350.01 6.8835e-07 -80
671000 3355.01 6.8835e-07 -80
672000 3360.01 6.8835e-07 -80
673000 3365.01 6.8835e-07 -80
674000 3370.01 6.8835e-07 -80
675000 3375.01 6.8835e-07 -80
676000 3380.01 6.8835e-07 -80
677000 3385.01 6.8835e-07 -80
678000 3390.01 6.8835e-07 -80
679000 3395.01 6.8835e-07 -80
680000 3400.01 6.8835e-07 -80
681000 3405.01 6.8835e-07 -80
682000 3410.01 6.8835e-07 -80
683000 3415.01 6.8835e-07 -80
684000 3420.01 6.8835e-07 -80
685000 3425.01 6.8835e-07 -80
686000 3430.01 6.8835e-07 -80
687000 3435.01 6.8835e-07 -80
688000 3440.01 6.8835e-07 -80
689000 3445.01 6.8835e-07 -80
690000 3450.01 6.8835e-07 -80
691000 3455.01 6.8835e-07 -80
692000 3460.01 6.8835e-07 -80
693000 3465.01 6.8835e-07 -80
694000 3470.01 6.8835e-07 -80
695000 3475.01 6.8835e-07 -80
696000 3480.01 6.8835e-07 -80
697000 3485.01 6.8835e-07 -80
698000 3490.01 6.8835e-07 -80
699000 3495.01 6.8835e-07 -80
700000 3500.01 6.8835e-07 -80
701000 3505.01 6.8835e-07 -80
702000 3510.01 6.8835e-07 -80
703000 3515.01 6.8835e-07 -80
704000 3520.01 6.8835e-07 -80
705000 3525.01 6.8835e-07 -80
706000 3530.01 6.8835e-07 -80
707000 3535.01 6.8835e-07 -80
708000 3540.01 6.8835e-07 -80
709000 3545.01 6.8835e-07 -80
710000 3550.01 6.8835e-07 -80
711000 3555.01 6.8835e-07 -80
712000 3560.01 6.8835e-07 -80
713000 3565.01 6.8835e-07 -80
714000 3570.01 6.8835e-07 -80
715000 3575.01 6.8835e-07 -80
716000 3580.01 6.8835e-07 -80
717000 3585.01 6.8835e-07 -80
718000 3590.01 6.8835e-07 -80
719000 3595.01 6.8835e-07 -80
720000 3600.01 6.8835e-07 -80
721000 3605.01 6.8835e-07 -80
722000 3610.01 6.8835e-07 -80
723000 3615.01 6.8835e-07 -80
724000 3620.01 6.8835e-07 -80
725000 3625.01 6.8835e-07 -80
726000 3630.01 6.8835e-07 -80
727000 3635.01 6.8835e-07 -80
728000 3640.01 6.8835e-07 -80
729000 3645.01 6.8835e-07 -80
730000 3650.01 6.8835e-07 -80
731000 3655.01 6.8835e-07 -80
732000 3660.01 6.8835e-07 -80
733000 3665.01 6.8835e-07 -80
734000 3670.01 6.8835e-07 -80
735000 3675.01 6.8835e-07 -80
736000 3680.01 6.8835e-07 -80
737000 3685.01 6.8835e-07 -80
738000 3690.01 6.8835e-07 -80
739000 3695.01 6.8835e-07 -80
740000 3700.01 6.8835e-07 -80
741000 3705.01 6.8835e-07 -80
742000 3710.01 6.8835e-07 -80
743000 3715.01 6.8835e-07 -80
744000 3720.01 6.8835e-07 -80
745000 3725.01 6.8835e-07 -80
746000 3730.01 6.8835e-07 -80
747000 3735.01 6.8835e-07 -80
748000 3740.01 6.8835e-07 -80
749000 3745.01 6.8835e-07 -80
750000 3750.01 6.8835e-07 -80
751000 3755.01 6.8835e-07 -80
752000 3760.01 6.8835e-07 -80
753000 3765.01 6.8835e-07 -80
754000 3770.01 6.8835e-07 -80
755000 3775.01 6.8835e-07 -80
756000 3780.01 6.8835e-07 -80
757000 3785.01 6.8835e-07 -80
758000 3790.01 6.8835e-07 -80
759000 3795.01 6.8835e-07 -80
760000 3800.01 6.8835e-07 -80
761000 3805.01 6.8835e-07 -80
762000 3810.01 6.8835e-07 -80
763000 3815.01 6.8835e-07 -80
764000 3820.01 6.8835e-07 -80
765000 3825.01 6.8835e-07 -80
766000 3830.01 6.8835e-07 -80
767000 3835.01 6.8835e-07 -80
768000 3840.01 6.8835e-07 -80
769000 3845.01 6.8835e-07 -80
770000 3850.01 6.8835e-07 -80
771000 3855.01 6.8835e-07 -80
772000 3860.01 6.8835e-07 -80
773000 3865.01 6.8835e-07 -80
774000 3870.01 6.8835e-07 -80
775000 3875.01 6.8835e-07 -80
776000 3880.01 6.8835e-07 -80
777000 3885.01 6.8835e-07 -80
778000 3890.01 6.8835e-07 -80
779000 3895.01 6.8835e-07 -80
780000 3900.01 6.8835e-07 -80
781000 3905.01 6.8835e-07 -80
782000 3910.01 6.8835e-07 -80
783000 3915.01 6.8835e-07 -80
784000 3920.01 6.8835e-07 -80
785000 3925.01 6.8835e-07 -80
786000 3930.01 6.8835e-07 -80
787000 3935.01 6.8835e-07 -80
788000 3940.01 6.8835e-07 -80
789000 3945.01 6.8835e-07 -80
790000 3950.01 6.8835e-07 -80
791000 3955.01 6.8835e-07 -80
792000 3960.01 6.8835e-07 -80
793000 3965.01 6.8835e-07 -80
794000 3970.01 6.8835e-07 -80
795000 3975.01 6.8835e-07 -80
796000 3980.01 6.8835e-07 -80
797000 3985.01 6.8835e-07 -80
798000 3990.01 6.8835e-07 -80
799000 3995.01 6.8835e-07 -80
800000 4000.01 6.8835e-07 -80
801000 4005.01 6.8835e-07 -80
802000 4010.01 6.8835e-07 -80
803000 4015.01 6.8835e-07 -80
804000 4020.01 6.8835e-07 -80
805000 4025.01 6.8835e-07 -80
806000 4030.01 6.8835e-07 -80
807000 4035.01 6.8835e-07 -80
808000 4040.01 6.8835e-07 -80
809000 4045.01 6.8835e-07 -80
810000 4050.01 6.8835e-07 -80
811000 4055.01 6.8835e-07 -80
812000 4060.01 6.8835e-07 -80
813000 4065.01 6.8835e-07 -80
814000 4070.01 6.8835e-07 -80
815000 4075.01 6.8835e-07 -80
816000 4080.01 6.8835e-07 -80
817000 4085.01 6.8835e-07 -80
818000 4090.01 6.8835e-07 -80
819000 4095.01 6.8835e-07 -80
820000 4100.01 6.8835e-07 -80
821000 4105.01 6.8835e-07 -80
822000 4110.01 6.8835e-07 -80
823000 4115.01 6.8835e-07 -80
824000 4120.01 6.8835e-07 -80
825000 4125.01 6.8835e-07 -80
826000 4130.01 6.8835e-07 -80
827000 4135.01 6.8835e-07 -80
828000 4140.01 6.8835e-07 -80
829000 4145.01 6.8835e-07 -80
830000 4150.01 6.8835e-07 -80
831000 4155.01 6.8835e-07 -80
832000 4160.01 6.8835e-07 -80
833000 4165.01 6.8835e-07 -80
834000 4170.01 6.8835e-07 -80
835000 4175.01 6.8835e-07 -80
836000 4180.01 6.8835e-07 -80
837000 4185.01 6.8835e-07 -80
838000 4190.01 6.8835e-07 -80
839000 4195.01 6.8835e-07 -80
840000 4200.01 6.8835e-07 -80
841000 4205.01 6.8835e-07 -80
842000 4210.01 6.8835e-07 -80
843000 4215.01 6.8835e-07 -80
844000 4220.01 6.8835e-07 -80
845000 4225.01 6.8835e-07 -80
846000 4230.01 6.8835e-07 -80
847000 4235.01 6.8835e-07 -80
848000 4240.01 6.8835e-07 -80
849000 4245.01 6.8835e-07 -80
850000 4250.01 6.8835e-07 -80
851000 4255.01 6.8835e-07 -80
852000 4260.01 6.8835e-07 -80
853000 4265.01 6.8835e-07 -80
854000 4270.01 6.8835e-07 -80
855000 4275.01 6.8835e-07 -80
856000 4280.01 6.8835e-07 -80
857000 4285.01 6.8835e-07 -80
858000 4290.01 6.8835e-07 -80
859000 4295.01 6.8835e-07 -80
860000 4300.01 6.8835e-07 -80
861000 4305.01 6.8835e-07 -80
862000 4310.01 6.8835e-07 -80
863000 4315.01 6.8835e-07 -80
864000 4320.01 6.8835e-07 -80
865000 4325.01 6.8835e-07 -80
866000 4330.01 6.8835e-07 -80
867000 4335.01 6.8835e-07 -80
868000 4340.01 6.8835e-07 -80
869000 4345.01 6.8835e-07 -80
870000 4350.01 6.8835e-07 -80
871000 4355.01 6.8835e-07 -80
872000 4360.01 6.8835e-07 -80
873000 4365.01 6.8835e-07 -80
874000 4370.01 6.8835e-07 -80
875000 4375.01 6.8835e-07 -80
876000 4380.01 6.8835e-07 -80
877000 4385.01 6.8835e-07 -80
878000 4390.01 6.8835e-07 -80
879000 4395.01 6.8835e-07 -80
880000 4400.01 6.8835e-07 -80
881000 4405.01 6.8835e-07 -80
882000 4410.01 6.8835e-07 -80
883000 4415.01 6.8835e-07 -80
884000 4420.01 6.8835e-07 -80
885000 4425.01 6.8835e-07 -80
886000 4430.01 6.8835e-07 -80
887000 4435.01 6.8835e-07 -80
888000 4440.01 6.8835e-07 -80
889000 4445.01 6.8835e-07 -80
890000 4450.01 6.8835e-07 -80
891000 4455.01 6.8835e-07 -80
892000 4460.01 6.8835e-07 -80
893000 4465.01 6.8835e-07 -80
894000 4470.01 6.8835e-07 -80
895000 4475.01 6.8835e-07 -80
896000 4480.01 6.8835e-07 -80
897000 4485.01 6.8835e-07 -80
898000 4490.01 6.8835e-07 -80
899000 4495.01 6.8835e-07 -80
900000 4500.01 6.8835e-07 -80
901000 4505.01 6.8835e-07 -80
902000 4510.01 6.8835e-07 -80
903000 4515.01 6.8835e-07 -80
904000 4520.01 6.8835e-07 -80
905000 4525.01 6.8835e-07 -80
906000 4530.01 6.8835e-07 -80
907000 4535.01 6.8835e-07 -80
908000 4540.01 6.8835e-07 -80
909000 4545.01 6.8835e-07 -80
910000 4550.01 6.8835e-07 -80
911000 4555.01 6.8835e-07 -80
912000 4560.01 6.8835e-07 -80
913000 4565.01 6.8835e-07 -80
914000 4570.01 6.8835e-07 -80
915000 4575.01 6.8835e-07 -80
916000 4580.01 6.8835e-07 -80
917000 4585.01 6.8835e-07 -80
918000 4590.01 6.8835e-07 -80
919000 4595.01 6.8835e-07 -80
920000 4600.01 6.8835e-07 -80
921000 4605.01 6.8835e-07 -80
922000 4610.01 6.8835e-07 -80
923000 4615.01 6.8835e-07 -80
924000 4620.01 6.8835e-07 -80
925000 4625.01 6.8835e-07 -80
926000 4630.01 6.8835e-07 -80
927000 4635.01 6.8835e-07 -80
928000 4640.01 6.8835e-07 -80
929000 4645.01 6.8835e-07 -80
930000 4650.01 6.8835e-07 -80
931000 4655.01 6.8835e-07 -80
932000 4660.01 6.8835e-07 -80
933000 4665.01 6.8835e-07 -80
934000 4670.01 6.8835e-07 -80
935000 4675.01 6.8835e-07 -80
936000 4680.01 6.8835e-07 -80
937000 4685.01 6.8835e-07 -80
938000 4690.01 6.8835e-07 -80
939000 4695.01 6.8835e-07 -80
940000 4700.01 6.8835e-07 -80
941000 4705.01 6.8835e-07 -80
942000 4710.01 6.8835e-07 -80
943000 4715.01 6.8835e-07 -80
944000 4720.01 6.8835e-07 -80
945000 4725.01 6.8835e-07 -80
946000 4730.01 6.8835e-07 -80
947000 4735.01 6.8835e-07 -80
948000 4740.01 6.8835e-07 -80
949000 4745.01 6.8835e-07 -80
950000 4750.01 6.8835e-07 -80
951000 4755.01 6.8835e-07 -80
952000 4760.01 6.8835e-07 -80
953000 4765.01 6.8835e-07 -80
954000 4770.01 6.8835e-07 -80
955000 4775.01 6.8835e-07 -80
956000 4780.01 6.8835e-07 -80
957000 4785.01 6.8835e-07 -80
958000 4790.01 6.8835e-07 -80
959000 4795.01 6.8835e-07 -80
960000 4800.01 6.8835e-07 -80
961000 4805.01 6.8835e-07 -80
962000 4810.01 6.8835e-07 -80
963000 4815.01 6.8835e-07 -80
964000 4820.01 6.8835e-07 -80
965000 4825.01 6.8835e-07 -80
966000 4830.01 6.8835e-07 -80
967000 4835.01 6.8835e-07 -80
968000 4840.01 6.8835e-07 -80
969000 4845.01 6.8835e-07 -80
970000 4850.01 6.8835e-07 -80
971000 4855.01 6.8835e-07 -80
972000 4860.01 6.8835e-07 -80
973000 4865.01 6.8835e-07 -80
974000 4870.01 6.8835e-07 -80
975000 4875.01 6.8835e-07 -80
976000 4880.01 6.8835e-07 -80
977000 4885.01 6.8835e-07 -80
978000 4890.01 6.8835e-07 -80
979000 4895.01 6.8835e-07 -80
980000 4900.01 6.8835e-07 -80
981000 4905.01 6.8835e-07 -80
982000 4910.01 6.8835e-07 -80
983000 4915.01 6.8835e-07 -80
984000 4920.01 6.8835e-07 -80
985000 4925.01 6.8835e-07 -80
986000 4930.01 6.8835e-07 -80
987000 4935.01 6.8835e-07 -80
988000 4940.01 6.8835e-07 -80
989000 4945.01 6.8835e-07 -80
990000 4950.01 6.8835e-07 -80
991000 4955.01 6.8835e-07 -80
992000 4960.01 6.8835e-07 -80
993000 4965.01 6.8835e-07 -80
994000 4970.01 6.8835e-07 -80
995000 4975.01 6.8835e-07 -80
996000 4980.01 6.8835e-07 -80
997000 4985.01 6.8835e-07 -80
998000 4990.01 6.8835e-07 -80
999000 4995.01 6.8835e-07 -80
1000000 5000.01 6.8835e-07 -80
1001000 5005.01 6.8835e-07 -80
1002000 5010.01 6.8835e-07 -80
1003000 5015.01 6.8835e-07 -80
1004000 5020.01 6.8835e-07 -80
1005000 5025.01 6.8835e-07 -80
1006000 5030.01 6.8835e-07 -80
1007000 5035.01 6.8835e-07 -80
1008000 5040.01 6.8835e-07 -80
1009000 5045.01 6.8835e-07 -80
1010000 5050.01 6.8835e-07 -80
1011000 5055.01 6.8835e-07 -80
1012000 5060.01 6.8835e-07 -80
1013000 5065.01 6.8835e-07 -80
1014000 5070.01 6.8835e-07 -80
1015000 5075.01 6.8835e-07 -80
1016000 5080.01 6.8835e-07 -80
1017000 5085.01 6.8835e-07 -80
1018000 5090.01 6.8835e-07 -80
1019000 5095.01 6.8835e-07 -80
1020000 5100.01 6.8835e-07 -80
1021000 5105.01 6.8835e-07 -80
1022000 5110.01 6.8835e-07 -80
1023000 5115.01 6.8835e-07 -80
1024000 5120.01 6.8835e-07 -80
1025000 5125.01 6.8835e-07 -80
1026000 5130.01 6.8835e-07 -80
1027000 5135.01 6.8835e-07 -80
1028000 5140.01 6.8835e-07 -80
1029000 5145.01 6.8835e-07 -80
1030000 5150.01 6.8835e-07 -80
1031000 5155.01 6.8835e-07 -80
1032000 5160.01 6.8835e-07 -80
1033000 5165.01 6.8835e-07 -80
1034000 5170.01 6.8835e-07 -80
1035000 5175.01 6.8835e-07 -80
1036000 5180.01 6.8835e-07 -80
1037000 5185.01 6.8835e-07 -80
1038000 5190.01 6.8835e-07 -80
1039000 5195.01 6.8835e-07 -80
1040000 5200.01 6.8835e-07 -80
1041000 5205.01 6.8835e-07 -80
1042000 5210.01 6.8835e-07 -80
1043000 5215.01 6.8835e-07 -80
1044000 5220.01 6.8835e-07 -80
1045000 5225.01 6.8835e-07 -80
1046000 5230.01 6.8835e-07 -80
1047000 5235.01 6.8835e-07 -80
1048000 5240.01 6.8835e-07 -80
1049000 5245.01 6.8835e-07 -80
1050000 5250.01 6.8835e-07 -80
1051000 5255.01 6.8835e-07 -80
1052000 5260.01 6.8835e-07 -80
1053000 5265.01 6.8835e-07 -80
1054000 5270.01 6.8835e-07 -80
1055000 5275.01 6.8835e-07 -80
1056000 5280.01 6.8835e-07 -80
1057000 5285.01 6.8835e-07 -80
1058000 5290.01 6.8835e-07 -80
1059000 5295.01 6.8835e-07 -80
1060000 5300.01 6.8835e-07 -80
1061000 5305.01 6.8835e-07 -80
1062000 5310.01 6.8835e-07 -80
1063000 5315.01 6.8835e-07 -80
1064000 5320.01 6.8835e-07 -80
1065000 5325.01 6.8835e-07 -80
1066000 5330.01 6.8835e-07 -80
1067000 5335.01 6.8835e-07 -80
1068000 5340.01 6.8835e-07 -80
1069000 5345.01 6.8835e-07 -80
1070000 5350.01 6.8835e-07 -80
1071000 5355.01 6.8835e-07 -80
1072000 5360.01 6.8835e-07 -80
1073000 5365.01 6.8835e-07 -80
1074000 5370.01 6.8835e-07 -80
1075000 5375.01 6.8835e-07 -80
1076000 5380.01 6.8835e-07 -80
1077000 5385.01 6.8835e-07 -80
1078000 5390.01 6.8835e-07 -80
1079000 5395.01 6.8835e-07 -80
1080000 5400.01 6.8835e-07 -80
1081000 5405.01 6.8835e-07 -80
1082000 5410.01 6.8835e-07 -80
1083000 5415.01 6.8835e-07 -80
1084000 5420.01 6.8835e-07 -80
1085000 5425.01 6.8835e-07 -80
1086000 5430.01 6.8835e-07 -80
1087000 5435.01 6.8835e-07 -80
1088000 5440.01 6.8835e-07 -80
1089000 5445.01 6.8835e-07 -80
1090000 5450.01 6.8835e-07 -80
1091000 5455.01 6.8835e-07 -80
1092000 5460.01 6.8835e-07 -80
1093000 5465.01 6.8835e-07 -80
1094000 5470.01 6.8835e-07 -80
1095000 5475.01 6.8835e-07 -80
1096000 5480.01 6.8835e-07 -80
1097000 5485.01 6.8835e-07 -80
1098000 5490.01 6.8835e-07 -80
1099000 5495.01 6.8835e-07 -80
1100000 5500.01 6.8835e-07 -80
1101000 5505.01 6.8835e-07 -80
1102000 5510.01 6.8835e-07 -80
1103000 5515.01 6.8835e-07 -80
1104000 5520.01 6.8835e-07 -80
1105000 5525.01 6.8835e-07 -80
1106000 5530.01 6.8835e-07 -80
1107000 5535.01 6.8835e-07 -80
1108000 5540.01 6.8835e-07 -80
1109000 5545.01 6.8835e-07 -80
1110000 5550.01 6.8835e-07 -80
1111000 5555.01 6.8835e-07 -80
1112000 5560.01 6.8835e-07 -80
1113000 5565.01 6.8835e-07 -80
1114000 5570.01 6.8835e-07 -80
1115000 5575.01 6.8835e-07 -80
1116000 5580.01 6.8835e-07 -80
1117000 5585.01 6.8835e-07 -80
1118000 5590.01 6.8835e-07 -80
1119000 5595.01 6.8835e-07 -80
1120000 5600.01 6.8835e-07 -80
1121000 5605.01 6.8835e-07 -80
1122000 5610.01 6.8835e-07 -80
1123000 5615.01 6.8835e-07 -80
1124000 5620.01 6.8835e-07 -80
1125000 5625.01 6.8835e-07 -80
1126000 5630.01 6.8835e-07 -80
1127000 5635.01 6.8835e-07 -80
1128000 5640.01 6.8835e-07 -80
1129000 5645.01 6.8835e-07 -80
1130000 5650.01 6.8835e-07 -80
1131000 5655.01 6.8835e-07 -80
1132000 5660.01 6.8835e-07 -80
1133000 5665.01 6.8835e-07 -80
1134000 5670.01 6.8835e-07 -80
1135000 5675.01 6.8835e-07 -80
1136000 5680.01 6.8835e-07 -80
1137000 5685.01 6.8835e-07 -80
1138000 5690.01 6.8835e-07 -80
1139000 5695.01 6.8835e-07 -80
1140000 5700.01 6.8835e-07 -80
1141000 5705.01 6.8835e-07 -80
1142000 5710.01 6.8835e-07 -80
1143000 5715.01 6.8835e-07 -80
1144000 5720.01 6.8835e-07 -80
1145000 5725.01 6.8835e-07 -80
1146000 5730.01 6.8835e-07 -80
1147000 5735.01 6.8835e-07 -80
1148000 5740.01 6.8835e-07 -80
1149000 5745.01 6.8835e-07 -80
1150000 5750.01 6.8835e-07 -80
1151000 5755.01 6.8835e-07 -80
1152000 5760.01 6.8835e-07 -80
1153000 5765.01 6.8835e-07 -80
1154000 5770.01 6.8835e-07 -80
1155000 5775.01 6.8835e-07 -80
1156000 5780.01 6.8835e-07 -80
1157000 5785.01 6.8835e-07 -80
1158000 5790.01 6.8835e-07 -80
1159000 5795.01 6.8835e-07 -80
1160000 5800.01 6.8835e-07 -80
1161000 5805.01 6.8835e-07 -80
1162000 5810.01 6.8835e-07 -80
1163000 5815.01 6.8835e-07 -80
1164000 5820.01 6.8835e-07 -80
1165000 5825.01 6.8835e-07 -80
1166000 5830.01 6.8835e-07 -80
1167000 5835.01 6.8835e-07 -80
1168000 5840.01 6.8835e-07 -80
1169000 5845.01 6.8835e-07 -80
1170000 5850.01 6.8835e-07 -80
1171000 5855.01 6.8835e-07 -80
1172000 5860.01 6.8835e-07 -80
1173000 5865.01 6.8835e-07 -80
1174000 5870.01 6.8835e-07 -80
1175000 5875.01 6.8835e-07 -80
1176000 5880.01 6.8835e-07 -80
1177000 5885.01 6.8835e-07 -80
1178000 5890.01 6.8835e-07 -80
1179000 5895.01 6.8835e-07 -80
1180000 5900.01 6.8835e-07 -80
1181000 5905.01 6.8835e-07 -80
1182000 5910.01 6.8835e-07 -80
1183000 5915.01 6.8835e-07 -80
1184000 5920.01 6.8835e-07 -80
1185000 5925.01 6.8835e-07 -80
1186000 5930.01 6.8835e-07 -80
1187000 5935.01 6.8835e-07 -80
1188000 5940.01 6.8835e-07 -80
1189000 5945.01 6.8835e-07 -80
1190000 5950.01 6.8835e-07 -80
1191000 5955.01 6.8835e-07 -80
1192000 5960.01 6.8835e-07 -80
1193000 5965.01 6.8835e-07 -80
1194000 5970.01 6.8835e-07 -80
1195000 5975.01 6.8835e-07 -80
1196000 5980.01 6.8835e-07 -80
1197000 5985.01 6.8835e-07 -80
1198000 5990.01 6.8835e-07 -80
1199000 5995.01 6.8835e-07 -80
1200000 6000.01 6.8835e-07 -80
1201000 6005.01 6.8835e-07 -80
1202000 6010.01 6.8835e-07 -80
1203000 6015.01 6.8835e-07 -80
1204000 6020.01 6.8835e-07 -80
1205000 6025.01 6.8835e-07 -80
1206000 6030.01 6.8835e-07 -80
1207000 6035.01 6.8835e-07 -80
1208000 6040.01 6.8835e-07 -80
1209000 6045.01 6.8835e-07 -80
1210000 6050.01 6.8835e-07 -80
1211000 6055.01 6.8835e-07 -80
1212000 6060.01 6.8835e-07 -80
1213000 6065.01 6.8835e-07 -80
1214000 6070.01 6.8835e-07 -80
1215000 6075.01 6.8835e-07 -80
1216000 6080.01 6.8835e-07 -80
1217000 6085.01 6.8835e-07 -80
1218000 6090.01 6.8835e-07 -80
1219000 6095.01 6.8835e-07 -80
1220000 6100.01 6.8835e-07 -80
1221000 6105.01 6.8835e-07 -80
1222000 6110.01 6.8835e-07 -80
1223000 6115.01 6.8835e-07 -80
1224000 6120.01 6.8835e-07 -80
1225000 6125.01 6.8835e-07 -80
1226000 6130.01 6.8835e-07 -80
1227000 6135.01 6.8835e-07 -80
1228000 6140.01 6.8835e-07 -80
1229000 6145.01 6.8835e-07 -80
1230000 6150.01 6.8835e-07 -80
1231000 6155.01 6.8835e-07 -80
1232000 6160.01 6.8835e-07 -80
1233000 6165.01 6.8835e-07 -80
1234000 6170.01 6.8835e-07 -80
1235000 6175.01 6.8835e-07 -80
1236000 6180.01 6.8835e-07 -80
1237000 6185.01 6.8835e-07 -80
1238000 6190.01 6.8835e-07 -80
1239000 6195.01 6.8835e-07 -80
1240000 6200.01 6.8835e-07 -80
1241000 6205.01 6.8835e-07 -80
1242000 6210.01 6.8835e-07 -80
1243000 6215.01 6.8835e-07 -80
1244000 6220.01 6.8835e-07 -80
1245000 6225.01 6.8835e-07 -80
1246000 6230.01 6.8835e-07 -80
1247000 6235.01 6.8835e-07 -80
1248000 6240.01 6.8835e-07 -80
1249000 6245.01 6.8835e-07 -80
1250000 6250.01 6.8835e-07 -80
1251000 6255.01 6.8835e-07 -80
1252000 6260.01 6.8835e-07 -80
1253000 6265.01 6.8835e-07 -80
1254000 6270.01 6.8835e-07 -80
1255000 6275.01 6.8835e-07 -80
1256000 6280.01 6.8835e-07 -80
1257000 6285.01 6.8835e-07 -80
1258000 6290.01 6.8835e-07 -80
1259000 6295.01 6.8835e-07 -80
1260000 6300.01 6.8835e-07 -80
1261000 6305.01 6.8835e-07 -80
1262000 6310.01 6.8835e-07 -80
1263000 6315.01 6.8835e-07 -80
1264000 6320.01 6.8835e-07 -80
1265000 6325.01 6.8835e-07 -80
1266000 6330.01 6.8835e-07 -80
1267000 6335.01 6.8835e-07 -80
1268000 6340.01 6.8835e-07 -80
1269000 6345.01 6.8835e-07 -80
1270000 6350.01 6.8835e-07 -80
1271000 6355.01 6.8835e-07 -80
1272000 6360.01 6.8835e-07 -80
1273000 6365.01 6.8835e-07 -80
1274000 6370.01 6.8835e-07 -80
1275000 6375.01 6.8835e-07 -80
1276000 6380.01 6.8835e-07 -80
1277000 6385.01 6.8835e-07 -80
1278000 6390.01 6.8835e-07 -80
1279000 6395.01 6.8835e-07 -80
1280000 6400.01 6.8835e-07 -80
1281000 6405.01 6.8835e-07 -80
1282000 6410.01 6.8835e-07 -80
1283000 6415.01 6.8835e-07 -80
1284000 6420.01 6.8835e-07 -80
1285000 6425.01 6.8835e-07 -80
1286000 6430.01 6.8835e-07 -80
1287000 6435.01 6.8835e-07 -80
1288000 6440.01 6.8835e-07 -80
1289000 6445.01 6.8835e-07 -80
1290000 6450.01 6.8835e-07 -80
1291000 6455.01 6.8835e-07 -80
1292000 6460.01 6.8835e-07 -80
1293000 6465.01 6.8835e-07 -80
1294000 6470.01 6.8835e-07 -80
1295000 6475.01 6.8835e-07 -80
1296000 6480.01 6.8835e-07 -80
1297000 6485.01 6.8835e-07 -80
1298000 6490.01 6.8835e-07 -80
1299000 6495.01 6.8835e-07 -80
1300000 6500.01 6.8835e-07 -80
1301000 6505.01 6.8835e-07 -80
1302000 6510.01 6.8835e-07 -80
1303000 6515.01 6.8835e-07 -80
1304000 6520.01 6.8835e-07 -80
1305000 6525.01 6.8835e-07 -80
1306000 6530.01 6.8835e-07 -80
1307000 6535.01 6.8835e-07 -80
1308000 6540.01 6.8835e-07 -80
1309000 6545.01 6.8835e-07 -80
1310000 6550.01 6.8835e-07 -80
1311000 6555.01 6.8835e-07 -80
1312000 6560.01 6.8835e-07 -80
1313000 6565.01 6.8835e-07 -80
1314000 6570.01 6.8835e-07 -80
1315000 6575.01 6.8835e-07 -80
1316000 6580.01 6.8835e-07 -80
1317000 6585.01 6.8835e-07 -80
1318000 6590.01 6.8835e-07 -80
1319000 6595.01 6.8835e-07 -80
1320000 6600.01 6.8835e-07 -80
1321000 6605.01 6.8835e-07 -80
1322000 6610.01 6.8835e-07 -80
1323000 6615.01 6.8835e-07 -80
1324000 6620.01 6.8835e-07 -80
1325000 6625.01 6.8835e-07 -80
1326000 6630.01 6.8835e-07 -80
1327000 6635.01 6.8835e-07 -80
1328000 6640.01 6.8835e-07 -80
1329000 6645.01 6.8835e-07 -80
1330000 6650.01 6.8835e-07 -80
1331000 6655.01 6.8835e-07 -80
1332000 6660.01 6.8835e-07 -80
1333000 6665.01 6.8835e-07 -80
1334000 6670.01 6.8835e-07 -80
1335000 6675.01 6.8835e-07 -80
1336000 6680.01 6.8835e-07 -80
1337000 6685.01 6.8835e-07 -80
1338000 6690.01 6.8835e-07 -80
1339000 6695.01 6.8835e-07 -80
1340000 6700.01 6.8835e-07 -80
1341000 6705.01 6.8835e-07 -80
1342000 6710.01 6.8835e-07 -80
1343000 6715.01 6.8835e-07 -80
1344000 6720.01 6.8835e-07 -80
1345000 6725.01 6.8835e-07 -80
1346000 6730.01 6.8835e-07 -80
1347000 6735.01 6.8835e-07 -80
1348000 6740.01 6.8835e-07 -80
1349000 6745.01 6.8835e-07 -80
1350000 6750.01 6.8835e-07 -80
1351000 6755.01 6.8835e-07 -80
1352000 6760.01 6.8835e-07 -80
1353000 6765.01 6.8835e-07 -80
1354000 6770.01 6.8835e-07 -80
1355000 6775.01 6.8835e-07 -80
1356000 6780.01 6.8835e-07 -80
1357000 6785.01 6.8835e-07 -80
1358000 6790.01 6.8835e-07 -80
1359000 6795.01 6.8835e-07 -80
1360000 6800.01 6.8835e-07 -80
1361000 6805.01 6.8835e-07 -80
1362000 6810.01 6.8835e-07 -80
1363000 6815.01 6.8835e-07 -80
1364000 6820.01 6.8835e-07 -80
1365000 6825.01 6.8835e-07 -80
1366000 6830.01 6.8835e-07 -80
1367000 6835.01 6.8835e-07 -80
1368000 6840.01 6.8835e-07 -80
1369000 6845.01 6.8835e-07 -80
1370000 6850.01 6.8835e-07 -80
1371000 6855.01 6.8835e-07 -80
1372000 6860.01 6.8835e-07 -80
1373000 6865.01 6.8835e-07 -80
1374000 6870.01 6.8835e-07 -80
1375000 6875.01 6.8835e-07 -80
1376000 6880.01 6.8835e-07 -80
1377000 6885.01 6.8835e-07 -80
1378000 6890.01 6.8835e-07 -80
1379000 6895.01 6.8835e-07 -80
1380000 6900.01 6.8835e-07 -80
1381000 6905.01 6.8835e-07 -80
1382000 6910.01 6.8835e-07 -80
1383000 6915.01 6.8835e-07 -80
1384000 6920.01 6.8835e-07 -80
1385000 6925.01 6.8835e-07 -80
1386000 6930.01 6.8835e-07 -80
1387000 6935.01 6.8835e-07 -80
1388000 6940.01 6.8835e-07 -80
1389000 6945.01 6.8835e-07 -80
1390000 6950.01 6.8835e-07 -80
1391000 6955.01 6.8835e-07 -80
1392000 6960.01 6.8835e-07 -80
1393000 6965.01 6.8835e-07 -80
1394000 6970.01 6.8835e-07 -80
1395000 6975.01 6.8835e-07 -80
1396000 6980.01 6.8835e-07 -80
1397000 6985.01 6.8835e-07 -80
1398000 6990.01 6.8835e-07 -80
1399000 6995.01 6.8835e-07 -80
1400000 7000.01 6.8835e-07 -80
1401000 7005.01 6.8835e-07 -80
1402000 7010.01 6.8835e-07 -80
1403000 7015.01 6.8835e-07 -80
1404000 7020.01 6.8835e-07 -80
1405000 7025.01 6.8835e-07 -80
1406000 7030.01 6.8835e-07 -80
1407000 7035.01 6.8835e-07 -80
1408000 7040.01 6.8835e-07 -80
1409000 7045.01 6.8835e-07 -80
1410000 7050.01 6.8835e-07 -80
1411000 7055.01 6.8835e-07 -80
1412000 7060.01 6.8835e-07 -80
1413000 7065.01 6.8835e-07 -80
1414000 7070.01 6.8835e-07 -80
1415000 7075.01 6.8835e-07 -80
1416000 7080.01 6.8835e-07 -80
1417000 7085.01 6.8835e-07 -80
1418000 7090.01 6.8835e-07 -80
1419000 7095.01 6.8835e-07 -80
1420000 7100.01 6.8835e-07 -80
1421000 7105.01 6.8835e-07 -80
1422000 7110.01 6.8835e-07 -80
1423000 7115.01 6.8835e-07 -80
1424000 7120.01 6.8835e-07 -80
1425000 7125.01 6.8835e-07 -80
1426000 7130.01 6.8835e-07 -80
1427000 7135.01 6.8835e-07 -80
1428000 7140.01 6.8835e-07 -80
1429000 7145.01 6.8835e-07 -80
1430000 7150.01 6.8835e-07 -80
1431000 7155.01 6.8835e-07 -80
1432000 7160.01 6.8835e-07 -80
1433000 7165.01 6.8835e-07 -80
1434000 7170.01 6.8835e-07 -80
1435000 7175.01 6.8835e-07 -80
1436000 7180.01 6.8835e-07 -80
1437000 7185.01 6.8835e-07 -80
1438000 7190.01 6.8835e-07 -80
1439000 7195.01 6.8835e-07 -80
1440000 7200.01 6.8835e-07 -80
1441000 7205.01 6.8835e-07 -80
1442000 7210.01 6.8835e-07 -80
1443000 7215.01 6.8835e-07 -80
1444000 7220.01 6.8835e-07 -80
1445000 7225.01 6.8835e-07 -80
1446000 7230.01 6.8835e-07 -80
1447000 7235.01 6.8835e-07 -80
1448000 7240.01 6.8835e-07 -80
1449000 7245.01 6.8835e-07 -80
1450000 7250.01 6.8835e-07 -80
1451000 7255.01 6.8835e-07 -80
1452000 7260.01 6.8835e-07 -80
1453000 7265.01 6.8835e-07 -80
1454000 7270.01 6.8835e-07 -80
1455000 7275.01 6.8835e-07 -80
1456000 7280.01 6.8835e-07 -80
1457000 7285.01 6.8835e-07 -80
1458000 7290.01 6.8835e-07 -80
1459000 7295.01 6.8835e-07 -80
1460000 7300.01 6.8835e-07 -80
1461000 7305.01 6.8835e-07 -80
1462000 7310.01 6.8835e-07 -80
1463000 7315.01 6.8835e-07 -80
1464000 7320.01 6.8835e-07 -80
1465000 7325.01 6.8835e-07 -80
1466000 7330.01 6.8835e-07 -80
1467000 7335.01 6.8835e-07 -80
1468000 7340.01 6.8835e-07 -80
1469000 7345.01 6.8835e-07 -80
1470000 7350.01 6.8835e-07 -80
1471000 7355.01 6.8835e-07 -80
1472000 7360.01 6.8835e-07 -80
1473000 7365.01 6.8835e-07 -80
1474000 7370.01 6.8835e-07 -80
1475000 7375.01 6.8835e-07 -80
1476000 7380.01 6.8835e-07 -80
1477000 7385.01 6.8835e-07 -80
1478000 7390.01 6.8835e-07 -80
1479000 7395.01 6.8835e-07 -80
1480000 7400.01 6.8835e-07 -80
1481000 7405.01 6.8835e-07 -80
1482000 7410.01 6.8835e-07 -80
1483000 7415.01 6.8835e-07 -80
1484000 7420.01 6.8835e-07 -80
1485000 7425.01 6.8835e-07 -80
1486000 7430.01 6.8835e-07 -80
1487000 7435.01 6.8835e-07 -80
1488000 7440.01 6.8835e-07 -80
1489000 7445.01 6.8835e-07 -80
1490000 7450.01 6.8835e-07 -80
1491000 7455.01 6.8835e-07 -80
1492000 7460.01 6.8835e-07 -80
1493000 7465.01 6.8835e-07 -80
1494000 7470.01 6.8835e-07 -80
1495000 7475.01 6.8835e-07 -80
1496000 7480.01 6.8835e-07 -80
1497000 7485.01 6.8835e-07 -80
1498000 7490.01 6.8835e-07 -80
1499000 7495.01 6.8835e-07 -80
1500000 7500.01 6.8835e-07 -80
1501000 7505.01 6.8835e-07 -80
1502000 7510.01 6.8835e-07 -80
1503000 7515.01 6.8835e-07 -80
1504000 7520.01 6.8835e-07 -80
1505000 7525.01 6.8835e-07 -80
1506000 7530.01 6.8835e-07 -80
1507000 7535.01 6.8835e-07 -80
1508000 7540.01 6.8835e-07 -80
1509000 7545.01 6.8835e-07 -80
1510000 7550.01 6.8835e-07 -80
1511000 7555.01 6.8835e-07 -80
1512000 7560.01 6.8835e-07 -80
1513000 7565.01 6.8835e-07 -80
1514000 7570.01 6.8835e-07 -80
1515000 7575.01 6.8835e-07 -80
1516000 7580.01 6.8835e-07 -80
1517000 7585.01 6.8835e-07 -80
1518000 7590.01 6.8835e-07 -80
1519000 7595.01 6.8835e-07 -80
1520000 7600.01 6.8835e-07 -80
1521000 7605.01 6.8835e-07 -80
1522000 7610.01 6.8835e-07 -80
1523000 7615.01 6.8835e-07 -80
1524000 7620.01 6.8835e-07 -80
1525000 7625.01 6.8835e-07 -80
1526000 7630.01 6.8835e-07 -80
1527000 7635.01 6.8835e-07 -80
1528000 7640.01 6.8835e-07 -80
1529000 7645.01 6.8835e-07 -80
1530000 7650.01 6.8835e-07 -80
1531000 7655.01 6.8835e-07 -80
1532000 7660.01 6.8835e-07 -80
1533000 7665.01 6.8835e-07 -80
1534000 7670.01 6.8835e-07 -80
1535000 7675.01 6.8835e-07 -80
1536000 7680.01 6.8835e-07 -80
1537000 7685.01 6.8835e-07 -80
1538000 7690.01 6.8835e-07 -80
1539000 7695.01 6.8835e-07 -80
1540000 7700.01 6.8835e-07 -80
1541000 7705.01 6.8835e-07 -80
1542000 7710.01 6.8835e-07 -80
1543000 7715.01 6.8835e-07 -80
1544000 7720.01 6.8835e-07 -80
1545000 7725.01 6.8835e-07 -80
1546000 7730.01 6.8835e-07 -80
1547000 7735.01 6.8835e-07 -80
1548000 7740.01 6.8835e-07 -80
1549000 7745.01 6.8835e-07 -80
1550000 7750.01 6.8835e-07 -80
1551000 7755.01 6.8835e-07 -80
1552000 7760.01 6.8835e-07 -80
1553000 7765.01 6.8835e-07 -80
1554000 7770.01 6.8835e-07 -80
1555000 7775.01 6.8835e-07 -80
1556000 7780.01 6.8835e-07 -80
1557000 7785.01 6.8835e-07 -80
1558000 7790.01 6.8835e-07 -80
1559000 7795.01 6.8835e-07 -80
1560000 7800.01 6.8835e-07 -80
1561000 7805.01 6.8835e-07 -80
1562000 7810.01 6.8835e-07 -80
1563000 7815.01 6.8835e-07 -80
1564000 7820.01 6.8835e-07 -80
1565000 7825.01 6.8835e-07 -80
1566000 7830.01 6.8835e-07 -80
1567000 7835.01 6.8835e-07 -80
1568000 7840.01 6.8835e-07 -80
1569000 7845.01 6.8835e-07 -80
1570000 7850.01 6.8835e-07 -80
1571000 7855.01 6.8835e-07 -80
1572000 7860.01 6.8835e-07 -80
1573000 7865.01 6.8835e-07 -80
1574000 7870.01 6.8835e-07 -80
1575000 7875.01 6.8835e-07 -80
1576000 7880.01 6.8835e-07 -80
1577000 7885.01 6.8835e-07 -80
1578000 7890.01 6.8835e-07 -80
1579000 7895.01 6.8835e-07 -80
1580000 7900.01 6.8835e-07 -80
1581000 7905.01 6.8835e-07 -80
1582000 7910.01 6.8835e-07 -80
1583000 7915.01 6.8835e-07 -80
1584000 7920.01 6.8835e-07 -80
1585000 7925.01 6.8835e-07 -80
1586000 7930.01 6.8835e-07 -80
1587000 7935.01 6.8835e-07 -80
1588000 7940.01 6.8835e-07 -80
1589000 7945.01 6.8835e-07 -80
1590000 7950.01 6.8835e-07 -80
1591000 7955.01 6.8835e-07 -80
1592000 7960.01 6.8835e-07 -80
1593000 7965.01 6.8835e-07 -80
1594000 7970.01 6.8835e-07 -80
1595000 7975.01 6.8835e-07 -80
1596000 7980.01 6.8835e-07 -80
1597000 7985.01 6.8835e-07 -80
1598000 7990.01 6.8835e-07 -80
1599000 7995.01 6.8835e-07 -80
1600000 8000.01 6.8835e-07 -80
1601000 8005.01 6.8835e-07 -80
1602000 8010.01 6.8835e-07 -80
1603000 8015.01 6.8835e-07 -80
1604000 8020.01 6.8835e-07 -80
1605000 8025.01 6.8835e-07 -80
1606000 8030.01 6.8835e-07 -80
1607000 8035.01 6.8835e-07 -80
1608000 8040.01 6.8835e-07 -80
1609000 8045.01 6.8835e-07 -80
1610000 8050.01 6.8835e-07 -80
1611000 8055.01 6.8835e-07 -80
1612000 8060.01 6.8835e-07 -80
1613000 8065.01 6.8835e-07 -80
1614000 8070.01 6.8835e-07 -80
1615000 8075.01 6.8835e-07 -80
1616000 8080.01 6.8835e-07 -80
1617000 8085.01 6.8835e-07 -80
1618000 8090.01 6.8835e-07 -80
1619000 8095.01 6.8835e-07 -80
1620000 8100.01 6.8835e-07 -80
1621000 8105.01 6.8835e-07 -80
1622000 8110.01 6.8835e-07 -80
1623000 8115.01 6.8835e-07 -80
1624000 8120.01 6.8835e-07 -80
1625000 8125.01 6.8835e-07 -80
1626000 8130.01 6.8835e-07 -80
1627000 8135.01 6.8835e-07 -80
1628000 8140.01 6.8835e-07 -80
1629000 8145.01 6.8835e-07 -80
1630000 8150.01 6.8835e-07 -80
1631000 8155.01 6.8835e-07 -80
1632000 8160.01 6.8835e-07 -80
1633000 8165.01 6.8835e-07 -80
1634000 8170.01 6.8835e-07 -80
1635000 8175.01 6.8835e-07 -80
1636000 8180.01 6.8835e-07 -80
1637000 8185.01 6.8835e-07 -80
1638000 8190.01 6.8835e-07 -80
1639000 8195.01 6.8835e-07 -80
1640000 8200.01 6.8835e-07 -80
1641000 8205.01 6.8835e-07 -80
1642000 8210.01 6.8835e-07 -80
1643000 8215.01 6.8835e-07 -80
1644000 8220.01 6.8835e-07 -80
1645000 8225.01 6.8835e-07 -80
1646000 8230.01 6.8835e-07 -80
1647000 8235.01 6.8835e-07 -80
1648000 8240.01 6.8835e-07 -80
1649000 8245.01 6.8835e-07 -80
1650000 8250.01 6.8835e-07 -80
1651000 8255.01 6.8835e-07 -80
1652000 8260.01 6.8835e-07 -80
1653000 8265.01 6.8835e-07 -80
1654000 8270.01 6.8835e-07 -80
1655000 8275.01 6.8835e-07 -80
1656000 8280.01 6.8835e-07 -80
1657000 8285.01 6.8835e-07 -80
1658000 8290.01 6.8835e-07 -80
1659000 8295.01 6.8835e-07 -80
1660000 8300.01 6.8835e-07 -80
1661000 8305.01 6.8835e-07 -80
1662000 8310.01 6.8835e-07 -80
1663000 8315.01 6.8835e-07 -80
1664000 8320.01 6.8835e-07 -80
1665000 8325.01 6.8835e-07 -80
1666000 8330.01 6.8835e-07 -80
1667000 8335.01 6.8835e-07 -80
1668000 8340.01 6.8835e-07 -80
1669000 8345.01 6.8835e-07 -80
1670000 8350.01 6.8835e-07 -80
1671000 8355.01 6.8835e-07 -80
1672000 8360.01 6.8835e-07 -80
1673000 8365.01 6.8835e-07 -80
1674000 8370.01 6.8835e-07 -80
1675000 8375.01 6.8835e-07 -80
1676000 8380.01 6.8835e-07 -80
1677000 8385.01 6.8835e-07 -80
1678000 8390.01 6.8835e-07 -80
1679000 8395.01 6.8835e-07 -80
1680000 8400.01 6.8835e-07 -80
1681000 8405.01 6.8835e-07 -80
1682000 8410.01 6.8835e-07 -80
1683000 8415.01 6.8835e-07 -80
1684000 8420.01 6.8835e-07 -80
1685000 8425.01 6.8835e-07 -80
1686000 8430.01 6.8835e-07 -80
1687000 8435.01 6.8835e-07 -80
1688000 8440.01 6.8835e-07 -80
1689000 8445.01 6.8835e-07 -80
1690000 8450.01 6.8835e-07 -80
1691000 8455.01 6.8835e-07 -80
1692000 8460.01 6.8835e-07 -80
1693000 8465.01 6.8835e-07 -80
1694000 8470.01 6.8835e-07 -80
1695000 8475.01 6.8835e-07 -80
1696000 8480.01 6.8835e-07 -80
1697000 8485.01 6.8835e-07 -80
1698000 8490.01 6.8835e-07 -80
1699000 8495.01 6.8835e-07 -80
1700000 8500.01 6.8835e-07 -80
1701000 8505.01 6.8835e-07 -80
1702000 8510.01 6.8835e-07 -80
1703000 8515.01 6.8835e-07 -80
1704000 8520.01 6.8835e-07 -80
1705000 8525.01 6.8835e-07 -80
1706000 8530.01 6.8835e-07 -80
1707000 8535.01 6.8835e-07 -80
1708000 8540.01 6.8835e-07 -80
1709000 8545.01 6.8835e-07 -80
1710000 8550.01 6.8835e-07 -80
1711000 8555.01 6.8835e-07 -80
1712000 8560.01 6.8835e-07 -80
1713000 8565.01 6.8835e-07 -80
1714000 8570.01 6.8835e-07 -80
1715000 8575.01 6.8835e-07 -80
1716000 8580.01 6.8835e-07 -80
1717000 8585.01 6.8835e-07 -80
1718000 8590.01 6.8835e-07 -80
1719000 8595.01 6.8835e-07 -80
1720000 8600.01 6.8835e-07 -80
1721000 8605.01 6.8835e-07 -80
1722000 8610.01 6.8835e-07 -80
1723000 8615.01 6.8835e-07 -80
1724000 8620.01 6.8835e-07 -80
1725000 8625.01 6.8835e-07 -80
1726000 8630.01 6.8835e-07 -80
1727000 8635.01 6.8835e-07 -80
1728000 8640.01 6.8835e-07 -80
1729000 8645.01 6.8835e-07 -80
1730000 8650.01 6.8835e-07 -80
1731000 8655.01 6.8835e-07 -80
1732000 8660.01 6.8835e-07 -80
1733000 8665.01 6.8835e-07 -80
1734000 8670.01 6.8835e-07 -80
1735000 8675.01 6.8835e-07 -80
1736000 8680.01 6.8835e-07 -80
1737000 8685.01 6.8835e-07 -80
1738000 8690.01 6.8835e-07 -80
1739000 8695.01 6.8835e-07 -80
1740000 8700.01 6.8835e-07 -80
1741000 8705.01 6.8835e-07 -80
1742000 8710.01 6.8835e-07 -80
1743000 8715.01 6.8835e-07 -80
1744000 8720.01 6.8835e-07 -80
1745000 8725.01 6.8835e-07 -80
1746000 8730.01 6.8835e-07 -80
1747000 8735.01 6.8835e-07 -80
1748000 8740.01 6.8835e-07 -80
1749000 8745.01 6.8835e-07 -80
1750000 8750.01 6.8835e-07 -80
1751000 8755.01 6.8835e-07 -80
1752000 8760.01 6.8835e-07 -80
1753000 8765.01 6.8835e-07 -80
1754000 8770.01 6.8835e-07 -80
1755000 8775.01 6.8835e-07 -80
1756000 8780.01 6.8835e-07 -80
1757000 8785.01 6.8835e-07 -80
1758000 8790.01 6.8835e-07 -80
1759000 8795.01 6.8835e-07 -80
1760000 8800.01 6.8835e-07 -80
1761000 8805.01 6.8835e-07 -80
1762000 8810.01 6.8835e-07 -80
1763000 8815.01 6.8835e-07 -80
1764000 8820.01 6.8835e-07 -80
1765000 8825.01 6.8835e-07 -80
1766000 8830.01 6.8835e-07 -80
1767000 8835.01 6.8835e-07 -80
1768000 8840.01 6.8835e-07 -80
1769000 8845.01 6.8835e-07 -80
1770000 8850.01 6.8835e-07 -80
1771000 8855.01 6.8835e-07 -80
1772000 8860.01 6.8835e-07 -80
1773000 8865.01 6.8835e-07 -80
1774000 8870.01 6.8835e-07 -80
1775000 8875.01 6.8835e-07 -80
1776000 8880.01 6.8835e-07 -80
1777000 8885.01 6.8835e-07 -80
1778000 8890.01 6.8835e-07 -80
1779000 8895.01 6.8835e-07 -80
1780000 8900.01 6.8835e-07 -80
1781000 8905.01 6.8835e-07 -80
1782000 8910.01 6.8835e-07 -80
1783000 8915.01 6.8835e-07 -80
1784000 8920.01 6.8835e-07 -80
1785000 8925.01 6.8835e-07 -80
1786000 8930.01 6.8835e-07 -80
1787000 8935.01 6.8835e-07 -80
1788000 8940.01 6.8835e-07 -80
1789000 8945.01 6.8835e-07 -80
1790000 8950.01 6.8835e-07 -80
1791000 8955.01 6.8835e-07 -80
1792000 8960.01 6.8835e-07 -80
1793000 8965.01 6.8835e-07 -80
1794000 8970.01 6.8835e-07 -80
1795000 8975.01 6.8835e-07 -80
1796000 8980.01 6.8835e-07 -80
1797000 8985.01 6.8835e-07 -80
1798000 8990.01 6.8835e-07 -80
1799000 8995.01 6.8835e-07 -80
1800000 9000.01 6.8835e-07 -80
1801000 9005.01 6.8835e-07 -80
1802000 9010.01 6.8835e-07 -80
1803000 9015.01 6.8835e-07 -80
1804000 9020.01 6.8835e-07 -80
1805000 9025.01 6.8835e-07 -80
1806000 9030.01 6.8835e-07 -80
1807000 9035.01 6.8835e-07 -80
1808000 9040.01 6.8835e-07 -80
1809000 9045.01 6.8835e-07 -80
1810000 9050.01 6.8835e-07 -80
1811000 9055.01 6.8835e-07 -80
1812000 9060.01 6.8835e-07 -80
1813000 9065.01 6.8835e-07 -80
1814000 9070.01 6.8835e-07 -80
1815000 9075.01 6.8835e-07 -80
1816000 9080.01 6.8835e-07 -80
1817000 9085.01 6.8835e-07 -80
1818000 9090.01 6.8835e-07 -80
1819000 9095.01 6.8835e-07 -80
1820000 9100.01 6.8835e-07 -80
1821000 9105.01 6.8835e-07 -80
1822000 9110.01 6.8835e-07 -80
1823000 9115.01 6.8835e-07 -80
1824000 9120.01 6.8835e-07 -80
1825000 9125.01 6.8835e-07 -80
1826000 9130.01 6.8835e-07 -80
1827000 9135.01 6.8835e-07 -80
1828000 9140.01 6.8835e-07 -80
1829000 9145.01 6.8835e-07 -80
1830000 9150.01 6.8835e-07 -80
1831000 9155.01 6.8835e-07 -80
1832000 9160.01 6.8835e-07 -80
1833000 9165 6.8835e-07 -80
1834000 9170 6.8835e-07 -80
1835000 9175 6.8835e-07 -80
1836000 9180 6.8835e-07 -80
1837000 9185 6.8835e-07 -80
1838000 9190 6.8835e-07 -80
1839000 9195 6.8835e-07 -80
1840000 9200 6.8835e-07 -80
1841000 9205 6.8835e-07 -80
1842000 9210 6.8835e-07 -80
1843000 9215 6.8835e-07 -80
1844000 9220 6.8835e-07 -80
1845000 9225 6.8835e-07 -80
1846000 9230 6.8835e-07 -80
1847000 9235 6.8835e-07 -80
1848000 9240 6.8835e-07 -80
1849000 9245 6.8835e-07 -80
1850000 9250 6.8835e-07 -80
1851000 9255 6.8835e-07 -80
1852000 9260 6.8835e-07 -80
1853000 9265 6.8835e-07 -80
1854000 9270 6.8835e-07 -80
1855000 9275 6.8835e-07 -80
1856000 9280 6.8835e-07 -80
1857000 9285 6.8835e-07 -80
1858000 9290 6.8835e-07 -80
1859000 9295 6.8835e-07 -80
1860000 9300 6.8835e-07 -80
1861000 9305 6.8835e-07 -80
1862000 9310 6.8835e-07 -80
1863000 9315 6.8835e-07 -80
1864000 9320 6.8835e-07 -80
1865000 9325 6.8835e-07 -80
1866000 9330 6.8835e-07 -80
1867000 9335 6.8835e-07 -80
1868000 9340 6.8835e-07 -80
1869000 9345 6.8835e-07 -80
1870000 9350 6.8835e-07 -80
1871000 9355 6.8835e-07 -80
1872000 9360 6.8835e-07 -80
1873000 9365 6.8835e-07 -80
1874000 9370 6.8835e-07 -80
1875000 9375 6.8835e-07 -80
1876000 9380 6.8835e-07 -80
1877000 9385 6.8835e-07 -80
1878000 9390 6.8835e-07 -80
1879000 9395 6.8835e-07 -80
1880000 9400 6.8835e-07 -80
1881000 9405 6.8835e-07 -80
1882000 9410 6.8835e-07 -80
1883000 9415 6.8835e-07 -80
1884000 9420 6.8835e-07 -80
1885000 9425 6.8835e-07 -80
1886000 9430 6.8835e-07 -80
1887000 9435 6.8835e-07 -80
1888000 9440 6.8835e-07 -80
1889000 9445 6.8835e-07 -80
1890000 9450 6.8835e-07 -80
1891000 9455 6.8835e-07 -80
1892000 9460 6.8835e-07 -80
1893000 9465 6.8835e-07 -80
1894000 9470 6.8835e-07 -80
1895000 9475 6.8835e-07 -80
1896000 9480 6.8835e-07 -80
1897000 9485 6.8835e-07 -80
1898000 9490 6.8835e-07 -80
1899000 9495 6.8835e-07 -80
1900000 9500 6.8835e-07 -80
1901000 9505 6.8835e-07 -80
1902000 9510 6.8835e-07 -80
1903000 9515 6.8835e-07 -80
1904000 9520 6.8835e-07 -80
1905000 9525 6.8835e-07 -80
1906000 9530 6.8835e-07 -80
1907000 9535 6.8835e-07 -80
1908000 9540 6.8835e-07 -80
1909000 9545 6.8835e-07 -80
1910000 9550 6.8835e-07 -80
1911000 9555 6.8835e-07 -80
1912000 9560 6.8835e-07 -80
1913000 9565 6.8835e-07 -80
1914000 9570 6.8835e-07 -80
1915000 9575 6.8835e-07 -80
1916000 9580 6.8835e-07 -80
1917000 9585 6.8835e-07 -80
1918000 9590 6.8835e-07 -80
1919000 9595 6.8835e-07 -80
1920000 9600 6.8835e-07 -80
1921000 9605 6.8835e-07 -80
1922000 9610 6.8835e-07 -80
1923000 9615 6.8835e-07 -80
1924000 9620 6.8835e-07 -80
1925000 9625 6.8835e-07 -80
1926000 9630 6.8835e-07 -80
1927000 9635 6.8835e-07 -80
1928000 9640 6.8835e-07 -80
1929000 9645 6.8835e-07 -80
1930000 9650 6.8835e-07 -80
1931000 9655 6.8835e-07 -80
1932000 9660 6.8835e-07 -80
1933000 9665 6.8835e-07 -80
1934000 9670 6.8835e-07 -80
1935000 9675 6.8835e-07 -80
1936000 9680 6.8835e-07 -80
1937000 9685 6.8835e-07 -80
1938000 9690 6.8835e-07 -80
1939000 9695 6.8835e-07 -80
1940000 9700 6.8835e-07 -80
1941000 9705 6.8835e-07 -80
1942000 9710 6.8835e-07 -80
1943000 9715 6.8835e-07 -80
1944000 9720 6.8835e-07 -80
1945000 9725 6.8835e-07 -80
1946000 9730 6.8835e-07 -80
1947000 9735 6.8835e-07 -80
1948000 9740 6.8835e-07 -80
1949000 9745 6.8835e-07 -80
1950000 9750 6.8835e-07 -80
1951000 9755 6.8835e-07 -80
1952000 9760 6.8835e-07 -80
1953000 9765 6.8835e-07 -80
1954000 9770 6.8835e-07 -80
1955000 9775 6.8835e-07 -80
1956000 9780 6.8835e-07 -80
1957000 9785 6.8835e-07 -80
1958000 9790 6.8835e-07 -80
1959000 9795 6.8835e-07 -80
1960000 9800 6.8835e-07 -80
1961000 9805 6.8835e-07 -80
1962000 9810 6.8835e-07 -80
1963000 9815 6.8835e-07 -80
1964000 9820 6.8835e-07 -80
1965000 9825 6.8835e-07 -80
1966000 9830 6.8835e-07 -80
1967000 9835 6.8835e-07 -80
1968000 9840 6.8835e-07 -80
1969000 9845 6.8835e-07 -80
1970000 9850 6.8835e-07 -80
1971000 9855 6.8835e-07 -80
1972000 9860 6.8835e-07 -80
1973000 9865 6.8835e-07 -80
1974000 9870 6.8835e-07 -80
1975000 9875 6.8835e-07 -80
1976000 9880 6.8835e-07 -80
1977000 9885 6.8835e-07 -80
1978000 9890 6.8835e-07 -80
1979000 9895 6.8835e-07 -80
1980000 9900 6.8835e-07 -80
1981000 9905 6.8835e-07 -80
1982000 9910 6.8835e-07 -80
1983000 9915 6.8835e-07 -80
1984000 9920 6.8835e-07 -80
1985000 9925 6.8835e-07 -80
1986000 9930 6.8835e-07 -80
1987000 9935 6.8835e-07 -80
1988000 9940 6.8835e-07 -80
1989000 9945 6.8835e-07 -80
1990000 9950 6.8835e-07 -80
1991000 9955 6.8835e-07 -80
1992000 9960 6.8835e-07 -80
1993000 9965 6.8835e-07 -80
1994000 9970 6.8835e-07 -80
1995000 9975 6.8835e-07 -80
1996000 9980 6.8835e-07 -80
1997000 9985 6.8835e-07 -80
1998000 9990 6.8835e-07 -80
1999000 9995 6.8835e-07 -80
0 10000 2.1829e-05 40
1000 10005 0.000721572 40
2000 10010 0.00281709 40
3000 10015 0.00546392 40
4000 10020 0.00805673 40
5000 10025 0.0103111 40
6000 10030 0.0121276 40
7000 10035 0.013504 40
8000 10040 0.014484 40
9000 10045 0.0151288 40
10000 10050 0.0155018 40
11000 10055 0.0156611 40
12000 10060 0.0156569 40
13000 10065 0.0155303 40
14000 10070 0.0153145 40
15000 10075 0.0150353 40
16000 10080 0.0147128 40
17000 10085 0.0143621 40
18000 10090 0.0139945 40
19000 10095 0.0136185 40
20000 10100 0.0132403 40
21000 10105 0.0128641 40
22000 10110 0.0124933 40
23000 10115 0.0121299 40
24000 10120 0.0117755 40
25000 10125 0.0114309 40
26000 10130 0.0110969 40
27000 10135 0.0107736 40
28000 10140 0.0104612 40
29000 10145 0.0101595 40
30000 10150 0.00986858 40
31000 10155 0.00958808 40
32000 10160 0.00931778 40
33000 10165 0.0090574 40
34000 10170 0.00880664 40
35000 10175 0.00856518 40
36000 10180 0.00833272 40
37000 10185 0.00810894 40
38000 10190 0.00789353 40
39000 10195 0.0076862 40
40000 10200 0.00748665 40
41000 10205 0.00729459 40
42000 10210 0.00710974 40
43000 10215 0.00693185 40
44000 10220 0.00676064 40
45000 10225 0.00659588 40
46000 10230 0.00643731 40
47000 10235 0.00628471 40
48000 10240 0.00613786 40
49000 10245 0.00599653 40
50000 10250 0.00586052 40
51000 10255 0.00572962 40
52000 10260 0.00560366 40
53000 10265 0.00548244 40
54000 10270 0.00536577 40
55000 10275 0.00525351 40
56000 10280 0.00514546 40
57000 10285 0.00504149 40
58000 10290 0.00494142 40
59000 10295 0.00484513 40
60000 10300 0.00475245 40
61000 10305 0.00466327 40
62000 10310 0.00457745 40
63000 10315 0.00449485 40
64000 10320 0.00441536 40
65000 10325 0.00433887 40
66000 10330 0.00426526 40
67000 10335 0.00419441 40
68000 10340 0.00412624 40
69000 10345 0.00406063 40
0 10350 0.000811166 -60
1000 10355 0.0370064 -60
2000 10360 0.0675623 -60
3000 10365 0.0933089 -60
4000 10370 0.114955 -60
5000 10375 0.133104 -60
6000 10380 0.148273 -60
7000 10385 0.160901 -60
8000 10390 0.171364 -60
9000 10395 0.179983 -60
10000 10400 0.18703 -60
11000 10405 0.192739 -60
12000 10410 0.197309 -60
13000 10415 0.20091 -60
14000 10420 0.203687 -60
15000 10425 0.205762 -60
16000 10430 0.207243 -60
17000 10435 0.208218 -60
18000 10440 0.208765 -60
19000 10445 0.208948 -60
20000 10450 0.208824 -60
21000 10455 0.20844 -60
22000 10460 0.207837 -60
23000 10465 0.20705 -60
24000 10470 0.206108 -60
25000 10475 0.205036 -60
26000 10480 0.203856 -60
27000 10485 0.202586 -60
28000 10490 0.201241 -60
29000 10495 0.199835 -60
30000 10500 0.19838 -60
31000 10505 0.196884 -60
32000 10510 0.195356 -60
33000 10515 0.193804 -60
34000 10520 0.192232 -60
35000 10525 0.190646 -60
36000 10530 0.189051 -60
37000 10535 0.187449 -60
38000 10540 0.185845 -60
39000 10545 0.18424 -60
40000 10550 0.182637 -60
41000 10555 0.181037 -60
42000 10560 0.179443 -60
43000 10565 0.177855 -60
44000 10570 0.176275 -60
45000 10575 0.174704 -60
46000 10580 0.173142 -60
47000 10585 0.17159 -60
48000 10590 0.170048 -60
49000 10595 0.168517 -60
50000 10600 0.166998 -60
51000 10605 0.16549 -60
52000 10610 0.163995 -60
53000 10615 0.162511 -60
54000 10620 0.161039 -60
55000 10625 0.15958 -60
56000 10630 0.158132 -60
57000 10635 0.156697 -60
58000 10640 0.155275 -60
59000 10645 0.153865 -60
60000 10650 0.152467 -60
61000 10655 0.151081 -60
62000 10660 0.149708 -60
63000 10665 0.148347 -60
64000 10670 0.146998 -60
65000 10675 0.145661 -60
66000 10680 0.144335 -60
67000 10685 0.143022 -60
68000 10690 0.141721 -60
69000 10695 0.140431 -60
70000 10700 0.139153 -60
71000 10705 0.137887 -60
72000 10710 0.136632 -60
73000 10715 0.135388 -60
74000 10720 0.134156 -60
75000 10725 0.132935 -60
76000 10730 0.131725 -60
77000 10735 0.130526 -60
78000 10740 0.129338 -60
79000 10745 0.12816 -60
80000 10750 0.126994 -60
81000 10755 0.125838 -60
82000 10760 0.124692 -60
83000 10765 0.123557 -60
84000 10770 0.122433 -60
85000 10775 0.121318 -60
86000 10780 0.120214 -60
87000 10785 0.119119 -60
88000 10790 0.118035 -60
89000 10795 0.116961 -60
90000 10800 0.115896 -60
91000 10805 0.114841 -60
92000 10810 0.113796 -60
93000 10815 0.11276 -60
94000 10820 0.111733 -60
95000 10825 0.110716 -60
96000 10830 0.109709 -60
97000 10835 0.10871 -60
98000 10840 0.10772 -60
99000 10845 0.10674 -60
