0.005  4.18361e-17  -80
5.005  1.37983e-09  -80
10.005  5.24975e-09  -80
15.005  1.11703e-08  -80
20.005  1.87703e-08  -80
25.005  2.77364e-08  -80
30.005  3.78037e-08  -80
35.005  4.87483e-08  -80
40.005  6.03813e-08  -80
45.005  7.25427e-08  -80
50.005  8.50976e-08  -80
55.005  9.79321e-08  -80
60.005  1.10951e-07  -80
65.005  1.24072e-07  -80
70.005  1.37229e-07  -80
75.005  1.50365e-07  -80
80.005  1.63433e-07  -80
85.005  1.76393e-07  -80
90.005  1.89213e-07  -80
95.005  2.01867e-07  -80
100.005  2.14333e-07  -80
105.005  2.26595e-07  -80
110.005  2.38637e-07  -80
115.005  2.5045e-07  -80
120.005  2.62026e-07  -80
125.005  2.73359e-07  -80
130.005  2.84444e-07  -80
135.005  2.9528e-07  -80
140.005  3.05865e-07  -80
145.005  3.162e-07  -80
150.005  3.26286e-07  -80
155.005  3.36124e-07  -80
160.005  3.45717e-07  -80
165.005  3.55068e-07  -80
170.005  3.6418e-07  -80
175.005  3.73058e-07  -80
180.005  3.81704e-07  -80
185.005  3.90125e-07  -80
190.005  3.98323e-07  -80
195.005  4.06303e-07  -80
200.005  4.14071e-07  -80
205.005  4.21631e-07  -80
210.005  4.28988e-07  -80
215.005  4.36146e-07  -80
220.005  4.4311e-07  -80
225.005  4.49885e-07  -80
230.005  4.56476e-07  -80
235.005  4.62888e-07  -80
240.005  4.69124e-07  -80
245.005  4.75189e-07  -80
250.005  4.81088e-07  -80
255.005  4.86826e-07  -80
260.005  4.92405e-07  -80
265.005  4.97831e-07  -80
270.005  5.03108e-07  -80
275.005  5.0824e-07  -80
280.005  5.13229e-07  -80
285.005  5.18082e-07  -80
290.005  5.228e-07  -80
295.005  5.27388e-07  -80
300.005  5.31849e-07  -80
305.005  5.36187e-07  -80
310.005  5.40405e-07  -80
315.005  5.44506e-07  -80
320.005  5.48493e-07  -80
325.005  5.52371e-07  -80
330.005  5.56141e-07  -80
335.005  5.59806e-07  -80
340.005  5.6337e-07  -80
345.005  5.66836e-07  -80
350.005  5.70205e-07  -80
355.005  5.73481e-07  -80
360.005  5.76666e-07  -80
365.005  5.79763e-07  -80
370.005  5.82774e-07  -80
375.005  5.85702e-07  -80
380.005  5.88549e-07  -80
385.005  5.91316e-07  -80
390.005  5.94007e-07  -80
395.005  5.96623e-07  -80
400.005  5.99167e-07  -80
405.005  6.0164e-07  -80
410.005  6.04045e-07  -80
415.005  6.06383e-07  -80
420.005  6.08656e-07  -80
425.005  6.10866e-07  -80
430.005  6.13015e-07  -80
435.005  6.15104e-07  -80
440.005  6.17135e-07  -80
445.005  6.1911e-07  -80
450.005  6.21031e-07  -80
455.005  6.22898e-07  -80
460.005  6.24713e-07  -80
465.005  6.26478e-07  -80
470.005  6.28194e-07  -80
475.005  6.29862e-07  -80
480.005  6.31484e-07  -80
485.005  6.33061e-07  -80
490.005  6.34594e-07  -80
495.005  6.36085e-07  -80
500.005  6.37535e-07  -80
505.005  6.38944e-07  -80
510.005  6.40314e-07  -80
515.005  6.41646e-07  -80
520.005  6.42942e-07  -80
525.005  6.44201e-07  -80
530.005  6.45425e-07  -80
535.005  6.46616e-07  -80
540.005  6.47773e-07  -80
545.005  6.48899e-07  -80
550.005  6.49993e-07  -80
555.005  6.51056e-07  -80
560.005  6.52091e-07  -80
565.005  6.53096e-07  -80
570.005  6.54074e-07  -80
575.005  6.55025e-07  -80
580.005  6.55949e-07  -80
585.005  6.56847e-07  -80
590.005  6.57721e-07  -80
595.005  6.58571e-07  -80
600.005  6.59396e-07  -80
605.005  6.60199e-07  -80
610.005  6.6098e-07  -80
615.005  6.61739e-07  -80
620.005  6.62477e-07  -80
625.005  6.63195e-07  -80
630.005  6.63892e-07  -80
635.005  6.64571e-07  -80
640.005  6.6523e-07  -80
645.005  6.65871e-07  -80
650.005  6.66495e-07  -80
655.005  6.67101e-07  -80
660.005  6.6769e-07  -80
665.005  6.68263e-07  -80
670.005  6.6882e-07  -80
675.005  6.69362e-07  -80
680.005  6.69889e-07  -80
685.005  6.70401e-07  -80
690.005  6.70898e-07  -80
695.005  6.71382e-07  -80
700.005  6.71853e-07  -80
705.005  6.7231e-07  -80
710.005  6.72755e-07  -80
715.005  6.73188e-07  -80
720.005  6.73608e-07  -80
725.005  6.74017e-07  -80
730.005  6.74415e-07  -80
735.005  6.74801e-07  -80
740.005  6.75177e-07  -80
745.005  6.75542e-07  -80
750.005  6.75897e-07  -80
755.005  6.76243e-07  -80
760.005  6.76578e-07  -80
765.005  6.76905e-07  -80
770.005  6.77222e-07  -80
775.005  6.77531e-07  -80
780.005  6.77831e-07  -80
785.005  6.78123e-07  -80
790.005  6.78406e-07  -80
795.005  6.78682e-07  -80
800.005  6.7895e-07  -80
805.005  6.79211e-07  -80
810.005  6.79464e-07  -80
815.005  6.79711e-07  -80
820.005  6.7995e-07  -80
825.005  6.80183e-07  -80
830.005  6.8041e-07  -80
835.005  6.8063e-07  -80
840.005  6.80844e-07  -80
845.005  6.81052e-07  -80
850.005  6.81255e-07  -80
855.005  6.81452e-07  -80
860.005  6.81643e-07  -80
865.005  6.81829e-07  -80
870.005  6.8201e-07  -80
875.005  6.82186e-07  -80
880.005  6.82357e-07  -80
885.005  6.82523e-07  -80
890.005  6.82684e-07  -80
895.005  6.82841e-07  -80
900.005  6.82994e-07  -80
905.005  6.83143e-07  -80
910.005  6.83287e-07  -80
915.005  6.83428e-07  -80
920.005  6.83564e-07  -80
925.005  6.83697e-07  -80
930.005  6.83826e-07  -80
935.005  6.83951e-07  -80
940.005  6.84073e-07  -80
945.005  6.84192e-07  -80
950.005  6.84307e-07  -80
955.005  6.84419e-07  -80
960.005  6.84528e-07  -80
965.005  6.84634e-07  -80
970.005  6.84737e-07  -80
975.005  6.84838e-07  -80
980.005  6.84935e-07  -80
985.005  6.8503e-07  -80
990.005  6.85122e-07  -80
995.005  6.85211e-07  -80
1000  6.85298e-07  -80
1005  6.85383e-07  -80
1010  6.85465e-07  -80
1015  6.85545e-07  -80
1020  6.85623e-07  -80
1025  6.85699e-07  -80
1030  6.85772e-07  -80
1035  6.85844e-07  -80
1040  6.85913e-07  -80
1045  6.85981e-07  -80
1050  6.86047e-07  -80
1055  6.8611e-07  -80
1060  6.86173e-07  -80
1065.01  6.86233e-07  -80
1070.01  6.86292e-07  -80
1075.01  6.86349e-07  -80
1080.01  6.86404e-07  -80
1085.01  6.86458e-07  -80
1090.01  6.86511e-07  -80
1095.01  6.86562e-07  -80
1100.01  6.86611e-07  -80
1105.01  6.8666e-07  -80
1110.01  6.86706e-07  -80
1115.01  6.86752e-07  -80
1120.01  6.86796e-07  -80
1125.01  6.86839e-07  -80
1130.01  6.86881e-07  -80
1135.01  6.86922e-07  -80
1140.01  6.86962e-07  -80
1145.01  6.87e-07  -80
1150.01  6.87038e-07  -80
1155.01  6.87074e-07  -80
1160.01  6.87109e-07  -80
1165.01  6.87144e-07  -80
1170.01  6.87177e-07  -80
1175.01  6.8721e-07  -80
1180.01  6.87241e-07  -80
1185.01  6.87272e-07  -80
1190.01  6.87302e-07  -80
1195.01  6.87331e-07  -80
1200.01  6.87359e-07  -80
1205.01  6.87387e-07  -80
1210.01  6.87414e-07  -80
1215.01  6.8744e-07  -80
1220.01  6.87465e-07  -80
1225.01  6.87489e-07  -80
1230.01  6.87513e-07  -80
1235.01  6.87536e-07  -80
1240.01  6.87559e-07  -80
1245.01  6.87581e-07  -80
1250.01  6.87602e-07  -80
1255.01  6.87623e-07  -80
1260.01  6.87643e-07  -80
1265.01  6.87663e-07  -80
1270.01  6.87682e-07  -80
1275.01  6.877e-07  -80
1280.01  6.87718e-07  -80
1285.01  6.87736e-07  -80
1290.01  6.87753e-07  -80
1295.01  6.87769e-07  -80
1300.01  6.87786e-07  -80
1305.01  6.87801e-07  -80
1310.01  6.87816e-07  -80
1315.01  6.87831e-07  -80
1320.01  6.87846e-07  -80
1325.01  6.8786e-07  -80
1330.01  6.87873e-07  -80
1335.01  6.87886e-07  -80
1340.01  6.87899e-07  -80
1345.01  6.87912e-07  -80
1350.01  6.87924e-07  -80
1355.01  6.87936e-07  -80
1360.01  6.87947e-07  -80
1365.01  6.87958e-07  -80
1370.01  6.87969e-07  -80
1375.01  6.8798e-07  -80
1380.01  6.8799e-07  -80
1385.01  6.88e-07  -80
1390.01  6.8801e-07  -80
1395.01  6.88019e-07  -80
1400.01  6.88028e-07  -80
1405.01  6.88037e-07  -80
1410.01  6.88046e-07  -80
1415.01  6.88054e-07  -80
1420.01  6.88063e-07  -80
1425.01  6.88071e-07  -80
1430.01  6.88078e-07  -80
1435.01  6.88086e-07  -80
1440.01  6.88093e-07  -80
1445.01  6.881e-07  -80
1450.01  6.88107e-07  -80
1455.01  6.88114e-07  -80
1460.01  6.88121e-07  -80
1465.01  6.88127e-07  -80
1470.01  6.88133e-07  -80
1475.01  6.88139e-07  -80
1480.01  6.88145e-07  -80
1485.01  6.88151e-07  -80
1490.01  6.88156e-07  -80
1495.01  6.88162e-07  -80
1500.01  6.88167e-07  -80
1505.01  6.88172e-07  -80
1510.01  6.88177e-07  -80
1515.01  6.88182e-07  -80
1520.01  6.88186e-07  -80
1525.01  6.88191e-07  -80
1530.01  6.88195e-07  -80
1535.01  6.882e-07  -80
1540.01  6.88204e-07  -80
1545.01  6.88208e-07  -80
1550.01  6.88212e-07  -80
1555.01  6.88216e-07  -80
1560.01  6.88219e-07  -80
1565.01  6.88223e-07  -80
1570.01  6.88226e-07  -80
1575.01  6.8823e-07  -80
1580.01  6.88233e-07  -80
1585.01  6.88236e-07  -80
1590.01  6.8824e-07  -80
1595.01  6.88243e-07  -80
1600.01  6.88246e-07  -80
1605.01  6.88249e-07  -80
1610.01  6.88251e-07  -80
1615.01  6.88254e-07  -80
1620.01  6.88257e-07  -80
1625.01  6.88259e-07  -80
1630.01  6.88262e-07  -80
1635.01  6.88264e-07  -80
1640.01  6.88267e-07  -80
1645.01  6.88269e-07  -80
1650.01  6.88271e-07  -80
1655.01  6.88273e-07  -80
1660.01  6.88276e-07  -80
1665.01  6.88278e-07  -80
1670.01  6.8828e-07  -80
1675.01  6.88282e-07  -80
1680.01  6.88283e-07  -80
1685.01  6.88285e-07  -80
1690.01  6.88287e-07  -80
1695.01  6.88289e-07  -80
1700.01  6.88291e-07  -80
1705.01  6.88292e-07  -80
1710.01  6.88294e-07  -80
1715.01  6.88295e-07  -80
1720.01  6.88297e-07  -80
1725.01  6.88298e-07  -80
1730.01  6.883e-07  -80
1735.01  6.88301e-07  -80
1740.01  6.88303e-07  -80
1745.01  6.88304e-07  -80
1750.01  6.88305e-07  -80
1755.01  6.88306e-07  -80
1760.01  6.88308e-07  -80
1765.01  6.88309e-07  -80
1770.01  6.8831e-07  -80
1775.01  6.88311e-07  -80
1780.01  6.88312e-07  -80
1785.01  6.88313e-07  -80
1790.01  6.88314e-07  -80
1795.01  6.88315e-07  -80
1800.01  6.88316e-07  -80
1805.01  6.88317e-07  -80
1810.01  6.88318e-07  -80
1815.01  6.88319e-07  -80
1820.01  6.8832e-07  -80
1825.01  6.88321e-07  -80
1830.01  6.88321e-07  -80
1835.01  6.88322e-07  -80
1840.01  6.88323e-07  -80
1845.01  6.88324e-07  -80
1850.01  6.88324e-07  -80
1855.01  6.88325e-07  -80
1860.01  6.88326e-07  -80
1865.01  6.88327e-07  -80
1870.01  6.88327e-07  -80
1875.01  6.88328e-07  -80
1880.01  6.88328e-07  -80
1885.01  6.88329e-07  -80
1890.01  6.8833e-07  -80
1895.01  6.8833e-07  -80
1900.01  6.88331e-07  -80
1905.01  6.88331e-07  -80
1910.01  6.88332e-07  -80
1915.01  6.88332e-07  -80
1920.01  6.88333e-07  -80
1925.01  6.88333e-07  -80
1930.01  6.88334e-07  -80
1935.01  6.88334e-07  -80
1940.01  6.88335e-07  -80
1945.01  6.88335e-07  -80
1950.01  6.88335e-07  -80
1955.01  6.88336e-07  -80
1960.01  6.88336e-07  -80
1965.01  6.88337e-07  -80
1970.01  6.88337e-07  -80
1975.01  6.88337e-07  -80
1980.01  6.88338e-07  -80
1985.01  6.88338e-07  -80
1990.01  6.88338e-07  -80
1995.01  6.88339e-07  -80
2000.01  6.88339e-07  -80
2005.01  6.88339e-07  -80
2010.01  6.8834e-07  -80
2015.01  6.8834e-07  -80
2020.01  6.8834e-07  -80
2025.01  6.8834e-07  -80
2030.01  6.88341e-07  -80
2035.01  6.88341e-07  -80
2040.01  6.88341e-07  -80
2045.01  6.88342e-07  -80
2050.01  6.88342e-07  -80
2055.01  6.88342e-07  -80
2060.01  6.88342e-07  -80
2065.01  6.88342e-07  -80
2070.01  6.88343e-07  -80
2075.01  6.88343e-07  -80
2080.01  6.88343e-07  -80
2085.01  6.88343e-07  -80
2090.01  6.88343e-07  -80
2095.01  6.88344e-07  -80
2100.01  6.88344e-07  -80
2105.01  6.88344e-07  -80
2110.01  6.88344e-07  -80
2115.01  6.88344e-07  -80
2120.01  6.88344e-07  -80
2125.01  6.88345e-07  -80
2130.01  6.88345e-07  -80
2135.01  6.88345e-07  -80
2140.01  6.88345e-07  -80
2145.01  6.88345e-07  -80
2150.01  6.88345e-07  -80
2155.01  6.88345e-07  -80
2160.01  6.88346e-07  -80
2165.01  6.88346e-07  -80
2170.01  6.88346e-07  -80
2175.01  6.88346e-07  -80
2180.01  6.88346e-07  -80
2185.01  6.88346e-07  -80
2190.01  6.88346e-07  -80
2195.01  6.88346e-07  -80
2200.01  6.88346e-07  -80
2205.01  6.88347e-07  -80
2210.01  6.88347e-07  -80
2215.01  6.88347e-07  -80
2220.01  6.88347e-07  -80
2225.01  6.88347e-07  -80
2230.01  6.88347e-07  -80
2235.01  6.88347e-07  -80
2240.01  6.88347e-07  -80
2245.01  6.88347e-07  -80
2250.01  6.88347e-07  -80
2255.01  6.88347e-07  -80
2260.01  6.88348e-07  -80
2265.01  6.88348e-07  -80
2270.01  6.88348e-07  -80
2275.01  6.88348e-07  -80
2280.01  6.88348e-07  -80
2285.01  6.88348e-07  -80
2290.01  6.88348e-07  -80
2295.01  6.88348e-07  -80
2300.01  6.88348e-07  -80
2305.01  6.88348e-07  -80
2310.01  6.88348e-07  -80
2315.01  6.88348e-07  -80
2320.01  6.88348e-07  -80
2325.01  6.88348e-07  -80
2330.01  6.88348e-07  -80
2335.01  6.88348e-07  -80
2340.01  6.88348e-07  -80
2345.01  6.88348e-07  -80
2350.01  6.88349e-07  -80
2355.01  6.88349e-07  -80
2360.01  6.88349e-07  -80
2365.01  6.88349e-07  -80
2370.01  6.88349e-07  -80
2375.01  6.88349e-07  -80
2380.01  6.88349e-07  -80
2385.01  6.88349e-07  -80
2390.01  6.88349e-07  -80
2395.01  6.88349e-07  -80
2400.01  6.88349e-07  -80
2405.01  6.88349e-07  -80
2410.01  6.88349e-07  -80
2415.01  6.88349e-07  -80
2420.01  6.88349e-07  -80
2425.01  6.88349e-07  -80
2430.01  6.88349e-07  -80
2435.01  6.88349e-07  -80
2440.01  6.88349e-07  -80
2445.01  6.88349e-07  -80
2450.01  6.88349e-07  -80
2455.01  6.88349e-07  -80
2460.01  6.88349e-07  -80
2465.01  6.88349e-07  -80
2470.01  6.88349e-07  -80
2475.01  6.88349e-07  -80
2480.01  6.88349e-07  -80
2485.01  6.88349e-07  -80
2490.01  6.88349e-07  -80
2495.01  6.88349e-07  -80
2500.01  6.88349e-07  -80
2505.01  6.88349e-07  -80
2510.01  6.88349e-07  -80
2515.01  6.88349e-07  -80
2520.01  6.88349e-07  -80
2525.01  6.88349e-07  -80
2530.01  6.88349e-07  -80
2535.01  6.8835e-07  -80
2540.01  6.8835e-07  -80
2545.01  6.8835e-07  -80
2550.01  6.8835e-07  -80
2555.01  6.8835e-07  -80
2560.01  6.8835e-07  -80
2565.01  6.8835e-07  -80
2570.01  6.8835e-07  -80
2575.01  6.8835e-07  -80
2580.01  6.8835e-07  -80
2585.01  6.8835e-07  -80
2590.01  6.8835e-07  -80
2595.01  6.8835e-07  -80
2600.01  6.8835e-07  -80
2605.01  6.8835e-07  -80
2610.01  6.8835e-07  -80
2615.01  6.8835e-07  -80
2620.01  6.8835e-07  -80
2625.01  6.8835e-07  -80
2630.01  6.8835e-07  -80
2635.01  6.8835e-07  -80
2640.01  6.8835e-07  -80
2645.01  6.8835e-07  -80
2650.01  6.8835e-07  -80
2655.01  6.8835e-07  -80
2660.01  6.8835e-07  -80
2665.01  6.8835e-07  -80
2670.01  6.8835e-07  -80
2675.01  6.8835e-07  -80
2680.01  6.8835e-07  -80
2685.01  6.8835e-07  -80
2690.01  6.8835e-07  -80
2695.01  6.8835e-07  -80
2700.01  6.8835e-07  -80
2705.01  6.8835e-07  -80
2710.01  6.8835e-07  -80
2715.01  6.8835e-07  -80
2720.01  6.8835e-07  -80
2725.01  6.8835e-07  -80
2730.01  6.8835e-07  -80
2735.01  6.8835e-07  -80
2740.01  6.8835e-07  -80
2745.01  6.8835e-07  -80
2750.01  6.8835e-07  -80
2755.01  6.8835e-07  -80
2760.01  6.8835e-07  -80
2765.01  6.8835e-07  -80
2770.01  6.8835e-07  -80
2775.01  6.8835e-07  -80
2780.01  6.8835e-07  -80
2785.01  6.8835e-07  -80
2790.01  6.8835e-07  -80
2795.01  6.8835e-07  -80
2800.01  6.8835e-07  -80
2805.01  6.8835e-07  -80
2810.01  6.8835e-07  -80
2815.01  6.8835e-07  -80
2820.01  6.8835e-07  -80
2825.01  6.8835e-07  -80
2830.01  6.8835e-07  -80
2835.01  6.8835e-07  -80
2840.01  6.8835e-07  -80
2845.01  6.8835e-07  -80
2850.01  6.8835e-07  -80
2855.01  6.8835e-07  -80
2860.01  6.8835e-07  -80
2865.01  6.8835e-07  -80
2870.01  6.8835e-07  -80
2875.01  6.8835e-07  -80
2880.01  6.8835e-07  -80
2885.01  6.8835e-07  -80
2890.01  6.8835e-07  -80
2895.01  6.8835e-07  -80
2900.01  6.8835e-07  -80
2905.01  6.8835e-07  -80
2910.01  6.8835e-07  -80
2915.01  6.8835e-07  -80
2920.01  6.8835e-07  -80
2925.01  6.8835e-07  -80
2930.01  6.8835e-07  -80
2935.01  6.8835e-07  -80
2940.01  6.8835e-07  -80
2945.01  6.8835e-07  -80
2950.01  6.8835e-07  -80
2955.01  6.8835e-07  -80
2960.01  6.8835e-07  -80
2965.01  6.8835e-07  -80
2970.01  6.8835e-07  -80
2975.01  6.8835e-07  -80
2980.01  6.8835e-07  -80
2985.01  6.8835e-07  -80
2990.01  6.8835e-07  -80
2995.01  6.8835e-07  -80
3000.01  6.8835e-07  -80
3005.01  6.8835e-07  -80
3010.01  6.8835e-07  -80
3015.01  6.8835e-07  -80
3020.01  6.8835e-07  -80
3025.01  6.8835e-07  -80
3030.01  6.8835e-07  -80
3035.01  6.8835e-07  -80
3040.01  6.8835e-07  -80
3045.01  6.8835e-07  -80
3050.01  6.8835e-07  -80
3055.01  6.8835e-07  -80
3060.01  6.8835e-07  -80
3065.01  6.8835e-07  -80
3070.01  6.8835e-07  -80
3075.01  6.8835e-07  -80
3080.01  6.8835e-07  -80
3085.01  6.8835e-07  -80
3090.01  6.8835e-07  -80
3095.01  6.8835e-07  -80
3100.01  6.8835e-07  -80
3105.01  6.8835e-07  -80
3110.01  6.8835e-07  -80
3115.01  6.8835e-07  -80
3120.01  6.8835e-07  -80
3125.01  6.8835e-07  -80
3130.01  6.8835e-07  -80
3135.01  6.8835e-07  -80
3140.01  6.8835e-07  -80
3145.01  6.8835e-07  -80
3150.01  6.8835e-07  -80
3155.01  6.8835e-07  -80
3160.01  6.8835e-07  -80
3165.01  6.8835e-07  -80
3170.01  6.8835e-07  -80
3175.01  6.8835e-07  -80
3180.01  6.8835e-07  -80
3185.01  6.8835e-07  -80
3190.01  6.8835e-07  -80
3195.01  6.8835e-07  -80
3200.01  6.8835e-07  -80
3205.01  6.8835e-07  -80
3210.01  6.8835e-07  -80
3215.01  6.8835e-07  -80
3220.01  6.8835e-07  -80
3225.01  6.8835e-07  -80
3230.01  6.8835e-07  -80
3235.01  6.8835e-07  -80
3240.01  6.8835e-07  -80
3245.01  6.8835e-07  -80
3250.01  6.8835e-07  -80
3255.01  6.8835e-07  -80
3260.01  6.8835e-07  -80
3265.01  6.8835e-07  -80
3270.01  6.8835e-07  -80
3275.01  6.8835e-07  -80
3280.01  6.8835e-07  -80
3285.01  6.8835e-07  -80
3290.01  6.8835e-07  -80
3295.01  6.8835e-07  -80
3300.01  6.8835e-07  -80
3305.01  6.8835e-07  -80
3310.01  6.8835e-07  -80
3315.01  6.8835e-07  -80
3320.01  6.8835e-07  -80
3325.01  6.8835e-07  -80
3330.01  6.8835e-07  -80
3335.01  6.8835e-07  -80
3340.01  6.8835e-07  -80
3345.01  6.8835e-07  -80
3350.01  6.8835e-07  -80
3355.01  6.8835e-07  -80
3360.01  6.8835e-07  -80
3365.01  6.8835e-07  -80
3370.01  6.8835e-07  -80
3375.01  6.8835e-07  -80
3380.01  6.8835e-07  -80
3385.01  6.8835e-07  -80
3390.01  6.8835e-07  -80
3395.01  6.8835e-07  -80
3400.01  6.8835e-07  -80
3405.01  6.8835e-07  -80
3410.01  6.8835e-07  -80
3415.01  6.8835e-07  -80
3420.01  6.8835e-07  -80
3425.01  6.8835e-07  -80
3430.01  6.8835e-07  -80
3435.01  6.8835e-07  -80
3440.01  6.8835e-07  -80
3445.01  6.8835e-07  -80
3450.01  6.8835e-07  -80
3455.01  6.8835e-07  -80
3460.01  6.8835e-07  -80
3465.01  6.8835e-07  -80
3470.01  6.8835e-07  -80
3475.01  6.8835e-07  -80
3480.01  6.8835e-07  -80
3485.01  6.8835e-07  -80
3490.01  6.8835e-07  -80
3495.01  6.8835e-07  -80
3500.01  6.8835e-07  -80
3505.01  6.8835e-07  -80
3510.01  6.8835e-07  -80
3515.01  6.8835e-07  -80
3520.01  6.8835e-07  -80
3525.01  6.8835e-07  -80
3530.01  6.8835e-07  -80
3535.01  6.8835e-07  -80
3540.01  6.8835e-07  -80
3545.01  6.8835e-07  -80
3550.01  6.8835e-07  -80
3555.01  6.8835e-07  -80
3560.01  6.8835e-07  -80
3565.01  6.8835e-07  -80
3570.01  6.8835e-07  -80
3575.01  6.8835e-07  -80
3580.01  6.8835e-07  -80
3585.01  6.8835e-07  -80
3590.01  6.8835e-07  -80
3595.01  6.8835e-07  -80
3600.01  6.8835e-07  -80
3605.01  6.8835e-07  -80
3610.01  6.8835e-07  -80
3615.01  6.8835e-07  -80
3620.01  6.8835e-07  -80
3625.01  6.8835e-07  -80
3630.01  6.8835e-07  -80
3635.01  6.8835e-07  -80
3640.01  6.8835e-07  -80
3645.01  6.8835e-07  -80
3650.01  6.8835e-07  -80
3655.01  6.8835e-07  -80
3660.01  6.8835e-07  -80
3665.01  6.8835e-07  -80
3670.01  6.8835e-07  -80
3675.01  6.8835e-07  -80
3680.01  6.8835e-07  -80
3685.01  6.8835e-07  -80
3690.01  6.8835e-07  -80
3695.01  6.8835e-07  -80
3700.01  6.8835e-07  -80
3705.01  6.8835e-07  -80
3710.01  6.8835e-07  -80
3715.01  6.8835e-07  -80
3720.01  6.8835e-07  -80
3725.01  6.8835e-07  -80
3730.01  6.8835e-07  -80
3735.01  6.8835e-07  -80
3740.01  6.8835e-07  -80
3745.01  6.8835e-07  -80
3750.01  6.8835e-07  -80
3755.01  6.8835e-07  -80
3760.01  6.8835e-07  -80
3765.01  6.8835e-07  -80
3770.01  6.8835e-07  -80
3775.01  6.8835e-07  -80
3780.01  6.8835e-07  -80
3785.01  6.8835e-07  -80
3790.01  6.8835e-07  -80
3795.01  6.8835e-07  -80
3800.01  6.8835e-07  -80
3805.01  6.8835e-07  -80
3810.01  6.8835e-07  -80
3815.01  6.8835e-07  -80
3820.01  6.8835e-07  -80
3825.01  6.8835e-07  -80
3830.01  6.8835e-07  -80
3835.01  6.8835e-07  -80
3840.01  6.8835e-07  -80
3845.01  6.8835e-07  -80
3850.01  6.8835e-07  -80
3855.01  6.8835e-07  -80
3860.01  6.8835e-07  -80
3865.01  6.8835e-07  -80
3870.01  6.8835e-07  -80
3875.01  6.8835e-07  -80
3880.01  6.8835e-07  -80
3885.01  6.8835e-07  -80
3890.01  6.8835e-07  -80
3895.01  6.8835e-07  -80
3900.01  6.8835e-07  -80
3905.01  6.8835e-07  -80
3910.01  6.8835e-07  -80
3915.01  6.8835e-07  -80
3920.01  6.8835e-07  -80
3925.01  6.8835e-07  -80
3930.01  6.8835e-07  -80
3935.01  6.8835e-07  -80
3940.01  6.8835e-07  -80
3945.01  6.8835e-07  -80
3950.01  6.8835e-07  -80
3955.01  6.8835e-07  -80
3960.01  6.8835e-07  -80
3965.01  6.8835e-07  -80
3970.01  6.8835e-07  -80
3975.01  6.8835e-07  -80
3980.01  6.8835e-07  -80
3985.01  6.8835e-07  -80
3990.01  6.8835e-07  -80
3995.01  6.8835e-07  -80
4000.01  6.8835e-07  -80
4005.01  6.8835e-07  -80
4010.01  6.8835e-07  -80
4015.01  6.8835e-07  -80
4020.01  6.8835e-07  -80
4025.01  6.8835e-07  -80
4030.01  6.8835e-07  -80
4035.01  6.8835e-07  -80
4040.01  6.8835e-07  -80
4045.01  6.8835e-07  -80
4050.01  6.8835e-07  -80
4055.01  6.8835e-07  -80
4060.01  6.8835e-07  -80
4065.01  6.8835e-07  -80
4070.01  6.8835e-07  -80
4075.01  6.8835e-07  -80
4080.01  6.8835e-07  -80
4085.01  6.8835e-07  -80
4090.01  6.8835e-07  -80
4095.01  6.8835e-07  -80
4100.01  6.8835e-07  -80
4105.01  6.8835e-07  -80
4110.01  6.8835e-07  -80
4115.01  6.8835e-07  -80
4120.01  6.8835e-07  -80
4125.01  6.8835e-07  -80
4130.01  6.8835e-07  -80
4135.01  6.8835e-07  -80
4140.01  6.8835e-07  -80
4145.01  6.8835e-07  -80
4150.01  6.8835e-07  -80
4155.01  6.8835e-07  -80
4160.01  6.8835e-07  -80
4165.01  6.8835e-07  -80
4170.01  6.8835e-07  -80
4175.01  6.8835e-07  -80
4180.01  6.8835e-07  -80
4185.01  6.8835e-07  -80
4190.01  6.8835e-07  -80
4195.01  6.8835e-07  -80
4200.01  6.8835e-07  -80
4205.01  6.8835e-07  -80
4210.01  6.8835e-07  -80
4215.01  6.8835e-07  -80
4220.01  6.8835e-07  -80
4225.01  6.8835e-07  -80
4230.01  6.8835e-07  -80
4235.01  6.8835e-07  -80
4240.01  6.8835e-07  -80
4245.01  6.8835e-07  -80
4250.01  6.8835e-07  -80
4255.01  6.8835e-07  -80
4260.01  6.8835e-07  -80
4265.01  6.8835e-07  -80
4270.01  6.8835e-07  -80
4275.01  6.8835e-07  -80
4280.01  6.8835e-07  -80
4285.01  6.8835e-07  -80
4290.01  6.8835e-07  -80
4295.01  6.8835e-07  -80
4300.01  6.8835e-07  -80
4305.01  6.8835e-07  -80
4310.01  6.8835e-07  -80
4315.01  6.8835e-07  -80
4320.01  6.8835e-07  -80
4325.01  6.8835e-07  -80
4330.01  6.8835e-07  -80
4335.01  6.8835e-07  -80
4340.01  6.8835e-07  -80
4345.01  6.8835e-07  -80
4350.01  6.8835e-07  -80
4355.01  6.8835e-07  -80
4360.01  6.8835e-07  -80
4365.01  6.8835e-07  -80
4370.01  6.8835e-07  -80
4375.01  6.8835e-07  -80
4380.01  6.8835e-07  -80
4385.01  6.8835e-07  -80
4390.01  6.8835e-07  -80
4395.01  6.8835e-07  -80
4400.01  6.8835e-07  -80
4405.01  6.8835e-07  -80
4410.01  6.8835e-07  -80
4415.01  6.8835e-07  -80
4420.01  6.8835e-07  -80
4425.01  6.8835e-07  -80
4430.01  6.8835e-07  -80
4435.01  6.8835e-07  -80
4440.01  6.8835e-07  -80
4445.01  6.8835e-07  -80
4450.01  6.8835e-07  -80
4455.01  6.8835e-07  -80
4460.01  6.8835e-07  -80
4465.01  6.8835e-07  -80
4470.01  6.8835e-07  -80
4475.01  6.8835e-07  -80
4480.01  6.8835e-07  -80
4485.01  6.8835e-07  -80
4490.01  6.8835e-07  -80
4495.01  6.8835e-07  -80
4500.01  6.8835e-07  -80
4505.01  6.8835e-07  -80
4510.01  6.8835e-07  -80
4515.01  6.8835e-07  -80
4520.01  6.8835e-07  -80
4525.01  6.8835e-07  -80
4530.01  6.8835e-07  -80
4535.01  6.8835e-07  -80
4540.01  6.8835e-07  -80
4545.01  6.8835e-07  -80
4550.01  6.8835e-07  -80
4555.01  6.8835e-07  -80
4560.01  6.8835e-07  -80
4565.01  6.8835e-07  -80
4570.01  6.8835e-07  -80
4575.01  6.8835e-07  -80
4580.01  6.8835e-07  -80
4585.01  6.8835e-07  -80
4590.01  6.8835e-07  -80
4595.01  6.8835e-07  -80
4600.01  6.8835e-07  -80
4605.01  6.8835e-07  -80
4610.01  6.8835e-07  -80
4615.01  6.8835e-07  -80
4620.01  6.8835e-07  -80
4625.01  6.8835e-07  -80
4630.01  6.8835e-07  -80
4635.01  6.8835e-07  -80
4640.01  6.8835e-07  -80
4645.01  6.8835e-07  -80
4650.01  6.8835e-07  -80
4655.01  6.8835e-07  -80
4660.01  6.8835e-07  -80
4665.01  6.8835e-07  -80
4670.01  6.8835e-07  -80
4675.01  6.8835e-07  -80
4680.01  6.8835e-07  -80
4685.01  6.8835e-07  -80
4690.01  6.8835e-07  -80
4695.01  6.8835e-07  -80
4700.01  6.8835e-07  -80
4705.01  6.8835e-07  -80
4710.01  6.8835e-07  -80
4715.01  6.8835e-07  -80
4720.01  6.8835e-07  -80
4725.01  6.8835e-07  -80
4730.01  6.8835e-07  -80
4735.01  6.8835e-07  -80
4740.01  6.8835e-07  -80
4745.01  6.8835e-07  -80
4750.01  6.8835e-07  -80
4755.01  6.8835e-07  -80
4760.01  6.8835e-07  -80
4765.01  6.8835e-07  -80
4770.01  6.8835e-07  -80
4775.01  6.8835e-07  -80
4780.01  6.8835e-07  -80
4785.01  6.8835e-07  -80
4790.01  6.8835e-07  -80
4795.01  6.8835e-07  -80
4800.01  6.8835e-07  -80
4805.01  6.8835e-07  -80
4810.01  6.8835e-07  -80
4815.01  6.8835e-07  -80
4820.01  6.8835e-07  -80
4825.01  6.8835e-07  -80
4830.01  6.8835e-07  -80
4835.01  6.8835e-07  -80
4840.01  6.8835e-07  -80
4845.01  6.8835e-07  -80
4850.01  6.8835e-07  -80
4855.01  6.8835e-07  -80
4860.01  6.8835e-07  -80
4865.01  6.8835e-07  -80
4870.01  6.8835e-07  -80
4875.01  6.8835e-07  -80
4880.01  6.8835e-07  -80
4885.01  6.8835e-07  -80
4890.01  6.8835e-07  -80
4895.01  6.8835e-07  -80
4900.01  6.8835e-07  -80
4905.01  6.8835e-07  -80
4910.01  6.8835e-07  -80
4915.01  6.8835e-07  -80
4920.01  6.8835e-07  -80
4925.01  6.8835e-07  -80
4930.01  6.8835e-07  -80
4935.01  6.8835e-07  -80
4940.01  6.8835e-07  -80
4945.01  6.8835e-07  -80
4950.01  6.8835e-07  -80
4955.01  6.8835e-07  -80
4960.01  6.8835e-07  -80
4965.01  6.8835e-07  -80
4970.01  6.8835e-07  -80
4975.01  6.8835e-07  -80
4980.01  6.8835e-07  -80
4985.01  6.8835e-07  -80
4990.01  6.8835e-07  -80
4995.01  6.8835e-07  -80
5000.01  6.8835e-07  -80
5005.01  6.8835e-07  -80
5010.01  6.8835e-07  -80
5015.01  6.8835e-07  -80
5020.01  6.8835e-07  -80
5025.01  6.8835e-07  -80
5030.01  6.8835e-07  -80
5035.01  6.8835e-07  -80
5040.01  6.8835e-07  -80
5045.01  6.8835e-07  -80
5050.01  6.8835e-07  -80
5055.01  6.8835e-07  -80
5060.01  6.8835e-07  -80
5065.01  6.8835e-07  -80
5070.01  6.8835e-07  -80
5075.01  6.8835e-07  -80
5080.01  6.8835e-07  -80
5085.01  6.8835e-07  -80
5090.01  6.8835e-07  -80
5095.01  6.8835e-07  -80
5100.01  6.8835e-07  -80
5105.01  6.8835e-07  -80
5110.01  6.8835e-07  -80
5115.01  6.8835e-07  -80
5120.01  6.8835e-07  -80
5125.01  6.8835e-07  -80
5130.01  6.8835e-07  -80
5135.01  6.8835e-07  -80
5140.01  6.8835e-07  -80
5145.01  6.8835e-07  -80
5150.01  6.8835e-07  -80
5155.01  6.8835e-07  -80
5160.01  6.8835e-07  -80
5165.01  6.8835e-07  -80
5170.01  6.8835e-07  -80
5175.01  6.8835e-07  -80
5180.01  6.8835e-07  -80
5185.01  6.8835e-07  -80
5190.01  6.8835e-07  -80
5195.01  6.8835e-07  -80
5200.01  6.8835e-07  -80
5205.01  6.8835e-07  -80
5210.01  6.8835e-07  -80
5215.01  6.8835e-07  -80
5220.01  6.8835e-07  -80
5225.01  6.8835e-07  -80
5230.01  6.8835e-07  -80
5235.01  6.8835e-07  -80
5240.01  6.8835e-07  -80
5245.01  6.8835e-07  -80
5250.01  6.8835e-07  -80
5255.01  6.8835e-07  -80
5260.01  6.8835e-07  -80
5265.01  6.8835e-07  -80
5270.01  6.8835e-07  -80
5275.01  6.8835e-07  -80
5280.01  6.8835e-07  -80
5285.01  6.8835e-07  -80
5290.01  6.8835e-07  -80
5295.01  6.8835e-07  -80
5300.01  6.8835e-07  -80
5305.01  6.8835e-07  -80
5310.01  6.8835e-07  -80
5315.01  6.8835e-07  -80
5320.01  6.8835e-07  -80
5325.01  6.8835e-07  -80
5330.01  6.8835e-07  -80
5335.01  6.8835e-07  -80
5340.01  6.8835e-07  -80
5345.01  6.8835e-07  -80
5350.01  6.8835e-07  -80
5355.01  6.8835e-07  -80
5360.01  6.8835e-07  -80
5365.01  6.8835e-07  -80
5370.01  6.8835e-07  -80
5375.01  6.8835e-07  -80
5380.01  6.8835e-07  -80
5385.01  6.8835e-07  -80
5390.01  6.8835e-07  -80
5395.01  6.8835e-07  -80
5400.01  6.8835e-07  -80
5405.01  6.8835e-07  -80
5410.01  6.8835e-07  -80
5415.01  6.8835e-07  -80
5420.01  6.8835e-07  -80
5425.01  6.8835e-07  -80
5430.01  6.8835e-07  -80
5435.01  6.8835e-07  -80
5440.01  6.8835e-07  -80
5445.01  6.8835e-07  -80
5450.01  6.8835e-07  -80
5455.01  6.8835e-07  -80
5460.01  6.8835e-07  -80
5465.01  6.8835e-07  -80
5470.01  6.8835e-07  -80
5475.01  6.8835e-07  -80
5480.01  6.8835e-07  -80
5485.01  6.8835e-07  -80
5490.01  6.8835e-07  -80
5495.01  6.8835e-07  -80
5500.01  6.8835e-07  -80
5505.01  6.8835e-07  -80
5510.01  6.8835e-07  -80
5515.01  6.8835e-07  -80
5520.01  6.8835e-07  -80
5525.01  6.8835e-07  -80
5530.01  6.8835e-07  -80
5535.01  6.8835e-07  -80
5540.01  6.8835e-07  -80
5545.01  6.8835e-07  -80
5550.01  6.8835e-07  -80
5555.01  6.8835e-07  -80
5560.01  6.8835e-07  -80
5565.01  6.8835e-07  -80
5570.01  6.8835e-07  -80
5575.01  6.8835e-07  -80
5580.01  6.8835e-07  -80
5585.01  6.8835e-07  -80
5590.01  6.8835e-07  -80
5595.01  6.8835e-07  -80
5600.01  6.8835e-07  -80
5605.01  6.8835e-07  -80
5610.01  6.8835e-07  -80
5615.01  6.8835e-07  -80
5620.01  6.8835e-07  -80
5625.01  6.8835e-07  -80
5630.01  6.8835e-07  -80
5635.01  6.8835e-07  -80
5640.01  6.8835e-07  -80
5645.01  6.8835e-07  -80
5650.01  6.8835e-07  -80
5655.01  6.8835e-07  -80
5660.01  6.8835e-07  -80
5665.01  6.8835e-07  -80
5670.01  6.8835e-07  -80
5675.01  6.8835e-07  -80
5680.01  6.8835e-07  -80
5685.01  6.8835e-07  -80
5690.01  6.8835e-07  -80
5695.01  6.8835e-07  -80
5700.01  6.8835e-07  -80
5705.01  6.8835e-07  -80
5710.01  6.8835e-07  -80
5715.01  6.8835e-07  -80
5720.01  6.8835e-07  -80
5725.01  6.8835e-07  -80
5730.01  6.8835e-07  -80
5735.01  6.8835e-07  -80
5740.01  6.8835e-07  -80
5745.01  6.8835e-07  -80
5750.01  6.8835e-07  -80
5755.01  6.8835e-07  -80
5760.01  6.8835e-07  -80
5765.01  6.8835e-07  -80
5770.01  6.8835e-07  -80
5775.01  6.8835e-07  -80
5780.01  6.8835e-07  -80
5785.01  6.8835e-07  -80
5790.01  6.8835e-07  -80
5795.01  6.8835e-07  -80
5800.01  6.8835e-07  -80
5805.01  6.8835e-07  -80
5810.01  6.8835e-07  -80
5815.01  6.8835e-07  -80
5820.01  6.8835e-07  -80
5825.01  6.8835e-07  -80
5830.01  6.8835e-07  -80
5835.01  6.8835e-07  -80
5840.01  6.8835e-07  -80
5845.01  6.8835e-07  -80
5850.01  6.8835e-07  -80
5855.01  6.8835e-07  -80
5860.01  6.8835e-07  -80
5865.01  6.8835e-07  -80
5870.01  6.8835e-07  -80
5875.01  6.8835e-07  -80
5880.01  6.8835e-07  -80
5885.01  6.8835e-07  -80
5890.01  6.8835e-07  -80
5895.01  6.8835e-07  -80
5900.01  6.8835e-07  -80
5905.01  6.8835e-07  -80
5910.01  6.8835e-07  -80
5915.01  6.8835e-07  -80
5920.01  6.8835e-07  -80
5925.01  6.8835e-07  -80
5930.01  6.8835e-07  -80
5935.01  6.8835e-07  -80
5940.01  6.8835e-07  -80
5945.01  6.8835e-07  -80
5950.01  6.8835e-07  -80
5955.01  6.8835e-07  -80
5960.01  6.8835e-07  -80
5965.01  6.8835e-07  -80
5970.01  6.8835e-07  -80
5975.01  6.8835e-07  -80
5980.01  6.8835e-07  -80
5985.01  6.8835e-07  -80
5990.01  6.8835e-07  -80
5995.01  6.8835e-07  -80
6000.01  6.8835e-07  -80
6005.01  6.8835e-07  -80
6010.01  6.8835e-07  -80
6015.01  6.8835e-07  -80
6020.01  6.8835e-07  -80
6025.01  6.8835e-07  -80
6030.01  6.8835e-07  -80
6035.01  6.8835e-07  -80
6040.01  6.8835e-07  -80
6045.01  6.8835e-07  -80
6050.01  6.8835e-07  -80
6055.01  6.8835e-07  -80
6060.01  6.8835e-07  -80
6065.01  6.8835e-07  -80
6070.01  6.8835e-07  -80
6075.01  6.8835e-07  -80
6080.01  6.8835e-07  -80
6085.01  6.8835e-07  -80
6090.01  6.8835e-07  -80
6095.01  6.8835e-07  -80
6100.01  6.8835e-07  -80
6105.01  6.8835e-07  -80
6110.01  6.8835e-07  -80
6115.01  6.8835e-07  -80
6120.01  6.8835e-07  -80
6125.01  6.8835e-07  -80
6130.01  6.8835e-07  -80
6135.01  6.8835e-07  -80
6140.01  6.8835e-07  -80
6145.01  6.8835e-07  -80
6150.01  6.8835e-07  -80
6155.01  6.8835e-07  -80
6160.01  6.8835e-07  -80
6165.01  6.8835e-07  -80
6170.01  6.8835e-07  -80
6175.01  6.8835e-07  -80
6180.01  6.8835e-07  -80
6185.01  6.8835e-07  -80
6190.01  6.8835e-07  -80
6195.01  6.8835e-07  -80
6200.01  6.8835e-07  -80
6205.01  6.8835e-07  -80
6210.01  6.8835e-07  -80
6215.01  6.8835e-07  -80
6220.01  6.8835e-07  -80
6225.01  6.8835e-07  -80
6230.01  6.8835e-07  -80
6235.01  6.8835e-07  -80
6240.01  6.8835e-07  -80
6245.01  6.8835e-07  -80
6250.01  6.8835e-07  -80
6255.01  6.8835e-07  -80
6260.01  6.8835e-07  -80
6265.01  6.8835e-07  -80
6270.01  6.8835e-07  -80
6275.01  6.8835e-07  -80
6280.01  6.8835e-07  -80
6285.01  6.8835e-07  -80
6290.01  6.8835e-07  -80
6295.01  6.8835e-07  -80
6300.01  6.8835e-07  -80
6305.01  6.8835e-07  -80
6310.01  6.8835e-07  -80
6315.01  6.8835e-07  -80
6320.01  6.8835e-07  -80
6325.01  6.8835e-07  -80
6330.01  6.8835e-07  -80
6335.01  6.8835e-07  -80
6340.01  6.8835e-07  -80
6345.01  6.8835e-07  -80
6350.01  6.8835e-07  -80
6355.01  6.8835e-07  -80
6360.01  6.8835e-07  -80
6365.01  6.8835e-07  -80
6370.01  6.8835e-07  -80
6375.01  6.8835e-07  -80
6380.01  6.8835e-07  -80
6385.01  6.8835e-07  -80
6390.01  6.8835e-07  -80
6395.01  6.8835e-07  -80
6400.01  6.8835e-07  -80
6405.01  6.8835e-07  -80
6410.01  6.8835e-07  -80
6415.01  6.8835e-07  -80
6420.01  6.8835e-07  -80
6425.01  6.8835e-07  -80
6430.01  6.8835e-07  -80
6435.01  6.8835e-07  -80
6440.01  6.8835e-07  -80
6445.01  6.8835e-07  -80
6450.01  6.8835e-07  -80
6455.01  6.8835e-07  -80
6460.01  6.8835e-07  -80
6465.01  6.8835e-07  -80
6470.01  6.8835e-07  -80
6475.01  6.8835e-07  -80
6480.01  6.8835e-07  -80
6485.01  6.8835e-07  -80
6490.01  6.8835e-07  -80
6495.01  6.8835e-07  -80
6500.01  6.8835e-07  -80
6505.01  6.8835e-07  -80
6510.01  6.8835e-07  -80
6515.01  6.8835e-07  -80
6520.01  6.8835e-07  -80
6525.01  6.8835e-07  -80
6530.01  6.8835e-07  -80
6535.01  6.8835e-07  -80
6540.01  6.8835e-07  -80
6545.01  6.8835e-07  -80
6550.01  6.8835e-07  -80
6555.01  6.8835e-07  -80
6560.01  6.8835e-07  -80
6565.01  6.8835e-07  -80
6570.01  6.8835e-07  -80
6575.01  6.8835e-07  -80
6580.01  6.8835e-07  -80
6585.01  6.8835e-07  -80
6590.01  6.8835e-07  -80
6595.01  6.8835e-07  -80
6600.01  6.8835e-07  -80
6605.01  6.8835e-07  -80
6610.01  6.8835e-07  -80
6615.01  6.8835e-07  -80
6620.01  6.8835e-07  -80
6625.01  6.8835e-07  -80
6630.01  6.8835e-07  -80
6635.01  6.8835e-07  -80
6640.01  6.8835e-07  -80
6645.01  6.8835e-07  -80
6650.01  6.8835e-07  -80
6655.01  6.8835e-07  -80
6660.01  6.8835e-07  -80
6665.01  6.8835e-07  -80
6670.01  6.8835e-07  -80
6675.01  6.8835e-07  -80
6680.01  6.8835e-07  -80
6685.01  6.8835e-07  -80
6690.01  6.8835e-07  -80
6695.01  6.8835e-07  -80
6700.01  6.8835e-07  -80
6705.01  6.8835e-07  -80
6710.01  6.8835e-07  -80
6715.01  6.8835e-07  -80
6720.01  6.8835e-07  -80
6725.01  6.8835e-07  -80
6730.01  6.8835e-07  -80
6735.01  6.8835e-07  -80
6740.01  6.8835e-07  -80
6745.01  6.8835e-07  -80
6750.01  6.8835e-07  -80
6755.01  6.8835e-07  -80
6760.01  6.8835e-07  -80
6765.01  6.8835e-07  -80
6770.01  6.8835e-07  -80
6775.01  6.8835e-07  -80
6780.01  6.8835e-07  -80
6785.01  6.8835e-07  -80
6790.01  6.8835e-07  -80
6795.01  6.8835e-07  -80
6800.01  6.8835e-07  -80
6805.01  6.8835e-07  -80
6810.01  6.8835e-07  -80
6815.01  6.8835e-07  -80
6820.01  6.8835e-07  -80
6825.01  6.8835e-07  -80
6830.01  6.8835e-07  -80
6835.01  6.8835e-07  -80
6840.01  6.8835e-07  -80
6845.01  6.8835e-07  -80
6850.01  6.8835e-07  -80
6855.01  6.8835e-07  -80
6860.01  6.8835e-07  -80
6865.01  6.8835e-07  -80
6870.01  6.8835e-07  -80
6875.01  6.8835e-07  -80
6880.01  6.8835e-07  -80
6885.01  6.8835e-07  -80
6890.01  6.8835e-07  -80
6895.01  6.8835e-07  -80
6900.01  6.8835e-07  -80
6905.01  6.8835e-07  -80
6910.01  6.8835e-07  -80
6915.01  6.8835e-07  -80
6920.01  6.8835e-07  -80
6925.01  6.8835e-07  -80
6930.01  6.8835e-07  -80
6935.01  6.8835e-07  -80
6940.01  6.8835e-07  -80
6945.01  6.8835e-07  -80
6950.01  6.8835e-07  -80
6955.01  6.8835e-07  -80
6960.01  6.8835e-07  -80
6965.01  6.8835e-07  -80
6970.01  6.8835e-07  -80
6975.01  6.8835e-07  -80
6980.01  6.8835e-07  -80
6985.01  6.8835e-07  -80
6990.01  6.8835e-07  -80
6995.01  6.8835e-07  -80
7000.01  6.8835e-07  -80
7005.01  6.8835e-07  -80
7010.01  6.8835e-07  -80
7015.01  6.8835e-07  -80
7020.01  6.8835e-07  -80
7025.01  6.8835e-07  -80
7030.01  6.8835e-07  -80
7035.01  6.8835e-07  -80
7040.01  6.8835e-07  -80
7045.01  6.8835e-07  -80
7050.01  6.8835e-07  -80
7055.01  6.8835e-07  -80
7060.01  6.8835e-07  -80
7065.01  6.8835e-07  -80
7070.01  6.8835e-07  -80
7075.01  6.8835e-07  -80
7080.01  6.8835e-07  -80
7085.01  6.8835e-07  -80
7090.01  6.8835e-07  -80
7095.01  6.8835e-07  -80
7100.01  6.8835e-07  -80
7105.01  6.8835e-07  -80
7110.01  6.8835e-07  -80
7115.01  6.8835e-07  -80
7120.01  6.8835e-07  -80
7125.01  6.8835e-07  -80
7130.01  6.8835e-07  -80
7135.01  6.8835e-07  -80
7140.01  6.8835e-07  -80
7145.01  6.8835e-07  -80
7150.01  6.8835e-07  -80
7155.01  6.8835e-07  -80
7160.01  6.8835e-07  -80
7165.01  6.8835e-07  -80
7170.01  6.8835e-07  -80
7175.01  6.8835e-07  -80
7180.01  6.8835e-07  -80
7185.01  6.8835e-07  -80
7190.01  6.8835e-07  -80
7195.01  6.8835e-07  -80
7200.01  6.8835e-07  -80
7205.01  6.8835e-07  -80
7210.01  6.8835e-07  -80
7215.01  6.8835e-07  -80
7220.01  6.8835e-07  -80
7225.01  6.8835e-07  -80
7230.01  6.8835e-07  -80
7235.01  6.8835e-07  -80
7240.01  6.8835e-07  -80
7245.01  6.8835e-07  -80
7250.01  6.8835e-07  -80
7255.01  6.8835e-07  -80
7260.01  6.8835e-07  -80
7265.01  6.8835e-07  -80
7270.01  6.8835e-07  -80
7275.01  6.8835e-07  -80
7280.01  6.8835e-07  -80
7285.01  6.8835e-07  -80
7290.01  6.8835e-07  -80
7295.01  6.8835e-07  -80
7300.01  6.8835e-07  -80
7305.01  6.8835e-07  -80
7310.01  6.8835e-07  -80
7315.01  6.8835e-07  -80
7320.01  6.8835e-07  -80
7325.01  6.8835e-07  -80
7330.01  6.8835e-07  -80
7335.01  6.8835e-07  -80
7340.01  6.8835e-07  -80
7345.01  6.8835e-07  -80
7350.01  6.8835e-07  -80
7355.01  6.8835e-07  -80
7360.01  6.8835e-07  -80
7365.01  6.8835e-07  -80
7370.01  6.8835e-07  -80
7375.01  6.8835e-07  -80
7380.01  6.8835e-07  -80
7385.01  6.8835e-07  -80
7390.01  6.8835e-07  -80
7395.01  6.8835e-07  -80
7400.01  6.8835e-07  -80
7405.01  6.8835e-07  -80
7410.01  6.8835e-07  -80
7415.01  6.8835e-07  -80
7420.01  6.8835e-07  -80
7425.01  6.8835e-07  -80
7430.01  6.8835e-07  -80
7435.01  6.8835e-07  -80
7440.01  6.8835e-07  -80
7445.01  6.8835e-07  -80
7450.01  6.8835e-07  -80
7455.01  6.8835e-07  -80
7460.01  6.8835e-07  -80
7465.01  6.8835e-07  -80
7470.01  6.8835e-07  -80
7475.01  6.8835e-07  -80
7480.01  6.8835e-07  -80
7485.01  6.8835e-07  -80
7490.01  6.8835e-07  -80
7495.01  6.8835e-07  -80
7500.01  6.8835e-07  -80
7505.01  6.8835e-07  -80
7510.01  6.8835e-07  -80
7515.01  6.8835e-07  -80
7520.01  6.8835e-07  -80
7525.01  6.8835e-07  -80
7530.01  6.8835e-07  -80
7535.01  6.8835e-07  -80
7540.01  6.8835e-07  -80
7545.01  6.8835e-07  -80
7550.01  6.8835e-07  -80
7555.01  6.8835e-07  -80
7560.01  6.8835e-07  -80
7565.01  6.8835e-07  -80
7570.01  6.8835e-07  -80
7575.01  6.8835e-07  -80
7580.01  6.8835e-07  -80
7585.01  6.8835e-07  -80
7590.01  6.8835e-07  -80
7595.01  6.8835e-07  -80
7600.01  6.8835e-07  -80
7605.01  6.8835e-07  -80
7610.01  6.8835e-07  -80
7615.01  6.8835e-07  -80
7620.01  6.8835e-07  -80
7625.01  6.8835e-07  -80
7630.01  6.8835e-07  -80
7635.01  6.8835e-07  -80
7640.01  6.8835e-07  -80
7645.01  6.8835e-07  -80
7650.01  6.8835e-07  -80
7655.01  6.8835e-07  -80
7660.01  6.8835e-07  -80
7665.01  6.8835e-07  -80
7670.01  6.8835e-07  -80
7675.01  6.8835e-07  -80
7680.01  6.8835e-07  -80
7685.01  6.8835e-07  -80
7690.01  6.8835e-07  -80
7695.01  6.8835e-07  -80
7700.01  6.8835e-07  -80
7705.01  6.8835e-07  -80
7710.01  6.8835e-07  -80
7715.01  6.8835e-07  -80
7720.01  6.8835e-07  -80
7725.01  6.8835e-07  -80
7730.01  6.8835e-07  -80
7735.01  6.8835e-07  -80
7740.01  6.8835e-07  -80
7745.01  6.8835e-07  -80
7750.01  6.8835e-07  -80
7755.01  6.8835e-07  -80
7760.01  6.8835e-07  -80
7765.01  6.8835e-07  -80
7770.01  6.8835e-07  -80
7775.01  6.8835e-07  -80
7780.01  6.8835e-07  -80
7785.01  6.8835e-07  -80
7790.01  6.8835e-07  -80
7795.01  6.8835e-07  -80
7800.01  6.8835e-07  -80
7805.01  6.8835e-07  -80
7810.01  6.8835e-07  -80
7815.01  6.8835e-07  -80
7820.01  6.8835e-07  -80
7825.01  6.8835e-07  -80
7830.01  6.8835e-07  -80
7835.01  6.8835e-07  -80
7840.01  6.8835e-07  -80
7845.01  6.8835e-07  -80
7850.01  6.8835e-07  -80
7855.01  6.8835e-07  -80
7860.01  6.8835e-07  -80
7865.01  6.8835e-07  -80
7870.01  6.8835e-07  -80
7875.01  6.8835e-07  -80
7880.01  6.8835e-07  -80
7885.01  6.8835e-07  -80
7890.01  6.8835e-07  -80
7895.01  6.8835e-07  -80
7900.01  6.8835e-07  -80
7905.01  6.8835e-07  -80
7910.01  6.8835e-07  -80
7915.01  6.8835e-07  -80
7920.01  6.8835e-07  -80
7925.01  6.8835e-07  -80
7930.01  6.8835e-07  -80
7935.01  6.8835e-07  -80
7940.01  6.8835e-07  -80
7945.01  6.8835e-07  -80
7950.01  6.8835e-07  -80
7955.01  6.8835e-07  -80
7960.01  6.8835e-07  -80
7965.01  6.8835e-07  -80
7970.01  6.8835e-07  -80
7975.01  6.8835e-07  -80
7980.01  6.8835e-07  -80
7985.01  6.8835e-07  -80
7990.01  6.8835e-07  -80
7995.01  6.8835e-07  -80
8000.01  6.8835e-07  -80
8005.01  6.8835e-07  -80
8010.01  6.8835e-07  -80
8015.01  6.8835e-07  -80
8020.01  6.8835e-07  -80
8025.01  6.8835e-07  -80
8030.01  6.8835e-07  -80
8035.01  6.8835e-07  -80
8040.01  6.8835e-07  -80
8045.01  6.8835e-07  -80
8050.01  6.8835e-07  -80
8055.01  6.8835e-07  -80
8060.01  6.8835e-07  -80
8065.01  6.8835e-07  -80
8070.01  6.8835e-07  -80
8075.01  6.8835e-07  -80
8080.01  6.8835e-07  -80
8085.01  6.8835e-07  -80
8090.01  6.8835e-07  -80
8095.01  6.8835e-07  -80
8100.01  6.8835e-07  -80
8105.01  6.8835e-07  -80
8110.01  6.8835e-07  -80
8115.01  6.8835e-07  -80
8120.01  6.8835e-07  -80
8125.01  6.8835e-07  -80
8130.01  6.8835e-07  -80
8135.01  6.8835e-07  -80
8140.01  6.8835e-07  -80
8145.01  6.8835e-07  -80
8150.01  6.8835e-07  -80
8155.01  6.8835e-07  -80
8160.01  6.8835e-07  -80
8165.01  6.8835e-07  -80
8170.01  6.8835e-07  -80
8175.01  6.8835e-07  -80
8180.01  6.8835e-07  -80
8185.01  6.8835e-07  -80
8190.01  6.8835e-07  -80
8195.01  6.8835e-07  -80
8200.01  6.8835e-07  -80
8205.01  6.8835e-07  -80
8210.01  6.8835e-07  -80
8215.01  6.8835e-07  -80
8220.01  6.8835e-07  -80
8225.01  6.8835e-07  -80
8230.01  6.8835e-07  -80
8235.01  6.8835e-07  -80
8240.01  6.8835e-07  -80
8245.01  6.8835e-07  -80
8250.01  6.8835e-07  -80
8255.01  6.8835e-07  -80
8260.01  6.8835e-07  -80
8265.01  6.8835e-07  -80
8270.01  6.8835e-07  -80
8275.01  6.8835e-07  -80
8280.01  6.8835e-07  -80
8285.01  6.8835e-07  -80
8290.01  6.8835e-07  -80
8295.01  6.8835e-07  -80
8300.01  6.8835e-07  -80
8305.01  6.8835e-07  -80
8310.01  6.8835e-07  -80
8315.01  6.8835e-07  -80
8320.01  6.8835e-07  -80
8325.01  6.8835e-07  -80
8330.01  6.8835e-07  -80
8335.01  6.8835e-07  -80
8340.01  6.8835e-07  -80
8345.01  6.8835e-07  -80
8350.01  6.8835e-07  -80
8355.01  6.8835e-07  -80
8360.01  6.8835e-07  -80
8365.01  6.8835e-07  -80
8370.01  6.8835e-07  -80
8375.01  6.8835e-07  -80
8380.01  6.8835e-07  -80
8385.01  6.8835e-07  -80
8390.01  6.8835e-07  -80
8395.01  6.8835e-07  -80
8400.01  6.8835e-07  -80
8405.01  6.8835e-07  -80
8410.01  6.8835e-07  -80
8415.01  6.8835e-07  -80
8420.01  6.8835e-07  -80
8425.01  6.8835e-07  -80
8430.01  6.8835e-07  -80
8435.01  6.8835e-07  -80
8440.01  6.8835e-07  -80
8445.01  6.8835e-07  -80
8450.01  6.8835e-07  -80
8455.01  6.8835e-07  -80
8460.01  6.8835e-07  -80
8465.01  6.8835e-07  -80
8470.01  6.8835e-07  -80
8475.01  6.8835e-07  -80
8480.01  6.8835e-07  -80
8485.01  6.8835e-07  -80
8490.01  6.8835e-07  -80
8495.01  6.8835e-07  -80
8500.01  6.8835e-07  -80
8505.01  6.8835e-07  -80
8510.01  6.8835e-07  -80
8515.01  6.8835e-07  -80
8520.01  6.8835e-07  -80
8525.01  6.8835e-07  -80
8530.01  6.8835e-07  -80
8535.01  6.8835e-07  -80
8540.01  6.8835e-07  -80
8545.01  6.8835e-07  -80
8550.01  6.8835e-07  -80
8555.01  6.8835e-07  -80
8560.01  6.8835e-07  -80
8565.01  6.8835e-07  -80
8570.01  6.8835e-07  -80
8575.01  6.8835e-07  -80
8580.01  6.8835e-07  -80
8585.01  6.8835e-07  -80
8590.01  6.8835e-07  -80
8595.01  6.8835e-07  -80
8600.01  6.8835e-07  -80
8605.01  6.8835e-07  -80
8610.01  6.8835e-07  -80
8615.01  6.8835e-07  -80
8620.01  6.8835e-07  -80
8625.01  6.8835e-07  -80
8630.01  6.8835e-07  -80
8635.01  6.8835e-07  -80
8640.01  6.8835e-07  -80
8645.01  6.8835e-07  -80
8650.01  6.8835e-07  -80
8655.01  6.8835e-07  -80
8660.01  6.8835e-07  -80
8665.01  6.8835e-07  -80
8670.01  6.8835e-07  -80
8675.01  6.8835e-07  -80
8680.01  6.8835e-07  -80
8685.01  6.8835e-07  -80
8690.01  6.8835e-07  -80
8695.01  6.8835e-07  -80
8700.01  6.8835e-07  -80
8705.01  6.8835e-07  -80
8710.01  6.8835e-07  -80
8715.01  6.8835e-07  -80
8720.01  6.8835e-07  -80
8725.01  6.8835e-07  -80
8730.01  6.8835e-07  -80
8735.01  6.8835e-07  -80
8740.01  6.8835e-07  -80
8745.01  6.8835e-07  -80
8750.01  6.8835e-07  -80
8755.01  6.8835e-07  -80
8760.01  6.8835e-07  -80
8765.01  6.8835e-07  -80
8770.01  6.8835e-07  -80
8775.01  6.8835e-07  -80
8780.01  6.8835e-07  -80
8785.01  6.8835e-07  -80
8790.01  6.8835e-07  -80
8795.01  6.8835e-07  -80
8800.01  6.8835e-07  -80
8805.01  6.8835e-07  -80
8810.01  6.8835e-07  -80
8815.01  6.8835e-07  -80
8820.01  6.8835e-07  -80
8825.01  6.8835e-07  -80
8830.01  6.8835e-07  -80
8835.01  6.8835e-07  -80
8840.01  6.8835e-07  -80
8845.01  6.8835e-07  -80
8850.01  6.8835e-07  -80
8855.01  6.8835e-07  -80
8860.01  6.8835e-07  -80
8865.01  6.8835e-07  -80
8870.01  6.8835e-07  -80
8875.01  6.8835e-07  -80
8880.01  6.8835e-07  -80
8885.01  6.8835e-07  -80
8890.01  6.8835e-07  -80
8895.01  6.8835e-07  -80
8900.01  6.8835e-07  -80
8905.01  6.8835e-07  -80
8910.01  6.8835e-07  -80
8915.01  6.8835e-07  -80
8920.01  6.8835e-07  -80
8925.01  6.8835e-07  -80
8930.01  6.8835e-07  -80
8935.01  6.8835e-07  -80
8940.01  6.8835e-07  -80
8945.01  6.8835e-07  -80
8950.01  6.8835e-07  -80
8955.01  6.8835e-07  -80
8960.01  6.8835e-07  -80
8965.01  6.8835e-07  -80
8970.01  6.8835e-07  -80
8975.01  6.8835e-07  -80
8980.01  6.8835e-07  -80
8985.01  6.8835e-07  -80
8990.01  6.8835e-07  -80
8995.01  6.8835e-07  -80
9000.01  6.8835e-07  -80
9005.01  6.8835e-07  -80
9010.01  6.8835e-07  -80
9015.01  6.8835e-07  -80
9020.01  6.8835e-07  -80
9025.01  6.8835e-07  -80
9030.01  6.8835e-07  -80
9035.01  6.8835e-07  -80
9040.01  6.8835e-07  -80
9045.01  6.8835e-07  -80
9050.01  6.8835e-07  -80
9055.01  6.8835e-07  -80
9060.01  6.8835e-07  -80
9065.01  6.8835e-07  -80
9070.01  6.8835e-07  -80
9075.01  6.8835e-07  -80
9080.01  6.8835e-07  -80
9085.01  6.8835e-07  -80
9090.01  6.8835e-07  -80
9095.01  6.8835e-07  -80
9100.01  6.8835e-07  -80
9105.01  6.8835e-07  -80
9110.01  6.8835e-07  -80
9115.01  6.8835e-07  -80
9120.01  6.8835e-07  -80
9125.01  6.8835e-07  -80
9130.01  6.8835e-07  -80
9135.01  6.8835e-07  -80
9140.01  6.8835e-07  -80
9145.01  6.8835e-07  -80
9150.01  6.8835e-07  -80
9155.01  6.8835e-07  -80
9160.01  6.8835e-07  -80
9165  6.8835e-07  -80
9170  6.8835e-07  -80
9175  6.8835e-07  -80
9180  6.8835e-07  -80
9185  6.8835e-07  -80
9190  6.8835e-07  -80
9195  6.8835e-07  -80
9200  6.8835e-07  -80
9205  6.8835e-07  -80
9210  6.8835e-07  -80
9215  6.8835e-07  -80
9220  6.8835e-07  -80
9225  6.8835e-07  -80
9230  6.8835e-07  -80
9235  6.8835e-07  -80
9240  6.8835e-07  -80
9245  6.8835e-07  -80
9250  6.8835e-07  -80
9255  6.8835e-07  -80
9260  6.8835e-07  -80
9265  6.8835e-07  -80
9270  6.8835e-07  -80
9275  6.8835e-07  -80
9280  6.8835e-07  -80
9285  6.8835e-07  -80
9290  6.8835e-07  -80
9295  6.8835e-07  -80
9300  6.8835e-07  -80
9305  6.8835e-07  -80
9310  6.8835e-07  -80
9315  6.8835e-07  -80
9320  6.8835e-07  -80
9325  6.8835e-07  -80
9330  6.8835e-07  -80
9335  6.8835e-07  -80
9340  6.8835e-07  -80
9345  6.8835e-07  -80
9350  6.8835e-07  -80
9355  6.8835e-07  -80
9360  6.8835e-07  -80
9365  6.8835e-07  -80
9370  6.8835e-07  -80
9375  6.8835e-07  -80
9380  6.8835e-07  -80
9385  6.8835e-07  -80
9390  6.8835e-07  -80
9395  6.8835e-07  -80
9400  6.8835e-07  -80
9405  6.8835e-07  -80
9410  6.8835e-07  -80
9415  6.8835e-07  -80
9420  6.8835e-07  -80
9425  6.8835e-07  -80
9430  6.8835e-07  -80
9435  6.8835e-07  -80
9440  6.8835e-07  -80
9445  6.8835e-07  -80
9450  6.8835e-07  -80
9455  6.8835e-07  -80
9460  6.8835e-07  -80
9465  6.8835e-07  -80
9470  6.8835e-07  -80
9475  6.8835e-07  -80
9480  6.8835e-07  -80
9485  6.8835e-07  -80
9490  6.8835e-07  -80
9495  6.8835e-07  -80
9500  6.8835e-07  -80
9505  6.8835e-07  -80
9510  6.8835e-07  -80
9515  6.8835e-07  -80
9520  6.8835e-07  -80
9525  6.8835e-07  -80
9530  6.8835e-07  -80
9535  6.8835e-07  -80
9540  6.8835e-07  -80
9545  6.8835e-07  -80
9550  6.8835e-07  -80
9555  6.8835e-07  -80
9560  6.8835e-07  -80
9565  6.8835e-07  -80
9570  6.8835e-07  -80
9575  6.8835e-07  -80
9580  6.8835e-07  -80
9585  6.8835e-07  -80
9590  6.8835e-07  -80
9595  6.8835e-07  -80
9600  6.8835e-07  -80
9605  6.8835e-07  -80
9610  6.8835e-07  -80
9615  6.8835e-07  -80
9620  6.8835e-07  -80
9625  6.8835e-07  -80
9630  6.8835e-07  -80
9635  6.8835e-07  -80
9640  6.8835e-07  -80
9645  6.8835e-07  -80
9650  6.8835e-07  -80
9655  6.8835e-07  -80
9660  6.8835e-07  -80
9665  6.8835e-07  -80
9670  6.8835e-07  -80
9675  6.8835e-07  -80
9680  6.8835e-07  -80
9685  6.8835e-07  -80
9690  6.8835e-07  -80
9695  6.8835e-07  -80
9700  6.8835e-07  -80
9705  6.8835e-07  -80
9710  6.8835e-07  -80
9715  6.8835e-07  -80
9720  6.8835e-07  -80
9725  6.8835e-07  -80
9730  6.8835e-07  -80
9735  6.8835e-07  -80
9740  6.8835e-07  -80
9745  6.8835e-07  -80
9750  6.8835e-07  -80
9755  6.8835e-07  -80
9760  6.8835e-07  -80
9765  6.8835e-07  -80
9770  6.8835e-07  -80
9775  6.8835e-07  -80
9780  6.8835e-07  -80
9785  6.8835e-07  -80
9790  6.8835e-07  -80
9795  6.8835e-07  -80
9800  6.8835e-07  -80
9805  6.8835e-07  -80
9810  6.8835e-07  -80
9815  6.8835e-07  -80
9820  6.8835e-07  -80
9825  6.8835e-07  -80
9830  6.8835e-07  -80
9835  6.8835e-07  -80
9840  6.8835e-07  -80
9845  6.8835e-07  -80
9850  6.8835e-07  -80
9855  6.8835e-07  -80
9860  6.8835e-07  -80
9865  6.8835e-07  -80
9870  6.8835e-07  -80
9875  6.8835e-07  -80
9880  6.8835e-07  -80
9885  6.8835e-07  -80
9890  6.8835e-07  -80
9895  6.8835e-07  -80
9900  6.8835e-07  -80
9905  6.8835e-07  -80
9910  6.8835e-07  -80
9915  6.8835e-07  -80
9920  6.8835e-07  -80
9925  6.8835e-07  -80
9930  6.8835e-07  -80
9935  6.8835e-07  -80
9940  6.8835e-07  -80
9945  6.8835e-07  -80
9950  6.8835e-07  -80
9955  6.8835e-07  -80
9960  6.8835e-07  -80
9965  6.8835e-07  -80
9970  6.8835e-07  -80
9975  6.8835e-07  -80
9980  6.8835e-07  -80
9985  6.8835e-07  -80
9990  6.8835e-07  -80
9995  6.8835e-07  -80
10000  2.1829e-05  40
10005  0.000721572  40
10010  0.00281709  40
10015  0.00546392  40
10020  0.00805673  40
10025  0.0103111  40
10030  0.0121276  40
10035  0.013504  40
10040  0.014484  40
10045  0.0151288  40
10050  0.0155018  40
10055  0.0156611  40
10060  0.0156569  40
10065  0.0155303  40
10070  0.0153145  40
10075  0.0150353  40
10080  0.0147128  40
10085  0.0143621  40
10090  0.0139945  40
10095  0.0136185  40
10100  0.0132403  40
10105  0.0128641  40
10110  0.0124933  40
10115  0.0121299  40
10120  0.0117755  40
10125  0.0114309  40
10130  0.0110969  40
10135  0.0107736  40
10140  0.0104612  40
10145  0.0101595  40
10150  0.00986858  40
10155  0.00958808  40
10160  0.00931778  40
10165  0.0090574  40
10170  0.00880664  40
10175  0.00856518  40
10180  0.00833272  40
10185  0.00810894  40
10190  0.00789353  40
10195  0.0076862  40
10200  0.00748665  40
10205  0.00729459  40
10210  0.00710974  40
10215  0.00693185  40
10220  0.00676064  40
10225  0.00659588  40
10230  0.00643731  40
10235  0.00628471  40
10240  0.00613786  40
10245  0.00599653  40
10250  0.00586052  40
10255  0.00572962  40
10260  0.00560366  40
10265  0.00548244  40
10270  0.00536577  40
10275  0.00525351  40
10280  0.00514546  40
10285  0.00504149  40
10290  0.00494142  40
10295  0.00484513  40
10300  0.00475245  40
10305  0.00466327  40
10310  0.00457745  40
10315  0.00449485  40
10320  0.00441536  40
10325  0.00433887  40
10330  0.00426526  40
10335  0.00419441  40
10340  0.00412624  40
10345  0.00406063  40
10350  0.00399748  40
10355  0.00393672  40
10360  0.00387824  40
10365  0.00382197  40
10370  0.00376781  40
10375  0.00371569  40
10380  0.00366554  40
10385  0.00361727  40
10390  0.00357082  40
10395  0.00352611  40
10400  0.00348309  40
10405  0.00344169  40
10410  0.00340185  40
10415  0.00336351  40
10420  0.00332661  40
10425  0.0032911  40
10430  0.00325692  40
10435  0.00322404  40
10440  0.00319239  40
10445  0.00316193  40
10450  0.00313262  40
10455  0.00310441  40
10460  0.00307726  40
10465  0.00305114  40
10470  0.003026  40
10475  0.0030018  40
10480  0.00297852  40
10485  0.00295611  40
10490  0.00293455  40
10495  0.0029138  40
10500  0.00289382  40
10505  0.00287461  40
10510  0.00285611  40
10515  0.00283831  40
10520  0.00282118  40
10525  0.0028047  40
10530  0.00278883  40
10535  0.00277356  40
10540  0.00275887  40
10545  0.00274473  40
10550  0.00273113  40
10555  0.00271803  40
10560  0.00270543  40
10565  0.0026933  40
10570  0.00268163  40
10575  0.0026704  40
10580  0.00265959  40
10585  0.00264919  40
10590  0.00263918  40
10595  0.00262954  40
10600  0.00262027  40
10605  0.00261135  40
10610  0.00260276  40
10615  0.0025945  40
10620  0.00258655  40
10625  0.0025789  40
10630  0.00257153  40
10635  0.00256444  40
10640  0.00255762  40
10645  0.00255106  40
10650  0.00254474  40
10655  0.00253866  40
10660  0.00253281  40
10665  0.00252718  40
10670  0.00252177  40
10675  0.00251655  40
10680  0.00251153  40
10685  0.00250671  40
10690  0.00250206  40
10695  0.00249759  40
10700  0.00249328  40
10705  0.00248914  40
10710  0.00248516  40
10715  0.00248132  40
10720  0.00247763  40
10725  0.00247408  40
10730  0.00247066  40
10735  0.00246737  40
10740  0.0024642  40
10745  0.00246115  40
10750  0.00245822  40
10755  0.0024554  40
10760  0.00245268  40
10765  0.00245007  40
10770  0.00244755  40
10775  0.00244513  40
10780  0.0024428  40
10785  0.00244056  40
10790  0.00243841  40
10795  0.00243633  40
10800  0.00243433  40
10805  0.00243241  40
10810  0.00243056  40
10815  0.00242878  40
10820  0.00242706  40
10825  0.00242541  40
10830  0.00242383  40
10835  0.0024223  40
10840  0.00242083  40
10845  0.00241942  40
10850  0.00241805  40
10855  0.00241674  40
10860  0.00241548  40
10865  0.00241427  40
10870  0.0024131  40
10875  0.00241198  40
10880  0.0024109  40
10885  0.00240986  40
10890  0.00240886  40
10895  0.00240789  40
10900  0.00240696  40
10905  0.00240607  40
10910  0.00240521  40
10915  0.00240439  40
10920  0.00240359  40
10925  0.00240283  40
10930  0.00240209  40
10935  0.00240138  40
10940  0.0024007  40
10945  0.00240004  40
10950  0.00239941  40
10955  0.0023988  40
10960  0.00239822  40
10965  0.00239765  40
10970  0.00239711  40
10975  0.00239659  40
10980  0.00239609  40
10985  0.0023956  40
10990  0.00239514  40
10995  0.00239469  40
11000  -0.00118574  -120
11000  0.0011587  -50
11005  0.0415817  -50
11010  0.0764922  -50
11015  0.106618  -50
11020  0.13259  -50
11025  0.154957  -50
11030  0.174196  -50
11035  0.190718  -50
11040  0.204884  -50
11045  0.217005  -50
11050  0.22735  -50
11055  0.236155  -50
11060  0.243623  -50
11065  0.249932  -50
11070  0.255235  -50
11075  0.259665  -50
11080  0.263339  -50
11085  0.266356  -50
11090  0.268804  -50
11095  0.270758  -50
11100  0.272285  -50
11105  0.273442  -50
11110  0.274277  -50
11115  0.274835  -50
11120  0.275152  -50
11125  0.275262  -50
11130  0.275191  -50
11135  0.274965  -50
11140  0.274604  -50
11145  0.274128  -50
11150  0.273552  -50
11155  0.27289  -50
11160  0.272155  -50
11165  0.271356  -50
11170  0.270502  -50
11175  0.269602  -50
11180  0.268663  -50
11185  0.26769  -50
11190  0.266688  -50
11195  0.265662  -50
11200  0.264616  -50
11205  0.263554  -50
11210  0.262477  -50
11215  0.261389  -50
11220  0.260292  -50
11225  0.259188  -50
11230  0.258078  -50
11235  0.256964  -50
11240  0.255847  -50
11245  0.254728  -50
11250  0.253608  -50
11255  0.252488  -50
11260  0.251369  -50
11265  0.25025  -50
11270  0.249134  -50
11275  0.248019  -50
11280  0.246907  -50
11285  0.245798  -50
11290  0.244692  -50
11295  0.243589  -50
11300  0.24249  -50
11305  0.241394  -50
11310  0.240303  -50
11315  0.239215  -50
11320  0.238132  -50
11325  0.237053  -50
11330  0.235978  -50
11335  0.234907  -50
11340  0.233841  -50
11345  0.23278  -50
11350  0.231723  -50
11355  0.23067  -50
11360  0.229622  -50
11365  0.228578  -50
11370  0.22754  -50
11375  0.226505  -50
11380  0.225475  -50
11385  0.22445  -50
11390  0.22343  -50
11395  0.222414  -50
11400  0.221402  -50
11405  0.220395  -50
11410  0.219393  -50
11415  0.218395  -50
11420  0.217401  -50
11425  0.216413  -50
11430  0.215428  -50
11435  0.214448  -50
11440  0.213473  -50
11445  0.212502  -50
11450  0.211535  -50
11455  0.210573  -50
11460  0.209615  -50
11465  0.208662  -50
11470  0.207713  -50
11475  0.206768  -50
11480  0.205827  -50
11485  0.204891  -50
11490  0.203959  -50
11495  0.203032  -50
11500  0.202108  -50
11505  0.201189  -50
11510  0.200274  -50
11515  0.199363  -50
11520  0.198457  -50
11525  0.197554  -50
11530  0.196656  -50
11535  0.195762  -50
11540  0.194872  -50
11545  0.193985  -50
11550  0.193103  -50
11555  0.192225  -50
11560  0.191351  -50
11565  0.190481  -50
11570  0.189615  -50
11575  0.188753  -50
11580  0.187895  -50
11585  0.187041  -50
11590  0.186191  -50
11595  0.185344  -50
11600  0.184502  -50
11605  0.183663  -50
11610  0.182828  -50
11615  0.181997  -50
11620  0.18117  -50
11625  0.180347  -50
11630  0.179527  -50
11635  0.178711  -50
11640  0.177899  -50
11645  0.177091  -50
11650  0.176286  -50
11655  0.175485  -50
11660  0.174687  -50
11665  0.173894  -50
11670  0.173103  -50
11675  0.172317  -50
11680  0.171534  -50
11685  0.170755  -50
11690  0.169979  -50
11695  0.169207  -50
11700  0.168438  -50
11705  0.167673  -50
11710  0.166911  -50
11715  0.166153  -50
11720  0.165398  -50
11725  0.164647  -50
11730  0.163899  -50
11735  0.163155  -50
11740  0.162414  -50
11745  0.161676  -50
11750  0.160942  -50
11755  0.160211  -50
11760  0.159483  -50
11765  0.158759  -50
11770  0.158038  -50
11775  0.157321  -50
11780  0.156606  -50
11785  0.155895  -50
11790  0.155187  -50
11795  0.154483  -50
11800  0.153781  -50
11805  0.153083  -50
11810  0.152388  -50
11815  0.151697  -50
11820  0.151008  -50
11825  0.150323  -50
11830  0.14964  -50
11835  0.148961  -50
11840  0.148285  -50
11845  0.147612  -50
11850  0.146942  -50
11855  0.146275  -50
11860  0.145611  -50
11865  0.144951  -50
11870  0.144293  -50
11875  0.143638  -50
11880  0.142986  -50
11885  0.142338  -50
11890  0.141692  -50
11895  0.141049  -50
11900  0.140409  -50
11905  0.139772  -50
11910  0.139138  -50
11915  0.138507  -50
11920  0.137879  -50
11925  0.137253  -50
11930  0.136631  -50
11935  0.136011  -50
11940  0.135394  -50
11945  0.13478  -50
11950  0.134169  -50
11955  0.13356  -50
11960  0.132955  -50
11965  0.132352  -50
11970  0.131752  -50
11975  0.131154  -50
11980  0.13056  -50
11985  0.129968  -50
11990  0.129379  -50
11995  0.128792  -50
12000  0.128208  -50
12005  0.127627  -50
12010  0.127049  -50
12015  0.126473  -50
12020  0.1259  -50
12025  0.125329  -50
12030  0.124761  -50
12035  0.124196  -50
12040  0.123633  -50
12045  0.123073  -50
12050  0.122515  -50
12055  0.12196  -50
12060  0.121407  -50
12065  0.120857  -50
12070  0.12031  -50
12075  0.119765  -50
12080  0.119222  -50
12085  0.118682  -50
12090  0.118144  -50
12095  0.117609  -50
12100  0.117077  -50
12105  0.116546  -50
12110  0.116019  -50
12115  0.115493  -50
12120  0.11497  -50
12125  0.11445  -50
12130  0.113931  -50
12135  0.113416  -50
12140  0.112902  -50
12145  0.112391  -50
12150  0.111882  -50
12155  0.111376  -50
12160  0.110871  -50
12165  0.11037  -50
12170  0.10987  -50
12175  0.109373  -50
12180  0.108878  -50
12185  0.108385  -50
12190  0.107895  -50
12195  0.107406  -50
12200  0.10692  -50
12205  0.106437  -50
12210  0.105955  -50
12215  0.105476  -50
12220  0.104998  -50
12225  0.104523  -50
12230  0.104051  -50
12235  0.10358  -50
12240  0.103111  -50
12245  0.102645  -50
12250  0.102181  -50
12255  0.101719  -50
12260  0.101259  -50
12265  0.100801  -50
12270  0.100345  -50
12275  0.0998914  -50
12280  0.0994397  -50
12285  0.0989902  -50
12290  0.0985427  -50
12295  0.0980972  -50
12300  0.0976538  -50
12305  0.0972124  -50
12310  0.096773  -50
12315  0.0963357  -50
12320  0.0959003  -50
12325  0.0954669  -50
12330  0.0950355  -50
12335  0.0946061  -50
12340  0.0941787  -50
12345  0.0937532  -50
12350  0.0933296  -50
12355  0.092908  -50
12360  0.0924883  -50
12365  0.0920705  -50
12370  0.0916547  -50
12375  0.0912407  -50
12380  0.0908287  -50
12385  0.0904185  -50
12390  0.0900102  -50
12395  0.0896038  -50
12400  0.0891992  -50
12405  0.0887965  -50
12410  0.0883956  -50
12415  0.0879966  -50
12420  0.0875993  -50
12425  0.0872039  -50
12430  0.0868103  -50
12435  0.0864186  -50
12440  0.0860286  -50
12445  0.0856403  -50
12450  0.0852539  -50
12455  0.0848692  -50
12460  0.0844863  -50
12465  0.0841051  -50
12470  0.0837257  -50
12475  0.083348  -50
12480  0.0829721  -50
12485  0.0825979  -50
12490  0.0822253  -50
12495  0.0818545  -50
12500  0.0814854  -50
12505  0.0811179  -50
12510  0.0807522  -50
12515  0.0803881  -50
12520  0.0800257  -50
12525  0.0796649  -50
12530  0.0793058  -50
12535  0.0789484  -50
12540  0.0785925  -50
12545  0.0782383  -50
12550  0.0778858  -50
12555  0.0775348  -50
12560  0.0771854  -50
12565  0.0768377  -50
12570  0.0764915  -50
12575  0.0761469  -50
12580  0.0758039  -50
12585  0.0754624  -50
12590  0.0751225  -50
12595  0.0747842  -50
12600  0.0744474  -50
12605  0.0741122  -50
12610  0.0737785  -50
12615  0.0734463  -50
12620  0.0731156  -50
12625  0.0727865  -50
12630  0.0724588  -50
12635  0.0721327  -50
12640  0.071808  -50
12645  0.0714849  -50
12650  0.0711632  -50
12655  0.070843  -50
12660  0.0705242  -50
12665  0.0702069  -50
12670  0.0698911  -50
12675  0.0695767  -50
12680  0.0692637  -50
12685  0.0689522  -50
12690  0.0686421  -50
12695  0.0683334  -50
12700  0.0680261  -50
12705  0.0677203  -50
12710  0.0674158  -50
12715  0.0671127  -50
12720  0.066811  -50
12725  0.0665107  -50
12730  0.0662118  -50
12735  0.0659142  -50
12740  0.065618  -50
12745  0.0653231  -50
12750  0.0650296  -50
12755  0.0647375  -50
12760  0.0644467  -50
12765  0.0641572  -50
12770  0.063869  -50
12775  0.0635821  -50
12780  0.0632966  -50
12785  0.0630124  -50
12790  0.0627294  -50
12795  0.0624478  -50
12800  0.0621674  -50
12805  0.0618884  -50
12810  0.0616106  -50
12815  0.0613341  -50
12820  0.0610588  -50
12825  0.0607848  -50
12830  0.0605121  -50
12835  0.0602406  -50
12840  0.0599703  -50
12845  0.0597013  -50
12850  0.0594335  -50
12855  0.0591669  -50
12860  0.0589016  -50
12865  0.0586375  -50
12870  0.0583745  -50
12875  0.0581128  -50
12880  0.0578523  -50
12885  0.057593  -50
12890  0.0573348  -50
12895  0.0570779  -50
12900  0.0568221  -50
12905  0.0565675  -50
12910  0.056314  -50
12915  0.0560617  -50
12920  0.0558106  -50
12925  0.0555606  -50
12930  0.0553117  -50
12935  0.055064  -50
12940  0.0548174  -50
12945  0.054572  -50
12950  0.0543277  -50
12955  0.0540845  -50
12960  0.0538424  -50
12965  0.0536014  -50
12970  0.0533615  -50
12975  0.0531227  -50
12980  0.052885  -50
12985  0.0526484  -50
12990  0.0524129  -50
12995  0.0521784  -50
13000  0.0519451  -50
13005  0.0517127  -50
13010  0.0514815  -50
13015  0.0512513  -50
13020  0.0510222  -50
13025  0.0507941  -50
13030  0.050567  -50
13035  0.050341  -50
13040  0.0501161  -50
13045  0.0498921  -50
13050  0.0496692  -50
13055  0.0494473  -50
13060  0.0492264  -50
13065  0.0490066  -50
13070  0.0487877  -50
13075  0.0485698  -50
13080  0.048353  -50
13085  0.0481371  -50
13090  0.0479222  -50
13095  0.0477083  -50
13100  0.0474953  -50
13105  0.0472834  -50
13110  0.0470724  -50
13115  0.0468624  -50
13120  0.0466533  -50
13125  0.0464452  -50
13130  0.0462381  -50
13135  0.0460319  -50
13140  0.0458266  -50
13145  0.0456223  -50
13150  0.0454189  -50
13155  0.0452165  -50
13160  0.0450149  -50
13165  0.0448143  -50
13170  0.0446146  -50
13175  0.0444158  -50
13180  0.044218  -50
13185  0.044021  -50
13190  0.043825  -50
13195  0.0436298  -50
13200  0.0434355  -50
13205  0.0432421  -50
13210  0.0430496  -50
13215  0.042858  -50
13220  0.0426673  -50
13225  0.0424774  -50
13230  0.0422884  -50
13235  0.0421003  -50
13240  0.041913  -50
13245  0.0417266  -50
13250  0.041541  -50
13255  0.0413563  -50
13260  0.0411724  -50
13265  0.0409894  -50
13270  0.0408072  -50
13275  0.0406258  -50
13280  0.0404453  -50
13285  0.0402656  -50
13290  0.0400867  -50
13295  0.0399086  -50
13300  0.0397314  -50
13305  0.039555  -50
13310  0.0393793  -50
13315  0.0392045  -50
13320  0.0390305  -50
13325  0.0388572  -50
13330  0.0386848  -50
13335  0.0385131  -50
13340  0.0383423  -50
13345  0.0381722  -50
13350  0.0380029  -50
13355  0.0378343  -50
13360  0.0376666  -50
13365  0.0374996  -50
13370  0.0373334  -50
13375  0.0371679  -50
13380  0.0370032  -50
13385  0.0368392  -50
13390  0.036676  -50
13395  0.0365135  -50
13400  0.0363518  -50
13405  0.0361908  -50
13410  0.0360306  -50
13415  0.0358711  -50
13420  0.0357123  -50
13425  0.0355542  -50
13430  0.0353969  -50
13435  0.0352403  -50
13440  0.0350844  -50
13445  0.0349292  -50
13450  0.0347748  -50
13455  0.034621  -50
13460  0.0344679  -50
13465  0.0343156  -50
13470  0.0341639  -50
13475  0.0340129  -50
13480  0.0338626  -50
13485  0.033713  -50
13490  0.0335641  -50
13495  0.0334159  -50
13500  0.0332684  -50
13505  0.0331215  -50
13510  0.0329753  -50
13515  0.0328297  -50
13520  0.0326849  -50
13525  0.0325407  -50
13530  0.0323971  -50
13535  0.0322542  -50
13540  0.032112  -50
13545  0.0319704  -50
13550  0.0318295  -50
13555  0.0316892  -50
13560  0.0315495  -50
13565  0.0314105  -50
13570  0.0312721  -50
13575  0.0311344  -50
13580  0.0309973  -50
13585  0.0308608  -50
13590  0.0307249  -50
13595  0.0305897  -50
13600  0.0304551  -50
13605  0.030321  -50
13610  0.0301877  -50
13615  0.0300549  -50
13620  0.0299227  -50
13625  0.0297911  -50
13630  0.0296602  -50
13635  0.0295298  -50
13640  0.0294  -50
13645  0.0292708  -50
13650  0.0291422  -50
13655  0.0290142  -50
13660  0.0288868  -50
13665  0.02876  -50
13670  0.0286337  -50
13675  0.0285081  -50
13680  0.028383  -50
13685  0.0282584  -50
13690  0.0281345  -50
13695  0.0280111  -50
13700  0.0278882  -50
13705  0.027766  -50
13710  0.0276443  -50
13715  0.0275231  -50
13720  0.0274025  -50
13725  0.0272825  -50
13730  0.027163  -50
13735  0.027044  -50
13740  0.0269256  -50
13745  0.0268078  -50
13750  0.0266905  -50
13755  0.0265737  -50
13760  0.0264574  -50
13765  0.0263417  -50
13770  0.0262265  -50
13775  0.0261118  -50
13780  0.0259977  -50
13785  0.0258841  -50
13790  0.025771  -50
13795  0.0256584  -50
13800  0.0255463  -50
13805  0.0254348  -50
13810  0.0253237  -50
13815  0.0252132  -50
13820  0.0251032  -50
13825  0.0249937  -50
13830  0.0248846  -50
13835  0.0247761  -50
13840  0.0246681  -50
13845  0.0245605  -50
13850  0.0244535  -50
13855  0.0243469  -50
13860  0.0242409  -50
13865  0.0241353  -50
13870  0.0240302  -50
13875  0.0239256  -50
13880  0.0238214  -50
13885  0.0237178  -50
13890  0.0236146  -50
13895  0.0235119  -50
13900  0.0234096  -50
13905  0.0233078  -50
13910  0.0232065  -50
13915  0.0231057  -50
13920  0.0230053  -50
13925  0.0229054  -50
13930  0.0228059  -50
13935  0.0227069  -50
13940  0.0226083  -50
13945  0.0225102  -50
13950  0.0224125  -50
13955  0.0223153  -50
13960  0.0222185  -50
13965  0.0221222  -50
13970  0.0220263  -50
13975  0.0219309  -50
13980  0.0218359  -50
13985  0.0217413  -50
13990  0.0216471  -50
13995  0.0215534  -50
14000  0.0214601  -50
14005  0.0213673  -50
14010  0.0212748  -50
14015  0.0211828  -50
14020  0.0210912  -50
14025  0.021  -50
14030  0.0209093  -50
14035  0.0208189  -50
14040  0.020729  -50
14045  0.0206395  -50
14050  0.0205504  -50
14055  0.0204617  -50
14060  0.0203734  -50
14065  0.0202855  -50
14070  0.020198  -50
14075  0.0201109  -50
14080  0.0200242  -50
14085  0.0199379  -50
14090  0.019852  -50
14095  0.0197665  -50
14100  0.0196814  -50
14105  0.0195967  -50
14110  0.0195124  -50
14115  0.0194284  -50
14120  0.0193448  -50
14125  0.0192617  -50
14130  0.0191789  -50
14135  0.0190964  -50
14140  0.0190144  -50
14145  0.0189327  -50
14150  0.0188514  -50
14155  0.0187705  -50
14160  0.0186899  -50
14165  0.0186097  -50
14170  0.0185299  -50
14175  0.0184505  -50
14180  0.0183714  -50
14185  0.0182926  -50
14190  0.0182143  -50
14195  0.0181362  -50
14200  0.0180586  -50
14205  0.0179813  -50
14210  0.0179043  -50
14215  0.0178277  -50
14220  0.0177515  -50
14225  0.0176756  -50
14230  0.0176  -50
14235  0.0175248  -50
14240  0.01745  -50
14245  0.0173755  -50
14250  0.0173013  -50
14255  0.0172274  -50
14260  0.0171539  -50
14265  0.0170808  -50
14270  0.017008  -50
14275  0.0169355  -50
14280  0.0168633  -50
14285  0.0167915  -50
14290  0.01672  -50
14295  0.0166488  -50
14300  0.0165779  -50
14305  0.0165074  -50
14310  0.0164372  -50
14315  0.0163673  -50
14320  0.0162977  -50
14325  0.0162285  -50
14330  0.0161596  -50
14335  0.0160909  -50
14340  0.0160226  -50
14345  0.0159547  -50
14350  0.015887  -50
14355  0.0158196  -50
14360  0.0157526  -50
14365  0.0156858  -50
14370  0.0156194  -50
14375  0.0155532  -50
14380  0.0154874  -50
14385  0.0154218  -50
14390  0.0153566  -50
14395  0.0152916  -50
14400  0.015227  -50
14405  0.0151626  -50
14410  0.0150986  -50
14415  0.0150348  -50
14420  0.0149714  -50
14425  0.0149082  -50
14430  0.0148453  -50
14435  0.0147827  -50
14440  0.0147204  -50
14445  0.0146583  -50
14450  0.0145966  -50
14455  0.0145351  -50
14460  0.0144739  -50
14465  0.014413  -50
14470  0.0143524  -50
14475  0.0142921  -50
14480  0.014232  -50
14485  0.0141722  -50
14490  0.0141127  -50
14495  0.0140534  -50
14500  0.0139944  -50
14505  0.0139357  -50
14510  0.0138773  -50
14515  0.0138191  -50
14520  0.0137612  -50
14525  0.0137036  -50
14530  0.0136462  -50
14535  0.0135891  -50
14540  0.0135322  -50
14545  0.0134756  -50
14550  0.0134193  -50
14555  0.0133632  -50
14560  0.0133074  -50
14565  0.0132518  -50
14570  0.0131965  -50
14575  0.0131414  -50
14580  0.0130866  -50
14585  0.0130321  -50
14590  0.0129777  -50
14595  0.0129237  -50
14600  0.0128699  -50
14605  0.0128163  -50
14610  0.012763  -50
14615  0.0127099  -50
14620  0.0126571  -50
14625  0.0126045  -50
14630  0.0125521  -50
14635  0.0125  -50
14640  0.0124481  -50
14645  0.0123965  -50
14650  0.0123451  -50
14655  0.0122939  -50
14660  0.012243  -50
14665  0.0121923  -50
14670  0.0121418  -50
14675  0.0120916  -50
14680  0.0120416  -50
14685  0.0119918  -50
14690  0.0119423  -50
14695  0.0118929  -50
14700  0.0118438  -50
14705  0.011795  -50
14710  0.0117463  -50
14715  0.0116979  -50
14720  0.0116497  -50
14725  0.0116017  -50
14730  0.0115539  -50
14735  0.0115064  -50
14740  0.011459  -50
14745  0.0114119  -50
14750  0.011365  -50
14755  0.0113184  -50
14760  0.0112719  -50
14765  0.0112256  -50
14770  0.0111796  -50
14775  0.0111337  -50
14780  0.0110881  -50
14785  0.0110427  -50
14790  0.0109975  -50
14795  0.0109525  -50
14800  0.0109077  -50
14805  0.0108631  -50
14810  0.0108187  -50
14815  0.0107745  -50
14820  0.0107306  -50
14825  0.0106868  -50
14830  0.0106432  -50
14835  0.0105998  -50
14840  0.0105566  -50
14845  0.0105136  -50
14850  0.0104708  -50
14855  0.0104283  -50
14860  0.0103859  -50
14865  0.0103437  -50
14870  0.0103016  -50
14875  0.0102598  -50
14880  0.0102182  -50
14885  0.0101768  -50
14890  0.0101355  -50
14895  0.0100945  -50
14900  0.0100536  -50
14905  0.0100129  -50
14910  0.0099724  -50
14915  0.00993208  -50
14920  0.00989196  -50
14925  0.00985201  -50
14930  0.00981225  -50
14935  0.00977267  -50
14940  0.00973327  -50
14945  0.00969405  -50
14950  0.00965501  -50
14955  0.00961615  -50
14960  0.00957747  -50
