0.005  3.92879e-17  -80
5.005  1.14013e-09  -80
10.005  4.2923e-09  -80
15.005  9.05012e-09  -80
20.005  1.50802e-08  -80
25.005  2.2109e-08  -80
30.005  2.99117e-08  -80
35.005  3.83036e-08  -80
40.005  4.71329e-08  -80
45.005  5.62747e-08  -80
50.005  6.56267e-08  -80
55.005  7.51047e-08  -80
60.005  8.46399e-08  -80
65.005  9.41762e-08  -80
70.005  1.03668e-07  -80
75.005  1.13077e-07  -80
80.005  1.22375e-07  -80
85.005  1.31538e-07  -80
90.005  1.40546e-07  -80
95.005  1.49385e-07  -80
100.005  1.58044e-07  -80
105.005  1.66515e-07  -80
110.005  1.7479e-07  -80
115.005  1.82868e-07  -80
120.005  1.90744e-07  -80
125.005  1.98418e-07  -80
130.005  2.0589e-07  -80
135.005  2.13162e-07  -80
140.005  2.20235e-07  -80
145.005  2.27111e-07  -80
150.005  2.33793e-07  -80
155.005  2.40285e-07  -80
160.005  2.4659e-07  -80
165.005  2.52711e-07  -80
170.005  2.58654e-07  -80
175.005  2.64421e-07  -80
180.005  2.70017e-07  -80
185.005  2.75447e-07  -80
190.005  2.80715e-07  -80
195.005  2.85824e-07  -80
200.005  2.90779e-07  -80
205.005  2.95584e-07  -80
210.005  3.00244e-07  -80
215.005  3.04763e-07  -80
220.005  3.09144e-07  -80
225.005  3.13391e-07  -80
230.005  3.17509e-07  -80
235.005  3.21501e-07  -80
240.005  3.25371e-07  -80
245.005  3.29122e-07  -80
250.005  3.32758e-07  -80
255.005  3.36283e-07  -80
260.005  3.39699e-07  -80
265.005  3.43011e-07  -80
270.005  3.4622e-07  -80
275.005  3.49331e-07  -80
280.005  3.52346e-07  -80
285.005  3.55269e-07  -80
290.005  3.58101e-07  -80
295.005  3.60846e-07  -80
300.005  3.63507e-07  -80
305.005  3.66085e-07  -80
310.005  3.68584e-07  -80
315.005  3.71006e-07  -80
320.005  3.73354e-07  -80
325.005  3.75629e-07  -80
330.005  3.77833e-07  -80
335.005  3.7997e-07  -80
340.005  3.82041e-07  -80
345.005  3.84048e-07  -80
350.005  3.85993e-07  -80
355.005  3.87878e-07  -80
360.005  3.89705e-07  -80
365.005  3.91475e-07  -80
370.005  3.93191e-07  -80
375.005  3.94854e-07  -80
380.005  3.96466e-07  -80
385.005  3.98027e-07  -80
390.005  3.99541e-07  -80
395.005  4.01008e-07  -80
400.005  4.0243e-07  -80
405.005  4.03807e-07  -80
410.005  4.05143e-07  -80
415.005  4.06437e-07  -80
420.005  4.07691e-07  -80
425.005  4.08906e-07  -80
430.005  4.10084e-07  -80
435.005  4.11226e-07  -80
440.005  4.12332e-07  -80
445.005  4.13404e-07  -80
450.005  4.14443e-07  -80
455.005  4.1545e-07  -80
460.005  4.16426e-07  -80
465.005  4.17371e-07  -80
470.005  4.18288e-07  -80
475.005  4.19176e-07  -80
480.005  4.20037e-07  -80
485.005  4.20871e-07  -80
490.005  4.2168e-07  -80
495.005  4.22463e-07  -80
500.005  4.23223e-07  -80
505.005  4.23959e-07  -80
510.005  4.24672e-07  -80
515.005  4.25363e-07  -80
520.005  4.26033e-07  -80
525.005  4.26682e-07  -80
530.005  4.27311e-07  -80
535.005  4.27921e-07  -80
540.005  4.28512e-07  -80
545.005  4.29084e-07  -80
550.005  4.29639e-07  -80
555.005  4.30177e-07  -80
560.005  4.30698e-07  -80
565.005  4.31204e-07  -80
570.005  4.31693e-07  -80
575.005  4.32168e-07  -80
580.005  4.32627e-07  -80
585.005  4.33073e-07  -80
590.005  4.33505e-07  -80
595.005  4.33923e-07  -80
600.005  4.34329e-07  -80
605.005  4.34722e-07  -80
610.005  4.35103e-07  -80
615.005  4.35472e-07  -80
620.005  4.3583e-07  -80
625.005  4.36177e-07  -80
630.005  4.36513e-07  -80
635.005  4.36838e-07  -80
640.005  4.37154e-07  -80
645.005  4.3746e-07  -80
650.005  4.37756e-07  -80
655.005  4.38043e-07  -80
660.005  4.38322e-07  -80
665.005  4.38592e-07  -80
670.005  4.38853e-07  -80
675.005  4.39107e-07  -80
680.005  4.39352e-07  -80
685.005  4.3959e-07  -80
690.005  4.39821e-07  -80
695.005  4.40044e-07  -80
700.005  4.40261e-07  -80
705.005  4.40471e-07  -80
710.005  4.40674e-07  -80
715.005  4.40872e-07  -80
720.005  4.41063e-07  -80
725.005  4.41248e-07  -80
730.005  4.41427e-07  -80
735.005  4.41601e-07  -80
740.005  4.4177e-07  -80
745.005  4.41933e-07  -80
750.005  4.42092e-07  -80
755.005  4.42245e-07  -80
760.005  4.42394e-07  -80
765.005  4.42538e-07  -80
770.005  4.42677e-07  -80
775.005  4.42813e-07  -80
780.005  4.42944e-07  -80
785.005  4.43071e-07  -80
790.005  4.43194e-07  -80
795.005  4.43314e-07  -80
800.005  4.43429e-07  -80
805.005  4.43542e-07  -80
810.005  4.4365e-07  -80
815.005  4.43756e-07  -80
820.005  4.43858e-07  -80
825.005  4.43957e-07  -80
830.005  4.44052e-07  -80
835.005  4.44145e-07  -80
840.005  4.44235e-07  -80
845.005  4.44323e-07  -80
850.005  4.44407e-07  -80
855.005  4.44489e-07  -80
860.005  4.44569e-07  -80
865.005  4.44646e-07  -80
870.005  4.4472e-07  -80
875.005  4.44792e-07  -80
880.005  4.44862e-07  -80
885.005  4.4493e-07  -80
890.005  4.44996e-07  -80
895.005  4.4506e-07  -80
900.005  4.45122e-07  -80
905.005  4.45182e-07  -80
910.005  4.4524e-07  -80
915.005  4.45296e-07  -80
920.005  4.4535e-07  -80
925.005  4.45403e-07  -80
930.005  4.45455e-07  -80
935.005  4.45504e-07  -80
940.005  4.45552e-07  -80
945.005  4.45599e-07  -80
950.005  4.45644e-07  -80
955.005  4.45688e-07  -80
960.005  4.4573e-07  -80
965.005  4.45771e-07  -80
970.005  4.45811e-07  -80
975.005  4.4585e-07  -80
980.005  4.45887e-07  -80
985.005  4.45923e-07  -80
990.005  4.45959e-07  -80
995.005  4.45993e-07  -80
1000  4.46026e-07  -80
1005  4.46058e-07  -80
1010  4.46089e-07  -80
1015  4.46119e-07  -80
1020  4.46148e-07  -80
1025  4.46176e-07  -80
1030  4.46203e-07  -80
1035  4.4623e-07  -80
1040  4.46256e-07  -80
1045  4.4628e-07  -80
1050  4.46305e-07  -80
1055  4.46328e-07  -80
1060  4.46351e-07  -80
1065.01  4.46373e-07  -80
1070.01  4.46394e-07  -80
1075.01  4.46415e-07  -80
1080.01  4.46435e-07  -80
1085.01  4.46454e-07  -80
1090.01  4.46473e-07  -80
1095.01  4.46491e-07  -80
1100.01  4.46508e-07  -80
1105.01  4.46526e-07  -80
1110.01  4.46542e-07  -80
1115.01  4.46558e-07  -80
1120.01  4.46574e-07  -80
1125.01  4.46589e-07  -80
1130.01  4.46603e-07  -80
1135.01  4.46618e-07  -80
1140.01  4.46631e-07  -80
1145.01  4.46645e-07  -80
1150.01  4.46657e-07  -80
1155.01  4.4667e-07  -80
1160.01  4.46682e-07  -80
1165.01  4.46694e-07  -80
1170.01  4.46705e-07  -80
1175.01  4.46716e-07  -80
1180.01  4.46727e-07  -80
1185.01  4.46737e-07  -80
1190.01  4.46747e-07  -80
1195.01  4.46757e-07  -80
1200.01  4.46766e-07  -80
1205.01  4.46775e-07  -80
1210.01  4.46784e-07  -80
1215.01  4.46793e-07  -80
1220.01  4.46801e-07  -80
1225.01  4.46809e-07  -80
1230.01  4.46817e-07  -80
1235.01  4.46825e-07  -80
1240.01  4.46832e-07  -80
1245.01  4.46839e-07  -80
1250.01  4.46846e-07  -80
1255.01  4.46853e-07  -80
1260.01  4.46859e-07  -80
1265.01  4.46865e-07  -80
1270.01  4.46871e-07  -80
1275.01  4.46877e-07  -80
1280.01  4.46883e-07  -80
1285.01  4.46889e-07  -80
1290.01  4.46894e-07  -80
1295.01  4.46899e-07  -80
1300.01  4.46904e-07  -80
1305.01  4.46909e-07  -80
1310.01  4.46914e-07  -80
1315.01  4.46918e-07  -80
1320.01  4.46923e-07  -80
1325.01  4.46927e-07  -80
1330.01  4.46931e-07  -80
1335.01  4.46935e-07  -80
1340.01  4.46939e-07  -80
1345.01  4.46943e-07  -80
1350.01  4.46947e-07  -80
1355.01  4.4695e-07  -80
1360.01  4.46954e-07  -80
1365.01  4.46957e-07  -80
1370.01  4.4696e-07  -80
1375.01  4.46963e-07  -80
1380.01  4.46966e-07  -80
1385.01  4.46969e-07  -80
1390.01  4.46972e-07  -80
1395.01  4.46975e-07  -80
1400.01  4.46978e-07  -80
1405.01  4.4698e-07  -80
1410.01  4.46983e-07  -80
1415.01  4.46985e-07  -80
1420.01  4.46988e-07  -80
1425.01  4.4699e-07  -80
1430.01  4.46992e-07  -80
1435.01  4.46994e-07  -80
1440.01  4.46996e-07  -80
1445.01  4.46998e-07  -80
1450.01  4.47e-07  -80
1455.01  4.47002e-07  -80
1460.01  4.47004e-07  -80
1465.01  4.47006e-07  -80
1470.01  4.47008e-07  -80
1475.01  4.47009e-07  -80
1480.01  4.47011e-07  -80
1485.01  4.47013e-07  -80
1490.01  4.47014e-07  -80
1495.01  4.47016e-07  -80
1500.01  4.47017e-07  -80
1505.01  4.47018e-07  -80
1510.01  4.4702e-07  -80
1515.01  4.47021e-07  -80
1520.01  4.47022e-07  -80
1525.01  4.47024e-07  -80
1530.01  4.47025e-07  -80
1535.01  4.47026e-07  -80
1540.01  4.47027e-07  -80
1545.01  4.47028e-07  -80
1550.01  4.47029e-07  -80
1555.01  4.4703e-07  -80
1560.01  4.47031e-07  -80
1565.01  4.47032e-07  -80
1570.01  4.47033e-07  -80
1575.01  4.47034e-07  -80
1580.01  4.47035e-07  -80
1585.01  4.47036e-07  -80
1590.01  4.47036e-07  -80
1595.01  4.47037e-07  -80
1600.01  4.47038e-07  -80
1605.01  4.47039e-07  -80
1610.01  4.47039e-07  -80
1615.01  4.4704e-07  -80
1620.01  4.47041e-07  -80
1625.01  4.47041e-07  -80
1630.01  4.47042e-07  -80
1635.01  4.47043e-07  -80
1640.01  4.47043e-07  -80
1645.01  4.47044e-07  -80
1650.01  4.47044e-07  -80
1655.01  4.47045e-07  -80
1660.01  4.47045e-07  -80
1665.01  4.47046e-07  -80
1670.01  4.47047e-07  -80
1675.01  4.47047e-07  -80
1680.01  4.47047e-07  -80
1685.01  4.47048e-07  -80
1690.01  4.47048e-07  -80
1695.01  4.47049e-07  -80
1700.01  4.47049e-07  -80
1705.01  4.4705e-07  -80
1710.01  4.4705e-07  -80
1715.01  4.4705e-07  -80
1720.01  4.47051e-07  -80
1725.01  4.47051e-07  -80
1730.01  4.47051e-07  -80
1735.01  4.47052e-07  -80
1740.01  4.47052e-07  -80
1745.01  4.47052e-07  -80
1750.01  4.47053e-07  -80
1755.01  4.47053e-07  -80
1760.01  4.47053e-07  -80
1765.01  4.47053e-07  -80
1770.01  4.47054e-07  -80
1775.01  4.47054e-07  -80
1780.01  4.47054e-07  -80
1785.01  4.47054e-07  -80
1790.01  4.47055e-07  -80
1795.01  4.47055e-07  -80
1800.01  4.47055e-07  -80
1805.01  4.47055e-07  -80
1810.01  4.47056e-07  -80
1815.01  4.47056e-07  -80
1820.01  4.47056e-07  -80
1825.01  4.47056e-07  -80
1830.01  4.47056e-07  -80
1835.01  4.47057e-07  -80
1840.01  4.47057e-07  -80
1845.01  4.47057e-07  -80
1850.01  4.47057e-07  -80
1855.01  4.47057e-07  -80
1860.01  4.47057e-07  -80
1865.01  4.47057e-07  -80
1870.01  4.47058e-07  -80
1875.01  4.47058e-07  -80
1880.01  4.47058e-07  -80
1885.01  4.47058e-07  -80
1890.01  4.47058e-07  -80
1895.01  4.47058e-07  -80
1900.01  4.47058e-07  -80
1905.01  4.47058e-07  -80
1910.01  4.47059e-07  -80
1915.01  4.47059e-07  -80
1920.01  4.47059e-07  -80
1925.01  4.47059e-07  -80
1930.01  4.47059e-07  -80
1935.01  4.47059e-07  -80
1940.01  4.47059e-07  -80
1945.01  4.47059e-07  -80
1950.01  4.47059e-07  -80
1955.01  4.47059e-07  -80
1960.01  4.4706e-07  -80
1965.01  4.4706e-07  -80
1970.01  4.4706e-07  -80
1975.01  4.4706e-07  -80
1980.01  4.4706e-07  -80
1985.01  4.4706e-07  -80
1990.01  4.4706e-07  -80
1995.01  4.4706e-07  -80
2000.01  4.4706e-07  -80
2005.01  4.4706e-07  -80
2010.01  4.4706e-07  -80
2015.01  4.4706e-07  -80
2020.01  4.4706e-07  -80
2025.01  4.4706e-07  -80
2030.01  4.4706e-07  -80
2035.01  4.4706e-07  -80
2040.01  4.4706e-07  -80
2045.01  4.47061e-07  -80
2050.01  4.47061e-07  -80
2055.01  4.47061e-07  -80
2060.01  4.47061e-07  -80
2065.01  4.47061e-07  -80
2070.01  4.47061e-07  -80
2075.01  4.47061e-07  -80
2080.01  4.47061e-07  -80
2085.01  4.47061e-07  -80
2090.01  4.47061e-07  -80
2095.01  4.47061e-07  -80
2100.01  4.47061e-07  -80
2105.01  4.47061e-07  -80
2110.01  4.47061e-07  -80
2115.01  4.47061e-07  -80
2120.01  4.47061e-07  -80
2125.01  4.47061e-07  -80
2130.01  4.47061e-07  -80
2135.01  4.47061e-07  -80
2140.01  4.47061e-07  -80
2145.01  4.47061e-07  -80
2150.01  4.47061e-07  -80
2155.01  4.47061e-07  -80
2160.01  4.47061e-07  -80
2165.01  4.47061e-07  -80
2170.01  4.47061e-07  -80
2175.01  4.47061e-07  -80
2180.01  4.47061e-07  -80
2185.01  4.47061e-07  -80
2190.01  4.47061e-07  -80
2195.01  4.47061e-07  -80
2200.01  4.47061e-07  -80
2205.01  4.47061e-07  -80
2210.01  4.47061e-07  -80
2215.01  4.47062e-07  -80
2220.01  4.47062e-07  -80
2225.01  4.47062e-07  -80
2230.01  4.47062e-07  -80
2235.01  4.47062e-07  -80
2240.01  4.47062e-07  -80
2245.01  4.47062e-07  -80
2250.01  4.47062e-07  -80
2255.01  4.47062e-07  -80
2260.01  4.47062e-07  -80
2265.01  4.47062e-07  -80
2270.01  4.47062e-07  -80
2275.01  4.47062e-07  -80
2280.01  4.47062e-07  -80
2285.01  4.47062e-07  -80
2290.01  4.47062e-07  -80
2295.01  4.47062e-07  -80
2300.01  4.47062e-07  -80
2305.01  4.47062e-07  -80
2310.01  4.47062e-07  -80
2315.01  4.47062e-07  -80
2320.01  4.47062e-07  -80
2325.01  4.47062e-07  -80
2330.01  4.47062e-07  -80
2335.01  4.47062e-07  -80
2340.01  4.47062e-07  -80
2345.01  4.47062e-07  -80
2350.01  4.47062e-07  -80
2355.01  4.47062e-07  -80
2360.01  4.47062e-07  -80
2365.01  4.47062e-07  -80
2370.01  4.47062e-07  -80
2375.01  4.47062e-07  -80
2380.01  4.47062e-07  -80
2385.01  4.47062e-07  -80
2390.01  4.47062e-07  -80
2395.01  4.47062e-07  -80
2400.01  4.47062e-07  -80
2405.01  4.47062e-07  -80
2410.01  4.47062e-07  -80
2415.01  4.47062e-07  -80
2420.01  4.47062e-07  -80
2425.01  4.47062e-07  -80
2430.01  4.47062e-07  -80
2435.01  4.47062e-07  -80
2440.01  4.47062e-07  -80
2445.01  4.47062e-07  -80
2450.01  4.47062e-07  -80
2455.01  4.47062e-07  -80
2460.01  4.47062e-07  -80
2465.01  4.47062e-07  -80
2470.01  4.47062e-07  -80
2475.01  4.47062e-07  -80
2480.01  4.47062e-07  -80
2485.01  4.47062e-07  -80
2490.01  4.47062e-07  -80
2495.01  4.47062e-07  -80
2500.01  4.47062e-07  -80
2505.01  4.47062e-07  -80
2510.01  4.47062e-07  -80
2515.01  4.47062e-07  -80
2520.01  4.47062e-07  -80
2525.01  4.47062e-07  -80
2530.01  4.47062e-07  -80
2535.01  4.47062e-07  -80
2540.01  4.47062e-07  -80
2545.01  4.47062e-07  -80
2550.01  4.47062e-07  -80
2555.01  4.47062e-07  -80
2560.01  4.47062e-07  -80
2565.01  4.47062e-07  -80
2570.01  4.47062e-07  -80
2575.01  4.47062e-07  -80
2580.01  4.47062e-07  -80
2585.01  4.47062e-07  -80
2590.01  4.47062e-07  -80
2595.01  4.47062e-07  -80
2600.01  4.47062e-07  -80
2605.01  4.47062e-07  -80
2610.01  4.47062e-07  -80
2615.01  4.47062e-07  -80
2620.01  4.47062e-07  -80
2625.01  4.47062e-07  -80
2630.01  4.47062e-07  -80
2635.01  4.47062e-07  -80
2640.01  4.47062e-07  -80
2645.01  4.47062e-07  -80
2650.01  4.47062e-07  -80
2655.01  4.47062e-07  -80
2660.01  4.47062e-07  -80
2665.01  4.47062e-07  -80
2670.01  4.47062e-07  -80
2675.01  4.47062e-07  -80
2680.01  4.47062e-07  -80
2685.01  4.47062e-07  -80
2690.01  4.47062e-07  -80
2695.01  4.47062e-07  -80
2700.01  4.47062e-07  -80
2705.01  4.47062e-07  -80
2710.01  4.47062e-07  -80
2715.01  4.47062e-07  -80
2720.01  4.47062e-07  -80
2725.01  4.47062e-07  -80
2730.01  4.47062e-07  -80
2735.01  4.47062e-07  -80
2740.01  4.47062e-07  -80
2745.01  4.47062e-07  -80
2750.01  4.47062e-07  -80
2755.01  4.47062e-07  -80
2760.01  4.47062e-07  -80
2765.01  4.47062e-07  -80
2770.01  4.47062e-07  -80
2775.01  4.47062e-07  -80
2780.01  4.47062e-07  -80
2785.01  4.47062e-07  -80
2790.01  4.47062e-07  -80
2795.01  4.47062e-07  -80
2800.01  4.47062e-07  -80
2805.01  4.47062e-07  -80
2810.01  4.47062e-07  -80
2815.01  4.47062e-07  -80
2820.01  4.47062e-07  -80
2825.01  4.47062e-07  -80
2830.01  4.47062e-07  -80
2835.01  4.47062e-07  -80
2840.01  4.47062e-07  -80
2845.01  4.47062e-07  -80
2850.01  4.47062e-07  -80
2855.01  4.47062e-07  -80
2860.01  4.47062e-07  -80
2865.01  4.47062e-07  -80
2870.01  4.47062e-07  -80
2875.01  4.47062e-07  -80
2880.01  4.47062e-07  -80
2885.01  4.47062e-07  -80
2890.01  4.47062e-07  -80
2895.01  4.47062e-07  -80
2900.01  4.47062e-07  -80
2905.01  4.47062e-07  -80
2910.01  4.47062e-07  -80
2915.01  4.47062e-07  -80
2920.01  4.47062e-07  -80
2925.01  4.47062e-07  -80
2930.01  4.47062e-07  -80
2935.01  4.47062e-07  -80
2940.01  4.47062e-07  -80
2945.01  4.47062e-07  -80
2950.01  4.47062e-07  -80
2955.01  4.47062e-07  -80
2960.01  4.47062e-07  -80
2965.01  4.47062e-07  -80
2970.01  4.47062e-07  -80
2975.01  4.47062e-07  -80
2980.01  4.47062e-07  -80
2985.01  4.47062e-07  -80
2990.01  4.47062e-07  -80
2995.01  4.47062e-07  -80
3000.01  4.47062e-07  -80
3005.01  4.47062e-07  -80
3010.01  4.47062e-07  -80
3015.01  4.47062e-07  -80
3020.01  4.47062e-07  -80
3025.01  4.47062e-07  -80
3030.01  4.47062e-07  -80
3035.01  4.47062e-07  -80
3040.01  4.47062e-07  -80
3045.01  4.47062e-07  -80
3050.01  4.47062e-07  -80
3055.01  4.47062e-07  -80
3060.01  4.47062e-07  -80
3065.01  4.47062e-07  -80
3070.01  4.47062e-07  -80
3075.01  4.47062e-07  -80
3080.01  4.47062e-07  -80
3085.01  4.47062e-07  -80
3090.01  4.47062e-07  -80
3095.01  4.47062e-07  -80
3100.01  4.47062e-07  -80
3105.01  4.47062e-07  -80
3110.01  4.47062e-07  -80
3115.01  4.47062e-07  -80
3120.01  4.47062e-07  -80
3125.01  4.47062e-07  -80
3130.01  4.47062e-07  -80
3135.01  4.47062e-07  -80
3140.01  4.47062e-07  -80
3145.01  4.47062e-07  -80
3150.01  4.47062e-07  -80
3155.01  4.47062e-07  -80
3160.01  4.47062e-07  -80
3165.01  4.47062e-07  -80
3170.01  4.47062e-07  -80
3175.01  4.47062e-07  -80
3180.01  4.47062e-07  -80
3185.01  4.47062e-07  -80
3190.01  4.47062e-07  -80
3195.01  4.47062e-07  -80
3200.01  4.47062e-07  -80
3205.01  4.47062e-07  -80
3210.01  4.47062e-07  -80
3215.01  4.47062e-07  -80
3220.01  4.47062e-07  -80
3225.01  4.47062e-07  -80
3230.01  4.47062e-07  -80
3235.01  4.47062e-07  -80
3240.01  4.47062e-07  -80
3245.01  4.47062e-07  -80
3250.01  4.47062e-07  -80
3255.01  4.47062e-07  -80
3260.01  4.47062e-07  -80
3265.01  4.47062e-07  -80
3270.01  4.47062e-07  -80
3275.01  4.47062e-07  -80
3280.01  4.47062e-07  -80
3285.01  4.47062e-07  -80
3290.01  4.47062e-07  -80
3295.01  4.47062e-07  -80
3300.01  4.47062e-07  -80
3305.01  4.47062e-07  -80
3310.01  4.47062e-07  -80
3315.01  4.47062e-07  -80
3320.01  4.47062e-07  -80
3325.01  4.47062e-07  -80
3330.01  4.47062e-07  -80
3335.01  4.47062e-07  -80
3340.01  4.47062e-07  -80
3345.01  4.47062e-07  -80
3350.01  4.47062e-07  -80
3355.01  4.47062e-07  -80
3360.01  4.47062e-07  -80
3365.01  4.47062e-07  -80
3370.01  4.47062e-07  -80
3375.01  4.47062e-07  -80
3380.01  4.47062e-07  -80
3385.01  4.47062e-07  -80
3390.01  4.47062e-07  -80
3395.01  4.47062e-07  -80
3400.01  4.47062e-07  -80
3405.01  4.47062e-07  -80
3410.01  4.47062e-07  -80
3415.01  4.47062e-07  -80
3420.01  4.47062e-07  -80
3425.01  4.47062e-07  -80
3430.01  4.47062e-07  -80
3435.01  4.47062e-07  -80
3440.01  4.47062e-07  -80
3445.01  4.47062e-07  -80
3450.01  4.47062e-07  -80
3455.01  4.47062e-07  -80
3460.01  4.47062e-07  -80
3465.01  4.47062e-07  -80
3470.01  4.47062e-07  -80
3475.01  4.47062e-07  -80
3480.01  4.47062e-07  -80
3485.01  4.47062e-07  -80
3490.01  4.47062e-07  -80
3495.01  4.47062e-07  -80
3500.01  4.47062e-07  -80
3505.01  4.47062e-07  -80
3510.01  4.47062e-07  -80
3515.01  4.47062e-07  -80
3520.01  4.47062e-07  -80
3525.01  4.47062e-07  -80
3530.01  4.47062e-07  -80
3535.01  4.47062e-07  -80
3540.01  4.47062e-07  -80
3545.01  4.47062e-07  -80
3550.01  4.47062e-07  -80
3555.01  4.47062e-07  -80
3560.01  4.47062e-07  -80
3565.01  4.47062e-07  -80
3570.01  4.47062e-07  -80
3575.01  4.47062e-07  -80
3580.01  4.47062e-07  -80
3585.01  4.47062e-07  -80
3590.01  4.47062e-07  -80
3595.01  4.47062e-07  -80
3600.01  4.47062e-07  -80
3605.01  4.47062e-07  -80
3610.01  4.47062e-07  -80
3615.01  4.47062e-07  -80
3620.01  4.47062e-07  -80
3625.01  4.47062e-07  -80
3630.01  4.47062e-07  -80
3635.01  4.47062e-07  -80
3640.01  4.47062e-07  -80
3645.01  4.47062e-07  -80
3650.01  4.47062e-07  -80
3655.01  4.47062e-07  -80
3660.01  4.47062e-07  -80
3665.01  4.47062e-07  -80
3670.01  4.47062e-07  -80
3675.01  4.47062e-07  -80
3680.01  4.47062e-07  -80
3685.01  4.47062e-07  -80
3690.01  4.47062e-07  -80
3695.01  4.47062e-07  -80
3700.01  4.47062e-07  -80
3705.01  4.47062e-07  -80
3710.01  4.47062e-07  -80
3715.01  4.47062e-07  -80
3720.01  4.47062e-07  -80
3725.01  4.47062e-07  -80
3730.01  4.47062e-07  -80
3735.01  4.47062e-07  -80
3740.01  4.47062e-07  -80
3745.01  4.47062e-07  -80
3750.01  4.47062e-07  -80
3755.01  4.47062e-07  -80
3760.01  4.47062e-07  -80
3765.01  4.47062e-07  -80
3770.01  4.47062e-07  -80
3775.01  4.47062e-07  -80
3780.01  4.47062e-07  -80
3785.01  4.47062e-07  -80
3790.01  4.47062e-07  -80
3795.01  4.47062e-07  -80
3800.01  4.47062e-07  -80
3805.01  4.47062e-07  -80
3810.01  4.47062e-07  -80
3815.01  4.47062e-07  -80
3820.01  4.47062e-07  -80
3825.01  4.47062e-07  -80
3830.01  4.47062e-07  -80
3835.01  4.47062e-07  -80
3840.01  4.47062e-07  -80
3845.01  4.47062e-07  -80
3850.01  4.47062e-07  -80
3855.01  4.47062e-07  -80
3860.01  4.47062e-07  -80
3865.01  4.47062e-07  -80
3870.01  4.47062e-07  -80
3875.01  4.47062e-07  -80
3880.01  4.47062e-07  -80
3885.01  4.47062e-07  -80
3890.01  4.47062e-07  -80
3895.01  4.47062e-07  -80
3900.01  4.47062e-07  -80
3905.01  4.47062e-07  -80
3910.01  4.47062e-07  -80
3915.01  4.47062e-07  -80
3920.01  4.47062e-07  -80
3925.01  4.47062e-07  -80
3930.01  4.47062e-07  -80
3935.01  4.47062e-07  -80
3940.01  4.47062e-07  -80
3945.01  4.47062e-07  -80
3950.01  4.47062e-07  -80
3955.01  4.47062e-07  -80
3960.01  4.47062e-07  -80
3965.01  4.47062e-07  -80
3970.01  4.47062e-07  -80
3975.01  4.47062e-07  -80
3980.01  4.47062e-07  -80
3985.01  4.47062e-07  -80
3990.01  4.47062e-07  -80
3995.01  4.47062e-07  -80
4000.01  4.47062e-07  -80
4005.01  4.47062e-07  -80
4010.01  4.47062e-07  -80
4015.01  4.47062e-07  -80
4020.01  4.47062e-07  -80
4025.01  4.47062e-07  -80
4030.01  4.47062e-07  -80
4035.01  4.47062e-07  -80
4040.01  4.47062e-07  -80
4045.01  4.47062e-07  -80
4050.01  4.47062e-07  -80
4055.01  4.47062e-07  -80
4060.01  4.47062e-07  -80
4065.01  4.47062e-07  -80
4070.01  4.47062e-07  -80
4075.01  4.47062e-07  -80
4080.01  4.47062e-07  -80
4085.01  4.47062e-07  -80
4090.01  4.47062e-07  -80
4095.01  4.47062e-07  -80
4100.01  4.47062e-07  -80
4105.01  4.47062e-07  -80
4110.01  4.47062e-07  -80
4115.01  4.47062e-07  -80
4120.01  4.47062e-07  -80
4125.01  4.47062e-07  -80
4130.01  4.47062e-07  -80
4135.01  4.47062e-07  -80
4140.01  4.47062e-07  -80
4145.01  4.47062e-07  -80
4150.01  4.47062e-07  -80
4155.01  4.47062e-07  -80
4160.01  4.47062e-07  -80
4165.01  4.47062e-07  -80
4170.01  4.47062e-07  -80
4175.01  4.47062e-07  -80
4180.01  4.47062e-07  -80
4185.01  4.47062e-07  -80
4190.01  4.47062e-07  -80
4195.01  4.47062e-07  -80
4200.01  4.47062e-07  -80
4205.01  4.47062e-07  -80
4210.01  4.47062e-07  -80
4215.01  4.47062e-07  -80
4220.01  4.47062e-07  -80
4225.01  4.47062e-07  -80
4230.01  4.47062e-07  -80
4235.01  4.47062e-07  -80
4240.01  4.47062e-07  -80
4245.01  4.47062e-07  -80
4250.01  4.47062e-07  -80
4255.01  4.47062e-07  -80
4260.01  4.47062e-07  -80
4265.01  4.47062e-07  -80
4270.01  4.47062e-07  -80
4275.01  4.47062e-07  -80
4280.01  4.47062e-07  -80
4285.01  4.47062e-07  -80
4290.01  4.47062e-07  -80
4295.01  4.47062e-07  -80
4300.01  4.47062e-07  -80
4305.01  4.47062e-07  -80
4310.01  4.47062e-07  -80
4315.01  4.47062e-07  -80
4320.01  4.47062e-07  -80
4325.01  4.47062e-07  -80
4330.01  4.47062e-07  -80
4335.01  4.47062e-07  -80
4340.01  4.47062e-07  -80
4345.01  4.47062e-07  -80
4350.01  4.47062e-07  -80
4355.01  4.47062e-07  -80
4360.01  4.47062e-07  -80
4365.01  4.47062e-07  -80
4370.01  4.47062e-07  -80
4375.01  4.47062e-07  -80
4380.01  4.47062e-07  -80
4385.01  4.47062e-07  -80
4390.01  4.47062e-07  -80
4395.01  4.47062e-07  -80
4400.01  4.47062e-07  -80
4405.01  4.47062e-07  -80
4410.01  4.47062e-07  -80
4415.01  4.47062e-07  -80
4420.01  4.47062e-07  -80
4425.01  4.47062e-07  -80
4430.01  4.47062e-07  -80
4435.01  4.47062e-07  -80
4440.01  4.47062e-07  -80
4445.01  4.47062e-07  -80
4450.01  4.47062e-07  -80
4455.01  4.47062e-07  -80
4460.01  4.47062e-07  -80
4465.01  4.47062e-07  -80
4470.01  4.47062e-07  -80
4475.01  4.47062e-07  -80
4480.01  4.47062e-07  -80
4485.01  4.47062e-07  -80
4490.01  4.47062e-07  -80
4495.01  4.47062e-07  -80
4500.01  4.47062e-07  -80
4505.01  4.47062e-07  -80
4510.01  4.47062e-07  -80
4515.01  4.47062e-07  -80
4520.01  4.47062e-07  -80
4525.01  4.47062e-07  -80
4530.01  4.47062e-07  -80
4535.01  4.47062e-07  -80
4540.01  4.47062e-07  -80
4545.01  4.47062e-07  -80
4550.01  4.47062e-07  -80
4555.01  4.47062e-07  -80
4560.01  4.47062e-07  -80
4565.01  4.47062e-07  -80
4570.01  4.47062e-07  -80
4575.01  4.47062e-07  -80
4580.01  4.47062e-07  -80
4585.01  4.47062e-07  -80
4590.01  4.47062e-07  -80
4595.01  4.47062e-07  -80
4600.01  4.47062e-07  -80
4605.01  4.47062e-07  -80
4610.01  4.47062e-07  -80
4615.01  4.47062e-07  -80
4620.01  4.47062e-07  -80
4625.01  4.47062e-07  -80
4630.01  4.47062e-07  -80
4635.01  4.47062e-07  -80
4640.01  4.47062e-07  -80
4645.01  4.47062e-07  -80
4650.01  4.47062e-07  -80
4655.01  4.47062e-07  -80
4660.01  4.47062e-07  -80
4665.01  4.47062e-07  -80
4670.01  4.47062e-07  -80
4675.01  4.47062e-07  -80
4680.01  4.47062e-07  -80
4685.01  4.47062e-07  -80
4690.01  4.47062e-07  -80
4695.01  4.47062e-07  -80
4700.01  4.47062e-07  -80
4705.01  4.47062e-07  -80
4710.01  4.47062e-07  -80
4715.01  4.47062e-07  -80
4720.01  4.47062e-07  -80
4725.01  4.47062e-07  -80
4730.01  4.47062e-07  -80
4735.01  4.47062e-07  -80
4740.01  4.47062e-07  -80
4745.01  4.47062e-07  -80
4750.01  4.47062e-07  -80
4755.01  4.47062e-07  -80
4760.01  4.47062e-07  -80
4765.01  4.47062e-07  -80
4770.01  4.47062e-07  -80
4775.01  4.47062e-07  -80
4780.01  4.47062e-07  -80
4785.01  4.47062e-07  -80
4790.01  4.47062e-07  -80
4795.01  4.47062e-07  -80
4800.01  4.47062e-07  -80
4805.01  4.47062e-07  -80
4810.01  4.47062e-07  -80
4815.01  4.47062e-07  -80
4820.01  4.47062e-07  -80
4825.01  4.47062e-07  -80
4830.01  4.47062e-07  -80
4835.01  4.47062e-07  -80
4840.01  4.47062e-07  -80
4845.01  4.47062e-07  -80
4850.01  4.47062e-07  -80
4855.01  4.47062e-07  -80
4860.01  4.47062e-07  -80
4865.01  4.47062e-07  -80
4870.01  4.47062e-07  -80
4875.01  4.47062e-07  -80
4880.01  4.47062e-07  -80
4885.01  4.47062e-07  -80
4890.01  4.47062e-07  -80
4895.01  4.47062e-07  -80
4900.01  4.47062e-07  -80
4905.01  4.47062e-07  -80
4910.01  4.47062e-07  -80
4915.01  4.47062e-07  -80
4920.01  4.47062e-07  -80
4925.01  4.47062e-07  -80
4930.01  4.47062e-07  -80
4935.01  4.47062e-07  -80
4940.01  4.47062e-07  -80
4945.01  4.47062e-07  -80
4950.01  4.47062e-07  -80
4955.01  4.47062e-07  -80
4960.01  4.47062e-07  -80
4965.01  4.47062e-07  -80
4970.01  4.47062e-07  -80
4975.01  4.47062e-07  -80
4980.01  4.47062e-07  -80
4985.01  4.47062e-07  -80
4990.01  4.47062e-07  -80
4995.01  4.47062e-07  -80
5000.01  4.47062e-07  -80
5005.01  4.47062e-07  -80
5010.01  4.47062e-07  -80
5015.01  4.47062e-07  -80
5020.01  4.47062e-07  -80
5025.01  4.47062e-07  -80
5030.01  4.47062e-07  -80
5035.01  4.47062e-07  -80
5040.01  4.47062e-07  -80
5045.01  4.47062e-07  -80
5050.01  4.47062e-07  -80
5055.01  4.47062e-07  -80
5060.01  4.47062e-07  -80
5065.01  4.47062e-07  -80
5070.01  4.47062e-07  -80
5075.01  4.47062e-07  -80
5080.01  4.47062e-07  -80
5085.01  4.47062e-07  -80
5090.01  4.47062e-07  -80
5095.01  4.47062e-07  -80
5100.01  4.47062e-07  -80
5105.01  4.47062e-07  -80
5110.01  4.47062e-07  -80
5115.01  4.47062e-07  -80
5120.01  4.47062e-07  -80
5125.01  4.47062e-07  -80
5130.01  4.47062e-07  -80
5135.01  4.47062e-07  -80
5140.01  4.47062e-07  -80
5145.01  4.47062e-07  -80
5150.01  4.47062e-07  -80
5155.01  4.47062e-07  -80
5160.01  4.47062e-07  -80
5165.01  4.47062e-07  -80
5170.01  4.47062e-07  -80
5175.01  4.47062e-07  -80
5180.01  4.47062e-07  -80
5185.01  4.47062e-07  -80
5190.01  4.47062e-07  -80
5195.01  4.47062e-07  -80
5200.01  4.47062e-07  -80
5205.01  4.47062e-07  -80
5210.01  4.47062e-07  -80
5215.01  4.47062e-07  -80
5220.01  4.47062e-07  -80
5225.01  4.47062e-07  -80
5230.01  4.47062e-07  -80
5235.01  4.47062e-07  -80
5240.01  4.47062e-07  -80
5245.01  4.47062e-07  -80
5250.01  4.47062e-07  -80
5255.01  4.47062e-07  -80
5260.01  4.47062e-07  -80
5265.01  4.47062e-07  -80
5270.01  4.47062e-07  -80
5275.01  4.47062e-07  -80
5280.01  4.47062e-07  -80
5285.01  4.47062e-07  -80
5290.01  4.47062e-07  -80
5295.01  4.47062e-07  -80
5300.01  4.47062e-07  -80
5305.01  4.47062e-07  -80
5310.01  4.47062e-07  -80
5315.01  4.47062e-07  -80
5320.01  4.47062e-07  -80
5325.01  4.47062e-07  -80
5330.01  4.47062e-07  -80
5335.01  4.47062e-07  -80
5340.01  4.47062e-07  -80
5345.01  4.47062e-07  -80
5350.01  4.47062e-07  -80
5355.01  4.47062e-07  -80
5360.01  4.47062e-07  -80
5365.01  4.47062e-07  -80
5370.01  4.47062e-07  -80
5375.01  4.47062e-07  -80
5380.01  4.47062e-07  -80
5385.01  4.47062e-07  -80
5390.01  4.47062e-07  -80
5395.01  4.47062e-07  -80
5400.01  4.47062e-07  -80
5405.01  4.47062e-07  -80
5410.01  4.47062e-07  -80
5415.01  4.47062e-07  -80
5420.01  4.47062e-07  -80
5425.01  4.47062e-07  -80
5430.01  4.47062e-07  -80
5435.01  4.47062e-07  -80
5440.01  4.47062e-07  -80
5445.01  4.47062e-07  -80
5450.01  4.47062e-07  -80
5455.01  4.47062e-07  -80
5460.01  4.47062e-07  -80
5465.01  4.47062e-07  -80
5470.01  4.47062e-07  -80
5475.01  4.47062e-07  -80
5480.01  4.47062e-07  -80
5485.01  4.47062e-07  -80
5490.01  4.47062e-07  -80
5495.01  4.47062e-07  -80
5500.01  4.47062e-07  -80
5505.01  4.47062e-07  -80
5510.01  4.47062e-07  -80
5515.01  4.47062e-07  -80
5520.01  4.47062e-07  -80
5525.01  4.47062e-07  -80
5530.01  4.47062e-07  -80
5535.01  4.47062e-07  -80
5540.01  4.47062e-07  -80
5545.01  4.47062e-07  -80
5550.01  4.47062e-07  -80
5555.01  4.47062e-07  -80
5560.01  4.47062e-07  -80
5565.01  4.47062e-07  -80
5570.01  4.47062e-07  -80
5575.01  4.47062e-07  -80
5580.01  4.47062e-07  -80
5585.01  4.47062e-07  -80
5590.01  4.47062e-07  -80
5595.01  4.47062e-07  -80
5600.01  4.47062e-07  -80
5605.01  4.47062e-07  -80
5610.01  4.47062e-07  -80
5615.01  4.47062e-07  -80
5620.01  4.47062e-07  -80
5625.01  4.47062e-07  -80
5630.01  4.47062e-07  -80
5635.01  4.47062e-07  -80
5640.01  4.47062e-07  -80
5645.01  4.47062e-07  -80
5650.01  4.47062e-07  -80
5655.01  4.47062e-07  -80
5660.01  4.47062e-07  -80
5665.01  4.47062e-07  -80
5670.01  4.47062e-07  -80
5675.01  4.47062e-07  -80
5680.01  4.47062e-07  -80
5685.01  4.47062e-07  -80
5690.01  4.47062e-07  -80
5695.01  4.47062e-07  -80
5700.01  4.47062e-07  -80
5705.01  4.47062e-07  -80
5710.01  4.47062e-07  -80
5715.01  4.47062e-07  -80
5720.01  4.47062e-07  -80
5725.01  4.47062e-07  -80
5730.01  4.47062e-07  -80
5735.01  4.47062e-07  -80
5740.01  4.47062e-07  -80
5745.01  4.47062e-07  -80
5750.01  4.47062e-07  -80
5755.01  4.47062e-07  -80
5760.01  4.47062e-07  -80
5765.01  4.47062e-07  -80
5770.01  4.47062e-07  -80
5775.01  4.47062e-07  -80
5780.01  4.47062e-07  -80
5785.01  4.47062e-07  -80
5790.01  4.47062e-07  -80
5795.01  4.47062e-07  -80
5800.01  4.47062e-07  -80
5805.01  4.47062e-07  -80
5810.01  4.47062e-07  -80
5815.01  4.47062e-07  -80
5820.01  4.47062e-07  -80
5825.01  4.47062e-07  -80
5830.01  4.47062e-07  -80
5835.01  4.47062e-07  -80
5840.01  4.47062e-07  -80
5845.01  4.47062e-07  -80
5850.01  4.47062e-07  -80
5855.01  4.47062e-07  -80
5860.01  4.47062e-07  -80
5865.01  4.47062e-07  -80
5870.01  4.47062e-07  -80
5875.01  4.47062e-07  -80
5880.01  4.47062e-07  -80
5885.01  4.47062e-07  -80
5890.01  4.47062e-07  -80
5895.01  4.47062e-07  -80
5900.01  4.47062e-07  -80
5905.01  4.47062e-07  -80
5910.01  4.47062e-07  -80
5915.01  4.47062e-07  -80
5920.01  4.47062e-07  -80
5925.01  4.47062e-07  -80
5930.01  4.47062e-07  -80
5935.01  4.47062e-07  -80
5940.01  4.47062e-07  -80
5945.01  4.47062e-07  -80
5950.01  4.47062e-07  -80
5955.01  4.47062e-07  -80
5960.01  4.47062e-07  -80
5965.01  4.47062e-07  -80
5970.01  4.47062e-07  -80
5975.01  4.47062e-07  -80
5980.01  4.47062e-07  -80
5985.01  4.47062e-07  -80
5990.01  4.47062e-07  -80
5995.01  4.47062e-07  -80
6000.01  4.47062e-07  -80
6005.01  4.47062e-07  -80
6010.01  4.47062e-07  -80
6015.01  4.47062e-07  -80
6020.01  4.47062e-07  -80
6025.01  4.47062e-07  -80
6030.01  4.47062e-07  -80
6035.01  4.47062e-07  -80
6040.01  4.47062e-07  -80
6045.01  4.47062e-07  -80
6050.01  4.47062e-07  -80
6055.01  4.47062e-07  -80
6060.01  4.47062e-07  -80
6065.01  4.47062e-07  -80
6070.01  4.47062e-07  -80
6075.01  4.47062e-07  -80
6080.01  4.47062e-07  -80
6085.01  4.47062e-07  -80
6090.01  4.47062e-07  -80
6095.01  4.47062e-07  -80
6100.01  4.47062e-07  -80
6105.01  4.47062e-07  -80
6110.01  4.47062e-07  -80
6115.01  4.47062e-07  -80
6120.01  4.47062e-07  -80
6125.01  4.47062e-07  -80
6130.01  4.47062e-07  -80
6135.01  4.47062e-07  -80
6140.01  4.47062e-07  -80
6145.01  4.47062e-07  -80
6150.01  4.47062e-07  -80
6155.01  4.47062e-07  -80
6160.01  4.47062e-07  -80
6165.01  4.47062e-07  -80
6170.01  4.47062e-07  -80
6175.01  4.47062e-07  -80
6180.01  4.47062e-07  -80
6185.01  4.47062e-07  -80
6190.01  4.47062e-07  -80
6195.01  4.47062e-07  -80
6200.01  4.47062e-07  -80
6205.01  4.47062e-07  -80
6210.01  4.47062e-07  -80
6215.01  4.47062e-07  -80
6220.01  4.47062e-07  -80
6225.01  4.47062e-07  -80
6230.01  4.47062e-07  -80
6235.01  4.47062e-07  -80
6240.01  4.47062e-07  -80
6245.01  4.47062e-07  -80
6250.01  4.47062e-07  -80
6255.01  4.47062e-07  -80
6260.01  4.47062e-07  -80
6265.01  4.47062e-07  -80
6270.01  4.47062e-07  -80
6275.01  4.47062e-07  -80
6280.01  4.47062e-07  -80
6285.01  4.47062e-07  -80
6290.01  4.47062e-07  -80
6295.01  4.47062e-07  -80
6300.01  4.47062e-07  -80
6305.01  4.47062e-07  -80
6310.01  4.47062e-07  -80
6315.01  4.47062e-07  -80
6320.01  4.47062e-07  -80
6325.01  4.47062e-07  -80
6330.01  4.47062e-07  -80
6335.01  4.47062e-07  -80
6340.01  4.47062e-07  -80
6345.01  4.47062e-07  -80
6350.01  4.47062e-07  -80
6355.01  4.47062e-07  -80
6360.01  4.47062e-07  -80
6365.01  4.47062e-07  -80
6370.01  4.47062e-07  -80
6375.01  4.47062e-07  -80
6380.01  4.47062e-07  -80
6385.01  4.47062e-07  -80
6390.01  4.47062e-07  -80
6395.01  4.47062e-07  -80
6400.01  4.47062e-07  -80
6405.01  4.47062e-07  -80
6410.01  4.47062e-07  -80
6415.01  4.47062e-07  -80
6420.01  4.47062e-07  -80
6425.01  4.47062e-07  -80
6430.01  4.47062e-07  -80
6435.01  4.47062e-07  -80
6440.01  4.47062e-07  -80
6445.01  4.47062e-07  -80
6450.01  4.47062e-07  -80
6455.01  4.47062e-07  -80
6460.01  4.47062e-07  -80
6465.01  4.47062e-07  -80
6470.01  4.47062e-07  -80
6475.01  4.47062e-07  -80
6480.01  4.47062e-07  -80
6485.01  4.47062e-07  -80
6490.01  4.47062e-07  -80
6495.01  4.47062e-07  -80
6500.01  4.47062e-07  -80
6505.01  4.47062e-07  -80
6510.01  4.47062e-07  -80
6515.01  4.47062e-07  -80
6520.01  4.47062e-07  -80
6525.01  4.47062e-07  -80
6530.01  4.47062e-07  -80
6535.01  4.47062e-07  -80
6540.01  4.47062e-07  -80
6545.01  4.47062e-07  -80
6550.01  4.47062e-07  -80
6555.01  4.47062e-07  -80
6560.01  4.47062e-07  -80
6565.01  4.47062e-07  -80
6570.01  4.47062e-07  -80
6575.01  4.47062e-07  -80
6580.01  4.47062e-07  -80
6585.01  4.47062e-07  -80
6590.01  4.47062e-07  -80
6595.01  4.47062e-07  -80
6600.01  4.47062e-07  -80
6605.01  4.47062e-07  -80
6610.01  4.47062e-07  -80
6615.01  4.47062e-07  -80
6620.01  4.47062e-07  -80
6625.01  4.47062e-07  -80
6630.01  4.47062e-07  -80
6635.01  4.47062e-07  -80
6640.01  4.47062e-07  -80
6645.01  4.47062e-07  -80
6650.01  4.47062e-07  -80
6655.01  4.47062e-07  -80
6660.01  4.47062e-07  -80
6665.01  4.47062e-07  -80
6670.01  4.47062e-07  -80
6675.01  4.47062e-07  -80
6680.01  4.47062e-07  -80
6685.01  4.47062e-07  -80
6690.01  4.47062e-07  -80
6695.01  4.47062e-07  -80
6700.01  4.47062e-07  -80
6705.01  4.47062e-07  -80
6710.01  4.47062e-07  -80
6715.01  4.47062e-07  -80
6720.01  4.47062e-07  -80
6725.01  4.47062e-07  -80
6730.01  4.47062e-07  -80
6735.01  4.47062e-07  -80
6740.01  4.47062e-07  -80
6745.01  4.47062e-07  -80
6750.01  4.47062e-07  -80
6755.01  4.47062e-07  -80
6760.01  4.47062e-07  -80
6765.01  4.47062e-07  -80
6770.01  4.47062e-07  -80
6775.01  4.47062e-07  -80
6780.01  4.47062e-07  -80
6785.01  4.47062e-07  -80
6790.01  4.47062e-07  -80
6795.01  4.47062e-07  -80
6800.01  4.47062e-07  -80
6805.01  4.47062e-07  -80
6810.01  4.47062e-07  -80
6815.01  4.47062e-07  -80
6820.01  4.47062e-07  -80
6825.01  4.47062e-07  -80
6830.01  4.47062e-07  -80
6835.01  4.47062e-07  -80
6840.01  4.47062e-07  -80
6845.01  4.47062e-07  -80
6850.01  4.47062e-07  -80
6855.01  4.47062e-07  -80
6860.01  4.47062e-07  -80
6865.01  4.47062e-07  -80
6870.01  4.47062e-07  -80
6875.01  4.47062e-07  -80
6880.01  4.47062e-07  -80
6885.01  4.47062e-07  -80
6890.01  4.47062e-07  -80
6895.01  4.47062e-07  -80
6900.01  4.47062e-07  -80
6905.01  4.47062e-07  -80
6910.01  4.47062e-07  -80
6915.01  4.47062e-07  -80
6920.01  4.47062e-07  -80
6925.01  4.47062e-07  -80
6930.01  4.47062e-07  -80
6935.01  4.47062e-07  -80
6940.01  4.47062e-07  -80
6945.01  4.47062e-07  -80
6950.01  4.47062e-07  -80
6955.01  4.47062e-07  -80
6960.01  4.47062e-07  -80
6965.01  4.47062e-07  -80
6970.01  4.47062e-07  -80
6975.01  4.47062e-07  -80
6980.01  4.47062e-07  -80
6985.01  4.47062e-07  -80
6990.01  4.47062e-07  -80
6995.01  4.47062e-07  -80
7000.01  4.47062e-07  -80
7005.01  4.47062e-07  -80
7010.01  4.47062e-07  -80
7015.01  4.47062e-07  -80
7020.01  4.47062e-07  -80
7025.01  4.47062e-07  -80
7030.01  4.47062e-07  -80
7035.01  4.47062e-07  -80
7040.01  4.47062e-07  -80
7045.01  4.47062e-07  -80
7050.01  4.47062e-07  -80
7055.01  4.47062e-07  -80
7060.01  4.47062e-07  -80
7065.01  4.47062e-07  -80
7070.01  4.47062e-07  -80
7075.01  4.47062e-07  -80
7080.01  4.47062e-07  -80
7085.01  4.47062e-07  -80
7090.01  4.47062e-07  -80
7095.01  4.47062e-07  -80
7100.01  4.47062e-07  -80
7105.01  4.47062e-07  -80
7110.01  4.47062e-07  -80
7115.01  4.47062e-07  -80
7120.01  4.47062e-07  -80
7125.01  4.47062e-07  -80
7130.01  4.47062e-07  -80
7135.01  4.47062e-07  -80
7140.01  4.47062e-07  -80
7145.01  4.47062e-07  -80
7150.01  4.47062e-07  -80
7155.01  4.47062e-07  -80
7160.01  4.47062e-07  -80
7165.01  4.47062e-07  -80
7170.01  4.47062e-07  -80
7175.01  4.47062e-07  -80
7180.01  4.47062e-07  -80
7185.01  4.47062e-07  -80
7190.01  4.47062e-07  -80
7195.01  4.47062e-07  -80
7200.01  4.47062e-07  -80
7205.01  4.47062e-07  -80
7210.01  4.47062e-07  -80
7215.01  4.47062e-07  -80
7220.01  4.47062e-07  -80
7225.01  4.47062e-07  -80
7230.01  4.47062e-07  -80
7235.01  4.47062e-07  -80
7240.01  4.47062e-07  -80
7245.01  4.47062e-07  -80
7250.01  4.47062e-07  -80
7255.01  4.47062e-07  -80
7260.01  4.47062e-07  -80
7265.01  4.47062e-07  -80
7270.01  4.47062e-07  -80
7275.01  4.47062e-07  -80
7280.01  4.47062e-07  -80
7285.01  4.47062e-07  -80
7290.01  4.47062e-07  -80
7295.01  4.47062e-07  -80
7300.01  4.47062e-07  -80
7305.01  4.47062e-07  -80
7310.01  4.47062e-07  -80
7315.01  4.47062e-07  -80
7320.01  4.47062e-07  -80
7325.01  4.47062e-07  -80
7330.01  4.47062e-07  -80
7335.01  4.47062e-07  -80
7340.01  4.47062e-07  -80
7345.01  4.47062e-07  -80
7350.01  4.47062e-07  -80
7355.01  4.47062e-07  -80
7360.01  4.47062e-07  -80
7365.01  4.47062e-07  -80
7370.01  4.47062e-07  -80
7375.01  4.47062e-07  -80
7380.01  4.47062e-07  -80
7385.01  4.47062e-07  -80
7390.01  4.47062e-07  -80
7395.01  4.47062e-07  -80
7400.01  4.47062e-07  -80
7405.01  4.47062e-07  -80
7410.01  4.47062e-07  -80
7415.01  4.47062e-07  -80
7420.01  4.47062e-07  -80
7425.01  4.47062e-07  -80
7430.01  4.47062e-07  -80
7435.01  4.47062e-07  -80
7440.01  4.47062e-07  -80
7445.01  4.47062e-07  -80
7450.01  4.47062e-07  -80
7455.01  4.47062e-07  -80
7460.01  4.47062e-07  -80
7465.01  4.47062e-07  -80
7470.01  4.47062e-07  -80
7475.01  4.47062e-07  -80
7480.01  4.47062e-07  -80
7485.01  4.47062e-07  -80
7490.01  4.47062e-07  -80
7495.01  4.47062e-07  -80
7500.01  4.47062e-07  -80
7505.01  4.47062e-07  -80
7510.01  4.47062e-07  -80
7515.01  4.47062e-07  -80
7520.01  4.47062e-07  -80
7525.01  4.47062e-07  -80
7530.01  4.47062e-07  -80
7535.01  4.47062e-07  -80
7540.01  4.47062e-07  -80
7545.01  4.47062e-07  -80
7550.01  4.47062e-07  -80
7555.01  4.47062e-07  -80
7560.01  4.47062e-07  -80
7565.01  4.47062e-07  -80
7570.01  4.47062e-07  -80
7575.01  4.47062e-07  -80
7580.01  4.47062e-07  -80
7585.01  4.47062e-07  -80
7590.01  4.47062e-07  -80
7595.01  4.47062e-07  -80
7600.01  4.47062e-07  -80
7605.01  4.47062e-07  -80
7610.01  4.47062e-07  -80
7615.01  4.47062e-07  -80
7620.01  4.47062e-07  -80
7625.01  4.47062e-07  -80
7630.01  4.47062e-07  -80
7635.01  4.47062e-07  -80
7640.01  4.47062e-07  -80
7645.01  4.47062e-07  -80
7650.01  4.47062e-07  -80
7655.01  4.47062e-07  -80
7660.01  4.47062e-07  -80
7665.01  4.47062e-07  -80
7670.01  4.47062e-07  -80
7675.01  4.47062e-07  -80
7680.01  4.47062e-07  -80
7685.01  4.47062e-07  -80
7690.01  4.47062e-07  -80
7695.01  4.47062e-07  -80
7700.01  4.47062e-07  -80
7705.01  4.47062e-07  -80
7710.01  4.47062e-07  -80
7715.01  4.47062e-07  -80
7720.01  4.47062e-07  -80
7725.01  4.47062e-07  -80
7730.01  4.47062e-07  -80
7735.01  4.47062e-07  -80
7740.01  4.47062e-07  -80
7745.01  4.47062e-07  -80
7750.01  4.47062e-07  -80
7755.01  4.47062e-07  -80
7760.01  4.47062e-07  -80
7765.01  4.47062e-07  -80
7770.01  4.47062e-07  -80
7775.01  4.47062e-07  -80
7780.01  4.47062e-07  -80
7785.01  4.47062e-07  -80
7790.01  4.47062e-07  -80
7795.01  4.47062e-07  -80
7800.01  4.47062e-07  -80
7805.01  4.47062e-07  -80
7810.01  4.47062e-07  -80
7815.01  4.47062e-07  -80
7820.01  4.47062e-07  -80
7825.01  4.47062e-07  -80
7830.01  4.47062e-07  -80
7835.01  4.47062e-07  -80
7840.01  4.47062e-07  -80
7845.01  4.47062e-07  -80
7850.01  4.47062e-07  -80
7855.01  4.47062e-07  -80
7860.01  4.47062e-07  -80
7865.01  4.47062e-07  -80
7870.01  4.47062e-07  -80
7875.01  4.47062e-07  -80
7880.01  4.47062e-07  -80
7885.01  4.47062e-07  -80
7890.01  4.47062e-07  -80
7895.01  4.47062e-07  -80
7900.01  4.47062e-07  -80
7905.01  4.47062e-07  -80
7910.01  4.47062e-07  -80
7915.01  4.47062e-07  -80
7920.01  4.47062e-07  -80
7925.01  4.47062e-07  -80
7930.01  4.47062e-07  -80
7935.01  4.47062e-07  -80
7940.01  4.47062e-07  -80
7945.01  4.47062e-07  -80
7950.01  4.47062e-07  -80
7955.01  4.47062e-07  -80
7960.01  4.47062e-07  -80
7965.01  4.47062e-07  -80
7970.01  4.47062e-07  -80
7975.01  4.47062e-07  -80
7980.01  4.47062e-07  -80
7985.01  4.47062e-07  -80
7990.01  4.47062e-07  -80
7995.01  4.47062e-07  -80
8000.01  4.47062e-07  -80
8005.01  4.47062e-07  -80
8010.01  4.47062e-07  -80
8015.01  4.47062e-07  -80
8020.01  4.47062e-07  -80
8025.01  4.47062e-07  -80
8030.01  4.47062e-07  -80
8035.01  4.47062e-07  -80
8040.01  4.47062e-07  -80
8045.01  4.47062e-07  -80
8050.01  4.47062e-07  -80
8055.01  4.47062e-07  -80
8060.01  4.47062e-07  -80
8065.01  4.47062e-07  -80
8070.01  4.47062e-07  -80
8075.01  4.47062e-07  -80
8080.01  4.47062e-07  -80
8085.01  4.47062e-07  -80
8090.01  4.47062e-07  -80
8095.01  4.47062e-07  -80
8100.01  4.47062e-07  -80
8105.01  4.47062e-07  -80
8110.01  4.47062e-07  -80
8115.01  4.47062e-07  -80
8120.01  4.47062e-07  -80
8125.01  4.47062e-07  -80
8130.01  4.47062e-07  -80
8135.01  4.47062e-07  -80
8140.01  4.47062e-07  -80
8145.01  4.47062e-07  -80
8150.01  4.47062e-07  -80
8155.01  4.47062e-07  -80
8160.01  4.47062e-07  -80
8165.01  4.47062e-07  -80
8170.01  4.47062e-07  -80
8175.01  4.47062e-07  -80
8180.01  4.47062e-07  -80
8185.01  4.47062e-07  -80
8190.01  4.47062e-07  -80
8195.01  4.47062e-07  -80
8200.01  4.47062e-07  -80
8205.01  4.47062e-07  -80
8210.01  4.47062e-07  -80
8215.01  4.47062e-07  -80
8220.01  4.47062e-07  -80
8225.01  4.47062e-07  -80
8230.01  4.47062e-07  -80
8235.01  4.47062e-07  -80
8240.01  4.47062e-07  -80
8245.01  4.47062e-07  -80
8250.01  4.47062e-07  -80
8255.01  4.47062e-07  -80
8260.01  4.47062e-07  -80
8265.01  4.47062e-07  -80
8270.01  4.47062e-07  -80
8275.01  4.47062e-07  -80
8280.01  4.47062e-07  -80
8285.01  4.47062e-07  -80
8290.01  4.47062e-07  -80
8295.01  4.47062e-07  -80
8300.01  4.47062e-07  -80
8305.01  4.47062e-07  -80
8310.01  4.47062e-07  -80
8315.01  4.47062e-07  -80
8320.01  4.47062e-07  -80
8325.01  4.47062e-07  -80
8330.01  4.47062e-07  -80
8335.01  4.47062e-07  -80
8340.01  4.47062e-07  -80
8345.01  4.47062e-07  -80
8350.01  4.47062e-07  -80
8355.01  4.47062e-07  -80
8360.01  4.47062e-07  -80
8365.01  4.47062e-07  -80
8370.01  4.47062e-07  -80
8375.01  4.47062e-07  -80
8380.01  4.47062e-07  -80
8385.01  4.47062e-07  -80
8390.01  4.47062e-07  -80
8395.01  4.47062e-07  -80
8400.01  4.47062e-07  -80
8405.01  4.47062e-07  -80
8410.01  4.47062e-07  -80
8415.01  4.47062e-07  -80
8420.01  4.47062e-07  -80
8425.01  4.47062e-07  -80
8430.01  4.47062e-07  -80
8435.01  4.47062e-07  -80
8440.01  4.47062e-07  -80
8445.01  4.47062e-07  -80
8450.01  4.47062e-07  -80
8455.01  4.47062e-07  -80
8460.01  4.47062e-07  -80
8465.01  4.47062e-07  -80
8470.01  4.47062e-07  -80
8475.01  4.47062e-07  -80
8480.01  4.47062e-07  -80
8485.01  4.47062e-07  -80
8490.01  4.47062e-07  -80
8495.01  4.47062e-07  -80
8500.01  4.47062e-07  -80
8505.01  4.47062e-07  -80
8510.01  4.47062e-07  -80
8515.01  4.47062e-07  -80
8520.01  4.47062e-07  -80
8525.01  4.47062e-07  -80
8530.01  4.47062e-07  -80
8535.01  4.47062e-07  -80
8540.01  4.47062e-07  -80
8545.01  4.47062e-07  -80
8550.01  4.47062e-07  -80
8555.01  4.47062e-07  -80
8560.01  4.47062e-07  -80
8565.01  4.47062e-07  -80
8570.01  4.47062e-07  -80
8575.01  4.47062e-07  -80
8580.01  4.47062e-07  -80
8585.01  4.47062e-07  -80
8590.01  4.47062e-07  -80
8595.01  4.47062e-07  -80
8600.01  4.47062e-07  -80
8605.01  4.47062e-07  -80
8610.01  4.47062e-07  -80
8615.01  4.47062e-07  -80
8620.01  4.47062e-07  -80
8625.01  4.47062e-07  -80
8630.01  4.47062e-07  -80
8635.01  4.47062e-07  -80
8640.01  4.47062e-07  -80
8645.01  4.47062e-07  -80
8650.01  4.47062e-07  -80
8655.01  4.47062e-07  -80
8660.01  4.47062e-07  -80
8665.01  4.47062e-07  -80
8670.01  4.47062e-07  -80
8675.01  4.47062e-07  -80
8680.01  4.47062e-07  -80
8685.01  4.47062e-07  -80
8690.01  4.47062e-07  -80
8695.01  4.47062e-07  -80
8700.01  4.47062e-07  -80
8705.01  4.47062e-07  -80
8710.01  4.47062e-07  -80
8715.01  4.47062e-07  -80
8720.01  4.47062e-07  -80
8725.01  4.47062e-07  -80
8730.01  4.47062e-07  -80
8735.01  4.47062e-07  -80
8740.01  4.47062e-07  -80
8745.01  4.47062e-07  -80
8750.01  4.47062e-07  -80
8755.01  4.47062e-07  -80
8760.01  4.47062e-07  -80
8765.01  4.47062e-07  -80
8770.01  4.47062e-07  -80
8775.01  4.47062e-07  -80
8780.01  4.47062e-07  -80
8785.01  4.47062e-07  -80
8790.01  4.47062e-07  -80
8795.01  4.47062e-07  -80
8800.01  4.47062e-07  -80
8805.01  4.47062e-07  -80
8810.01  4.47062e-07  -80
8815.01  4.47062e-07  -80
8820.01  4.47062e-07  -80
8825.01  4.47062e-07  -80
8830.01  4.47062e-07  -80
8835.01  4.47062e-07  -80
8840.01  4.47062e-07  -80
8845.01  4.47062e-07  -80
8850.01  4.47062e-07  -80
8855.01  4.47062e-07  -80
8860.01  4.47062e-07  -80
8865.01  4.47062e-07  -80
8870.01  4.47062e-07  -80
8875.01  4.47062e-07  -80
8880.01  4.47062e-07  -80
8885.01  4.47062e-07  -80
8890.01  4.47062e-07  -80
8895.01  4.47062e-07  -80
8900.01  4.47062e-07  -80
8905.01  4.47062e-07  -80
8910.01  4.47062e-07  -80
8915.01  4.47062e-07  -80
8920.01  4.47062e-07  -80
8925.01  4.47062e-07  -80
8930.01  4.47062e-07  -80
8935.01  4.47062e-07  -80
8940.01  4.47062e-07  -80
8945.01  4.47062e-07  -80
8950.01  4.47062e-07  -80
8955.01  4.47062e-07  -80
8960.01  4.47062e-07  -80
8965.01  4.47062e-07  -80
8970.01  4.47062e-07  -80
8975.01  4.47062e-07  -80
8980.01  4.47062e-07  -80
8985.01  4.47062e-07  -80
8990.01  4.47062e-07  -80
8995.01  4.47062e-07  -80
9000.01  4.47062e-07  -80
9005.01  4.47062e-07  -80
9010.01  4.47062e-07  -80
9015.01  4.47062e-07  -80
9020.01  4.47062e-07  -80
9025.01  4.47062e-07  -80
9030.01  4.47062e-07  -80
9035.01  4.47062e-07  -80
9040.01  4.47062e-07  -80
9045.01  4.47062e-07  -80
9050.01  4.47062e-07  -80
9055.01  4.47062e-07  -80
9060.01  4.47062e-07  -80
9065.01  4.47062e-07  -80
9070.01  4.47062e-07  -80
9075.01  4.47062e-07  -80
9080.01  4.47062e-07  -80
9085.01  4.47062e-07  -80
9090.01  4.47062e-07  -80
9095.01  4.47062e-07  -80
9100.01  4.47062e-07  -80
9105.01  4.47062e-07  -80
9110.01  4.47062e-07  -80
9115.01  4.47062e-07  -80
9120.01  4.47062e-07  -80
9125.01  4.47062e-07  -80
9130.01  4.47062e-07  -80
9135.01  4.47062e-07  -80
9140.01  4.47062e-07  -80
9145.01  4.47062e-07  -80
9150.01  4.47062e-07  -80
9155.01  4.47062e-07  -80
9160.01  4.47062e-07  -80
9165  4.47062e-07  -80
9170  4.47062e-07  -80
9175  4.47062e-07  -80
9180  4.47062e-07  -80
9185  4.47062e-07  -80
9190  4.47062e-07  -80
9195  4.47062e-07  -80
9200  4.47062e-07  -80
9205  4.47062e-07  -80
9210  4.47062e-07  -80
9215  4.47062e-07  -80
9220  4.47062e-07  -80
9225  4.47062e-07  -80
9230  4.47062e-07  -80
9235  4.47062e-07  -80
9240  4.47062e-07  -80
9245  4.47062e-07  -80
9250  4.47062e-07  -80
9255  4.47062e-07  -80
9260  4.47062e-07  -80
9265  4.47062e-07  -80
9270  4.47062e-07  -80
9275  4.47062e-07  -80
9280  4.47062e-07  -80
9285  4.47062e-07  -80
9290  4.47062e-07  -80
9295  4.47062e-07  -80
9300  4.47062e-07  -80
9305  4.47062e-07  -80
9310  4.47062e-07  -80
9315  4.47062e-07  -80
9320  4.47062e-07  -80
9325  4.47062e-07  -80
9330  4.47062e-07  -80
9335  4.47062e-07  -80
9340  4.47062e-07  -80
9345  4.47062e-07  -80
9350  4.47062e-07  -80
9355  4.47062e-07  -80
9360  4.47062e-07  -80
9365  4.47062e-07  -80
9370  4.47062e-07  -80
9375  4.47062e-07  -80
9380  4.47062e-07  -80
9385  4.47062e-07  -80
9390  4.47062e-07  -80
9395  4.47062e-07  -80
9400  4.47062e-07  -80
9405  4.47062e-07  -80
9410  4.47062e-07  -80
9415  4.47062e-07  -80
9420  4.47062e-07  -80
9425  4.47062e-07  -80
9430  4.47062e-07  -80
9435  4.47062e-07  -80
9440  4.47062e-07  -80
9445  4.47062e-07  -80
9450  4.47062e-07  -80
9455  4.47062e-07  -80
9460  4.47062e-07  -80
9465  4.47062e-07  -80
9470  4.47062e-07  -80
9475  4.47062e-07  -80
9480  4.47062e-07  -80
9485  4.47062e-07  -80
9490  4.47062e-07  -80
9495  4.47062e-07  -80
9500  4.47062e-07  -80
9505  4.47062e-07  -80
9510  4.47062e-07  -80
9515  4.47062e-07  -80
9520  4.47062e-07  -80
9525  4.47062e-07  -80
9530  4.47062e-07  -80
9535  4.47062e-07  -80
9540  4.47062e-07  -80
9545  4.47062e-07  -80
9550  4.47062e-07  -80
9555  4.47062e-07  -80
9560  4.47062e-07  -80
9565  4.47062e-07  -80
9570  4.47062e-07  -80
9575  4.47062e-07  -80
9580  4.47062e-07  -80
9585  4.47062e-07  -80
9590  4.47062e-07  -80
9595  4.47062e-07  -80
9600  4.47062e-07  -80
9605  4.47062e-07  -80
9610  4.47062e-07  -80
9615  4.47062e-07  -80
9620  4.47062e-07  -80
9625  4.47062e-07  -80
9630  4.47062e-07  -80
9635  4.47062e-07  -80
9640  4.47062e-07  -80
9645  4.47062e-07  -80
9650  4.47062e-07  -80
9655  4.47062e-07  -80
9660  4.47062e-07  -80
9665  4.47062e-07  -80
9670  4.47062e-07  -80
9675  4.47062e-07  -80
9680  4.47062e-07  -80
9685  4.47062e-07  -80
9690  4.47062e-07  -80
9695  4.47062e-07  -80
9700  4.47062e-07  -80
9705  4.47062e-07  -80
9710  4.47062e-07  -80
9715  4.47062e-07  -80
9720  4.47062e-07  -80
9725  4.47062e-07  -80
9730  4.47062e-07  -80
9735  4.47062e-07  -80
9740  4.47062e-07  -80
9745  4.47062e-07  -80
9750  4.47062e-07  -80
9755  4.47062e-07  -80
9760  4.47062e-07  -80
9765  4.47062e-07  -80
9770  4.47062e-07  -80
9775  4.47062e-07  -80
9780  4.47062e-07  -80
9785  4.47062e-07  -80
9790  4.47062e-07  -80
9795  4.47062e-07  -80
9800  4.47062e-07  -80
9805  4.47062e-07  -80
9810  4.47062e-07  -80
9815  4.47062e-07  -80
9820  4.47062e-07  -80
9825  4.47062e-07  -80
9830  4.47062e-07  -80
9835  4.47062e-07  -80
9840  4.47062e-07  -80
9845  4.47062e-07  -80
9850  4.47062e-07  -80
9855  4.47062e-07  -80
9860  4.47062e-07  -80
9865  4.47062e-07  -80
9870  4.47062e-07  -80
9875  4.47062e-07  -80
9880  4.47062e-07  -80
9885  4.47062e-07  -80
9890  4.47062e-07  -80
9895  4.47062e-07  -80
9900  4.47062e-07  -80
9905  4.47062e-07  -80
9910  4.47062e-07  -80
9915  4.47062e-07  -80
9920  4.47062e-07  -80
9925  4.47062e-07  -80
9930  4.47062e-07  -80
9935  4.47062e-07  -80
9940  4.47062e-07  -80
9945  4.47062e-07  -80
9950  4.47062e-07  -80
9955  4.47062e-07  -80
9960  4.47062e-07  -80
9965  4.47062e-07  -80
9970  4.47062e-07  -80
9975  4.47062e-07  -80
9980  4.47062e-07  -80
9985  4.47062e-07  -80
9990  4.47062e-07  -80
9995  4.47062e-07  -80
10000  1.41907e-05  40
10005  0.00110721  40
10010  0.00451764  40
10015  0.00869108  40
10020  0.0125394  40
10025  0.0156494  40
10030  0.0179594  40
10035  0.0195559  40
10040  0.0205718  40
10045  0.0211403  40
10050  0.0213767  40
10055  0.0213734  40
10060  0.0212017  40
10065  0.0209146  40
10070  0.0205511  40
10075  0.020139  40
10080  0.0196983  40
10085  0.0192429  40
10090  0.0187825  40
10095  0.0183235  40
10100  0.0178706  40
10105  0.0174266  40
10110  0.0169935  40
10115  0.0165723  40
10120  0.0161637  40
10125  0.015768  40
10130  0.0153853  40
10135  0.0150154  40
10140  0.0146581  40
10145  0.0143132  40
10150  0.0139803  40
10155  0.013659  40
10160  0.0133491  40
10165  0.0130502  40
10170  0.0127618  40
10175  0.0124837  40
10180  0.0122155  40
10185  0.0119568  40
10190  0.0117073  40
10195  0.0114666  40
10200  0.0112346  40
10205  0.0110108  40
10210  0.010795  40
10215  0.0105868  40
10220  0.0103861  40
10225  0.0101925  40
10230  0.0100059  40
10235  0.00982583  40
10240  0.00965221  40
10245  0.00948478  40
10250  0.00932332  40
10255  0.00916761  40
10260  0.00901744  40
10265  0.00887263  40
10270  0.00873297  40
10275  0.0085983  40
10280  0.00846841  40
10285  0.00834316  40
10290  0.00822237  40
10295  0.00810588  40
10300  0.00799354  40
10305  0.0078852  40
10310  0.00778073  40
10315  0.00767997  40
10320  0.00758281  40
10325  0.00748911  40
10330  0.00739874  40
10335  0.0073116  40
10340  0.00722756  40
10345  0.00714651  40
10350  0.00706835  40
10355  0.00699298  40
10360  0.00692029  40
10365  0.00685019  40
10370  0.00678258  40
10375  0.00671739  40
10380  0.00665452  40
10385  0.00659389  40
10390  0.00653542  40
10395  0.00647903  40
10400  0.00642465  40
10405  0.00637221  40
10410  0.00632164  40
10415  0.00627286  40
10420  0.00622583  40
10425  0.00618047  40
10430  0.00613673  40
10435  0.00609455  40
10440  0.00605387  40
10445  0.00601463  40
10450  0.0059768  40
10455  0.00594031  40
10460  0.00590513  40
10465  0.00587119  40
10470  0.00583847  40
10475  0.00580691  40
10480  0.00577648  40
10485  0.00574713  40
10490  0.00571883  40
10495  0.00569153  40
10500  0.00566521  40
10505  0.00563982  40
10510  0.00561534  40
10515  0.00559173  40
10520  0.00556897  40
10525  0.00554701  40
10530  0.00552584  40
10535  0.00550542  40
10540  0.00548572  40
10545  0.00546673  40
10550  0.00544842  40
10555  0.00543076  40
10560  0.00541373  40
10565  0.0053973  40
10570  0.00538146  40
10575  0.00536618  40
10580  0.00535145  40
10585  0.00533725  40
10590  0.00532354  40
10595  0.00531033  40
10600  0.00529759  40
10605  0.0052853  40
10610  0.00527345  40
10615  0.00526202  40
10620  0.005251  40
10625  0.00524037  40
10630  0.00523012  40
10635  0.00522024  40
10640  0.00521071  40
10645  0.00520152  40
10650  0.00519265  40
10655  0.0051841  40
10660  0.00517586  40
10665  0.0051679  40
10670  0.00516024  40
10675  0.00515284  40
10680  0.00514571  40
10685  0.00513883  40
10690  0.0051322  40
10695  0.00512581  40
10700  0.00511964  40
10705  0.00511369  40
10710  0.00510795  40
10715  0.00510242  40
10720  0.00509709  40
10725  0.00509194  40
10730  0.00508698  40
10735  0.0050822  40
10740  0.00507758  40
10745  0.00507313  40
10750  0.00506884  40
10755  0.0050647  40
10760  0.00506071  40
10765  0.00505686  40
10770  0.00505315  40
10775  0.00504957  40
10780  0.00504612  40
10785  0.00504279  40
10790  0.00503958  40
10795  0.00503648  40
10800  0.0050335  40
10805  0.00503062  40
10810  0.00502784  40
10815  0.00502517  40
10820  0.00502258  40
10825  0.00502009  40
10830  0.00501769  40
10835  0.00501537  40
10840  0.00501314  40
10845  0.00501099  40
10850  0.00500891  40
10855  0.00500691  40
10860  0.00500497  40
10865  0.00500311  40
10870  0.00500131  40
10875  0.00499958  40
10880  0.00499791  40
10885  0.0049963  40
10890  0.00499475  40
10895  0.00499325  40
10900  0.0049918  40
10905  0.00499041  40
10910  0.00498906  40
10915  0.00498777  40
10920  0.00498652  40
10925  0.00498531  40
10930  0.00498415  40
10935  0.00498303  40
10940  0.00498195  40
10945  0.0049809  40
10950  0.0049799  40
10955  0.00497893  40
10960  0.00497799  40
10965  0.00497709  40
10970  0.00497622  40
10975  0.00497538  40
10980  0.00497458  40
10985  0.0049738  40
10990  0.00497304  40
10995  0.00497232  40
11000  -0.00182876  -120
11000  0.00125614  -60
11005  0.0403903  -60
11010  0.0725441  -60
11015  0.0989015  -60
11020  0.120446  -60
11025  0.137995  -60
11030  0.152227  -60
11035  0.163706  -60
11040  0.172901  -60
11045  0.180201  -60
11050  0.185931  -60
11055  0.190357  -60
11060  0.193705  -60
11065  0.196159  -60
11070  0.197874  -60
11075  0.198977  -60
11080  0.199575  -60
11085  0.199756  -60
11090  0.199593  -60
11095  0.199148  -60
11100  0.198471  -60
11105  0.197604  -60
11110  0.196583  -60
11115  0.195435  -60
11120  0.194185  -60
11125  0.192854  -60
11130  0.191457  -60
11135  0.190008  -60
11140  0.188519  -60
11145  0.186999  -60
11150  0.185456  -60
11155  0.183896  -60
11160  0.182326  -60
11165  0.180748  -60
11170  0.179168  -60
11175  0.177587  -60
11180  0.176009  -60
11185  0.174435  -60
11190  0.172867  -60
11195  0.171306  -60
11200  0.169755  -60
11205  0.168212  -60
11210  0.16668  -60
11215  0.165159  -60
11220  0.163649  -60
11225  0.16215  -60
11230  0.160664  -60
11235  0.159189  -60
11240  0.157727  -60
11245  0.156278  -60
11250  0.15484  -60
11255  0.153416  -60
11260  0.152003  -60
11265  0.150604  -60
11270  0.149216  -60
11275  0.147842  -60
11280  0.146479  -60
11285  0.145129  -60
11290  0.143791  -60
11295  0.142466  -60
11300  0.141152  -60
11305  0.13985  -60
11310  0.138561  -60
11315  0.137283  -60
11320  0.136017  -60
11325  0.134763  -60
11330  0.13352  -60
11335  0.132288  -60
11340  0.131068  -60
11345  0.129859  -60
11350  0.128661  -60
11355  0.127474  -60
11360  0.126299  -60
11365  0.125134  -60
11370  0.12398  -60
11375  0.122836  -60
11380  0.121703  -60
11385  0.12058  -60
11390  0.119468  -60
11395  0.118366  -60
11400  0.117274  -60
11405  0.116193  -60
11410  0.115121  -60
11415  0.114059  -60
11420  0.113007  -60
11425  0.111965  -60
11430  0.110932  -60
11435  0.109909  -60
11440  0.108895  -60
11445  0.107891  -60
11450  0.106896  -60
11455  0.10591  -60
11460  0.104933  -60
11465  0.103965  -60
11470  0.103006  -60
11475  0.102056  -60
11480  0.101115  -60
11485  0.100183  -60
11490  0.0992587  -60
11495  0.0983433  -60
11500  0.0974363  -60
11505  0.0965377  -60
11510  0.0956474  -60
11515  0.0947654  -60
11520  0.0938914  -60
11525  0.0930256  -60
11530  0.0921677  -60
11535  0.0913178  -60
11540  0.0904757  -60
11545  0.0896413  -60
11550  0.0888147  -60
11555  0.0879957  -60
11560  0.0871843  -60
11565  0.0863803  -60
11570  0.0855838  -60
11575  0.0847947  -60
11580  0.0840128  -60
11585  0.0832381  -60
11590  0.0824706  -60
11595  0.0817102  -60
11600  0.0809568  -60
11605  0.0802103  -60
11610  0.0794707  -60
11615  0.078738  -60
11620  0.078012  -60
11625  0.0772928  -60
11630  0.0765801  -60
11635  0.0758741  -60
11640  0.0751746  -60
11645  0.0744815  -60
11650  0.0737948  -60
11655  0.0731145  -60
11660  0.0724404  -60
11665  0.0717726  -60
11670  0.0711109  -60
11675  0.0704553  -60
11680  0.0698058  -60
11685  0.0691623  -60
11690  0.0685247  -60
11695  0.0678931  -60
11700  0.0672672  -60
11705  0.0666471  -60
11710  0.0660328  -60
11715  0.0654241  -60
11720  0.064821  -60
11725  0.0642235  -60
11730  0.0636315  -60
11735  0.063045  -60
11740  0.0624639  -60
11745  0.0618882  -60
11750  0.0613178  -60
11755  0.0607526  -60
11760  0.0601927  -60
11765  0.0596379  -60
11770  0.0590883  -60
11775  0.0585437  -60
11780  0.0580041  -60
11785  0.0574696  -60
11790  0.0569399  -60
11795  0.0564152  -60
11800  0.0558953  -60
11805  0.0553802  -60
11810  0.0548699  -60
11815  0.0543642  -60
11820  0.0538633  -60
11825  0.0533669  -60
11830  0.0528752  -60
11835  0.0523879  -60
11840  0.0519052  -60
11845  0.051427  -60
11850  0.0509531  -60
11855  0.0504836  -60
11860  0.0500185  -60
11865  0.0495576  -60
11870  0.049101  -60
11875  0.0486487  -60
11880  0.0482005  -60
11885  0.0477564  -60
11890  0.0473164  -60
11895  0.0468805  -60
11900  0.0464487  -60
11905  0.0460208  -60
11910  0.0455968  -60
11915  0.0451768  -60
11920  0.0447606  -60
11925  0.0443483  -60
11930  0.0439398  -60
11935  0.0435351  -60
11940  0.0431341  -60
11945  0.0427368  -60
11950  0.0423432  -60
11955  0.0419532  -60
11960  0.0415668  -60
11965  0.041184  -60
11970  0.0408047  -60
11975  0.0404289  -60
11980  0.0400566  -60
11985  0.0396877  -60
11990  0.0393222  -60
11995  0.0389601  -60
12000  0.0386013  -60
12005  0.0382459  -60
12010  0.0378937  -60
12015  0.0375448  -60
12020  0.0371991  -60
12025  0.0368566  -60
12030  0.0365173  -60
12035  0.0361811  -60
12040  0.035848  -60
12045  0.0355179  -60
12050  0.0351909  -60
12055  0.034867  -60
12060  0.034546  -60
12065  0.034228  -60
12070  0.0339129  -60
12075  0.0336007  -60
12080  0.0332914  -60
12085  0.032985  -60
12090  0.0326814  -60
12095  0.0323806  -60
12100  0.0320826  -60
12105  0.0317873  -60
12110  0.0314948  -60
12115  0.0312049  -60
12120  0.0309178  -60
12125  0.0306332  -60
12130  0.0303513  -60
12135  0.0300721  -60
12140  0.0297953  -60
12145  0.0295212  -60
12150  0.0292496  -60
12155  0.0289804  -60
12160  0.0287138  -60
12165  0.0284496  -60
12170  0.0281879  -60
12175  0.0279286  -60
12180  0.0276717  -60
12185  0.0274171  -60
12190  0.0271649  -60
12195  0.026915  -60
12200  0.0266675  -60
12205  0.0264222  -60
12210  0.0261792  -60
12215  0.0259384  -60
12220  0.0256998  -60
12225  0.0254635  -60
12230  0.0252293  -60
12235  0.0249973  -60
12240  0.0247675  -60
12245  0.0245397  -60
12250  0.0243141  -60
12255  0.0240905  -60
12260  0.023869  -60
12265  0.0236496  -60
12270  0.0234322  -60
12275  0.0232167  -60
12280  0.0230033  -60
12285  0.0227919  -60
12290  0.0225823  -60
12295  0.0223748  -60
12300  0.0221691  -60
12305  0.0219654  -60
12310  0.0217635  -60
12315  0.0215635  -60
12320  0.0213653  -60
12325  0.021169  -60
12330  0.0209745  -60
12335  0.0207817  -60
12340  0.0205908  -60
12345  0.0204016  -60
12350  0.0202142  -60
12355  0.0200285  -60
12360  0.0198445  -60
12365  0.0196622  -60
12370  0.0194816  -60
12375  0.0193026  -60
12380  0.0191253  -60
12385  0.0189497  -60
12390  0.0187756  -60
12395  0.0186032  -60
12400  0.0184324  -60
12405  0.0182631  -60
12410  0.0180954  -60
12415  0.0179292  -60
12420  0.0177646  -60
12425  0.0176015  -60
12430  0.0174399  -60
12435  0.0172798  -60
12440  0.0171212  -60
12445  0.0169641  -60
12450  0.0168084  -60
12455  0.0166541  -60
12460  0.0165013  -60
12465  0.0163498  -60
12470  0.0161998  -60
12475  0.0160511  -60
12480  0.0159039  -60
12485  0.0157579  -60
12490  0.0156134  -60
12495  0.0154701  -60
12500  0.0153282  -60
12505  0.0151876  -60
12510  0.0150483  -60
12515  0.0149103  -60
12520  0.0147735  -60
12525  0.0146381  -60
12530  0.0145038  -60
12535  0.0143708  -60
12540  0.0142391  -60
12545  0.0141085  -60
12550  0.0139792  -60
12555  0.013851  -60
12560  0.0137241  -60
12565  0.0135983  -60
12570  0.0134736  -60
12575  0.0133501  -60
12580  0.0132278  -60
12585  0.0131066  -60
12590  0.0129865  -60
12595  0.0128675  -60
12600  0.0127496  -60
12605  0.0126328  -60
12610  0.0125171  -60
12615  0.0124024  -60
12620  0.0122889  -60
12625  0.0121763  -60
12630  0.0120648  -60
12635  0.0119543  -60
12640  0.0118449  -60
12645  0.0117364  -60
12650  0.011629  -60
12655  0.0115225  -60
12660  0.011417  -60
12665  0.0113125  -60
12670  0.011209  -60
12675  0.0111064  -60
12680  0.0110048  -60
12685  0.0109041  -60
12690  0.0108044  -60
12695  0.0107055  -60
12700  0.0106076  -60
12705  0.0105106  -60
12710  0.0104144  -60
12715  0.0103192  -60
12720  0.0102248  -60
12725  0.0101313  -60
12730  0.0100387  -60
12735  0.00994693  -60
12740  0.009856  -60
12745  0.00976591  -60
12750  0.00967666  -60
12755  0.00958823  -60
12760  0.00950061  -60
12765  0.00941381  -60
12770  0.0093278  -60
12775  0.00924259  -60
12780  0.00915817  -60
12785  0.00907452  -60
12790  0.00899165  -60
12795  0.00890954  -60
12800  0.00882819  -60
12805  0.00874759  -60
12810  0.00866774  -60
12815  0.00858862  -60
12820  0.00851023  -60
12825  0.00843257  -60
12830  0.00835562  -60
12835  0.00827939  -60
12840  0.00820385  -60
12845  0.00812902  -60
12850  0.00805487  -60
12855  0.00798141  -60
12860  0.00790863  -60
12865  0.00783652  -60
12870  0.00776508  -60
12875  0.00769429  -60
12880  0.00762416  -60
12885  0.00755468  -60
12890  0.00748584  -60
12895  0.00741763  -60
12900  0.00735005  -60
12905  0.0072831  -60
12910  0.00721676  -60
12915  0.00715104  -60
12920  0.00708592  -60
12925  0.00702141  -60
12930  0.00695749  -60
12935  0.00689416  -60
12940  0.00683141  -60
12945  0.00676925  -60
12950  0.00670766  -60
12955  0.00664663  -60
12960  0.00658617  -60
12965  0.00652627  -60
12970  0.00646692  -60
12975  0.00640812  -60
12980  0.00634986  -60
12985  0.00629214  -60
12990  0.00623496  -60
12995  0.0061783  -60
13000  0.00612216  -60
13005  0.00606654  -60
13010  0.00601144  -60
13015  0.00595684  -60
13020  0.00590275  -60
13025  0.00584916  -60
13030  0.00579606  -60
13035  0.00574345  -60
13040  0.00569133  -60
13045  0.00563969  -60
13050  0.00558853  -60
13055  0.00553783  -60
13060  0.00548761  -60
13065  0.00543785  -60
13070  0.00538855  -60
13075  0.0053397  -60
13080  0.00529131  -60
13085  0.00524336  -60
13090  0.00519585  -60
13095  0.00514879  -60
13100  0.00510215  -60
13105  0.00505595  -60
13110  0.00501018  -60
13115  0.00496482  -60
13120  0.00491989  -60
13125  0.00487537  -60
13130  0.00483126  -60
13135  0.00478756  -60
13140  0.00474426  -60
13145  0.00470137  -60
13150  0.00465886  -60
13155  0.00461675  -60
13160  0.00457503  -60
13165  0.0045337  -60
13170  0.00449274  -60
13175  0.00445217  -60
13180  0.00441196  -60
13185  0.00437213  -60
13190  0.00433267  -60
13195  0.00429357  -60
13200  0.00425484  -60
13205  0.00421646  -60
13210  0.00417843  -60
13215  0.00414076  -60
13220  0.00410343  -60
13225  0.00406645  -60
13230  0.00402981  -60
13235  0.0039935  -60
13240  0.00395754  -60
13245  0.0039219  -60
13250  0.00388659  -60
13255  0.00385161  -60
13260  0.00381696  -60
13265  0.00378262  -60
13270  0.0037486  -60
13275  0.00371489  -60
13280  0.0036815  -60
13285  0.00364841  -60
13290  0.00361563  -60
13295  0.00358315  -60
13300  0.00355097  -60
13305  0.00351909  -60
13310  0.0034875  -60
13315  0.0034562  -60
13320  0.00342519  -60
13325  0.00339447  -60
13330  0.00336404  -60
13335  0.00333388  -60
13340  0.003304  -60
13345  0.0032744  -60
13350  0.00324507  -60
13355  0.00321601  -60
13360  0.00318722  -60
13365  0.0031587  -60
13370  0.00313044  -60
13375  0.00310244  -60
13380  0.00307469  -60
13385  0.00304721  -60
13390  0.00301998  -60
13395  0.002993  -60
13400  0.00296627  -60
13405  0.00293978  -60
13410  0.00291354  -60
13415  0.00288754  -60
13420  0.00286179  -60
13425  0.00283627  -60
13430  0.00281098  -60
13435  0.00278593  -60
13440  0.00276111  -60
13445  0.00273652  -60
13450  0.00271216  -60
13455  0.00268802  -60
13460  0.0026641  -60
13465  0.00264041  -60
13470  0.00261693  -60
13475  0.00259367  -60
13480  0.00257063  -60
13485  0.00254779  -60
13490  0.00252517  -60
13495  0.00250276  -60
13500  0.00248055  -60
13505  0.00245855  -60
13510  0.00243676  -60
13515  0.00241516  -60
13520  0.00239376  -60
13525  0.00237256  -60
13530  0.00235156  -60
13535  0.00233075  -60
13540  0.00231013  -60
13545  0.0022897  -60
13550  0.00226947  -60
13555  0.00224941  -60
13560  0.00222955  -60
13565  0.00220986  -60
13570  0.00219036  -60
13575  0.00217104  -60
13580  0.0021519  -60
13585  0.00213293  -60
13590  0.00211414  -60
13595  0.00209552  -60
13600  0.00207707  -60
13605  0.0020588  -60
13610  0.00204069  -60
13615  0.00202275  -60
13620  0.00200498  -60
13625  0.00198737  -60
13630  0.00196992  -60
13635  0.00195263  -60
13640  0.0019355  -60
13645  0.00191854  -60
13650  0.00190172  -60
13655  0.00188507  -60
13660  0.00186856  -60
13665  0.00185221  -60
13670  0.00183601  -60
13675  0.00181996  -60
13680  0.00180406  -60
13685  0.0017883  -60
13690  0.00177269  -60
13695  0.00175723  -60
13700  0.0017419  -60
13705  0.00172672  -60
13710  0.00171168  -60
13715  0.00169678  -60
13720  0.00168201  -60
13725  0.00166738  -60
13730  0.00165289  -60
13735  0.00163853  -60
13740  0.0016243  -60
13745  0.00161021  -60
13750  0.00159624  -60
13755  0.0015824  -60
13760  0.00156869  -60
13765  0.00155511  -60
13770  0.00154165  -60
13775  0.00152832  -60
13780  0.00151511  -60
13785  0.00150202  -60
13790  0.00148905  -60
13795  0.00147621  -60
13800  0.00146348  -60
13805  0.00145087  -60
13810  0.00143837  -60
13815  0.00142599  -60
13820  0.00141373  -60
13825  0.00140157  -60
13830  0.00138953  -60
13835  0.0013776  -60
13840  0.00136579  -60
13845  0.00135408  -60
13850  0.00134247  -60
13855  0.00133098  -60
13860  0.00131959  -60
13865  0.00130831  -60
13870  0.00129713  -60
13875  0.00128605  -60
13880  0.00127508  -60
13885  0.00126421  -60
13890  0.00125344  -60
13895  0.00124276  -60
13900  0.00123219  -60
13905  0.00122171  -60
13910  0.00121133  -60
13915  0.00120105  -60
13920  0.00119086  -60
13925  0.00118077  -60
13930  0.00117076  -60
13935  0.00116085  -60
13940  0.00115104  -60
13945  0.00114131  -60
13950  0.00113167  -60
13955  0.00112212  -60
13960  0.00111266  -60
13965  0.00110329  -60
13970  0.001094  -60
13975  0.0010848  -60
13980  0.00107569  -60
13985  0.00106666  -60
13990  0.00105771  -60
13995  0.00104884  -60
14000  0.00104006  -60
14005  0.00103135  -60
14010  0.00102273  -60
14015  0.00101419  -60
14020  0.00100573  -60
14025  0.00099734  -60
14030  0.000989032  -60
14035  0.0009808  -60
14040  0.000972644  -60
14045  0.000964564  -60
14050  0.000956558  -60
14055  0.000948626  -60
14060  0.000940768  -60
14065  0.000932982  -60
14070  0.000925267  -60
14075  0.000917624  -60
14080  0.000910052  -60
14085  0.000902549  -60
14090  0.000895116  -60
14095  0.000887751  -60
14100  0.000880455  -60
14105  0.000873225  -60
14110  0.000866063  -60
14115  0.000858966  -60
14120  0.000851935  -60
14125  0.000844969  -60
14130  0.000838067  -60
14135  0.000831229  -60
14140  0.000824454  -60
14145  0.000817742  -60
14150  0.000811092  -60
14155  0.000804503  -60
14160  0.000797974  -60
14165  0.000791506  -60
14170  0.000785098  -60
14175  0.000778749  -60
14180  0.000772459  -60
14185  0.000766226  -60
14190  0.000760052  -60
14195  0.000753934  -60
14200  0.000747872  -60
14205  0.000741867  -60
14210  0.000735917  -60
14215  0.000730022  -60
14220  0.000724181  -60
14225  0.000718395  -60
14230  0.000712661  -60
14235  0.000706981  -60
14240  0.000701353  -60
14245  0.000695777  -60
14250  0.000690253  -60
14255  0.000684779  -60
14260  0.000679356  -60
14265  0.000673983  -60
14270  0.00066866  -60
14275  0.000663386  -60
14280  0.00065816  -60
14285  0.000652983  -60
14290  0.000647854  -60
14295  0.000642772  -60
14300  0.000637736  -60
14305  0.000632748  -60
14310  0.000627805  -60
14315  0.000622908  -60
14320  0.000618056  -60
14325  0.000613249  -60
14330  0.000608487  -60
14335  0.000603768  -60
14340  0.000599093  -60
14345  0.000594461  -60
14350  0.000589872  -60
14355  0.000585325  -60
14360  0.00058082  -60
14365  0.000576357  -60
14370  0.000571935  -60
14375  0.000567553  -60
14380  0.000563213  -60
14385  0.000558912  -60
14390  0.000554651  -60
14395  0.000550429  -60
14400  0.000546246  -60
14405  0.000542102  -60
14410  0.000537997  -60
14415  0.000533929  -60
14420  0.000529898  -60
14425  0.000525905  -60
14430  0.000521949  -60
14435  0.000518029  -60
14440  0.000514145  -60
14445  0.000510298  -60
14450  0.000506485  -60
14455  0.000502708  -60
14460  0.000498966  -60
14465  0.000495258  -60
14470  0.000491585  -60
14475  0.000487946  -60
14480  0.00048434  -60
14485  0.000480767  -60
14490  0.000477227  -60
14495  0.00047372  -60
14500  0.000470246  -60
14505  0.000466803  -60
14510  0.000463393  -60
14515  0.000460013  -60
14520  0.000456665  -60
14525  0.000453348  -60
14530  0.000450062  -60
14535  0.000446806  -60
14540  0.000443579  -60
14545  0.000440383  -60
14550  0.000437216  -60
14555  0.000434079  -60
14560  0.00043097  -60
14565  0.00042789  -60
14570  0.000424839  -60
14575  0.000421815  -60
14580  0.00041882  -60
14585  0.000415852  -60
14590  0.000412912  -60
14595  0.000409999  -60
14600  0.000407112  -60
14605  0.000404253  -60
14610  0.000401419  -60
14615  0.000398612  -60
14620  0.000395831  -60
14625  0.000393075  -60
14630  0.000390345  -60
14635  0.00038764  -60
14640  0.00038496  -60
14645  0.000382305  -60
14650  0.000379675  -60
14655  0.000377068  -60
14660  0.000374486  -60
14665  0.000371927  -60
14670  0.000369393  -60
14675  0.000366881  -60
14680  0.000364393  -60
14685  0.000361927  -60
14690  0.000359485  -60
14695  0.000357065  -60
14700  0.000354667  -60
14705  0.000352292  -60
14710  0.000349938  -60
14715  0.000347606  -60
14720  0.000345296  -60
14725  0.000343007  -60
14730  0.000340739  -60
14735  0.000338492  -60
14740  0.000336266  -60
14745  0.00033406  -60
14750  0.000331875  -60
14755  0.00032971  -60
14760  0.000327565  -60
14765  0.000325439  -60
14770  0.000323333  -60
14775  0.000321247  -60
14780  0.00031918  -60
14785  0.000317132  -60
14790  0.000315103  -60
14795  0.000313093  -60
14800  0.000311101  -60
14805  0.000309128  -60
14810  0.000307173  -60
14815  0.000305236  -60
14820  0.000303316  -60
14825  0.000301415  -60
14830  0.000299531  -60
14835  0.000297664  -60
14840  0.000295815  -60
14845  0.000293983  -60
14850  0.000292168  -60
14855  0.000290369  -60
14860  0.000288587  -60
14865  0.000286821  -60
14870  0.000285072  -60
14875  0.000283339  -60
14880  0.000281622  -60
14885  0.000279921  -60
14890  0.000278235  -60
14895  0.000276565  -60
14900  0.000274911  -60
14905  0.000273272  -60
14910  0.000271647  -60
14915  0.000270038  -60
14920  0.000268444  -60
14925  0.000266864  -60
14930  0.000265299  -60
14935  0.000263749  -60
14940  0.000262213  -60
14945  0.000260691  -60
14950  0.000259183  -60
14955  0.000257689  -60
14960  0.000256208  -60
