0.005  1.89293e-17  -80
5.005  1.59763e-09  -80
10.005  6.14739e-09  -80
15.005  1.30614e-08  -80
20.005  2.18565e-08  -80
25.005  3.21364e-08  -80
30.005  4.3576e-08  -80
35.005  5.59075e-08  -80
40.005  6.89101e-08  -80
45.005  8.24017e-08  -80
50.005  9.62318e-08  -80
55.005  1.10276e-07  -80
60.005  1.24432e-07  -80
65.005  1.38616e-07  -80
70.005  1.52757e-07  -80
75.005  1.66799e-07  -80
80.005  1.80696e-07  -80
85.005  1.94409e-07  -80
90.005  2.0791e-07  -80
95.005  2.21172e-07  -80
100.005  2.34179e-07  -80
105.005  2.46914e-07  -80
110.005  2.59368e-07  -80
115.005  2.71533e-07  -80
120.005  2.83403e-07  -80
125.005  2.94975e-07  -80
130.005  3.06249e-07  -80
135.005  3.17225e-07  -80
140.005  3.27904e-07  -80
145.005  3.38289e-07  -80
150.005  3.48384e-07  -80
155.005  3.58192e-07  -80
160.005  3.67718e-07  -80
165.005  3.76968e-07  -80
170.005  3.85947e-07  -80
175.005  3.94661e-07  -80
180.005  4.03115e-07  -80
185.005  4.11317e-07  -80
190.005  4.19271e-07  -80
195.005  4.26985e-07  -80
200.005  4.34464e-07  -80
205.005  4.41715e-07  -80
210.005  4.48745e-07  -80
215.005  4.55558e-07  -80
220.005  4.62162e-07  -80
225.005  4.68562e-07  -80
230.005  4.74763e-07  -80
235.005  4.80773e-07  -80
240.005  4.86596e-07  -80
245.005  4.92239e-07  -80
250.005  4.97705e-07  -80
255.005  5.03001e-07  -80
260.005  5.08132e-07  -80
265.005  5.13103e-07  -80
270.005  5.17919e-07  -80
275.005  5.22583e-07  -80
280.005  5.27102e-07  -80
285.005  5.3148e-07  -80
290.005  5.3572e-07  -80
295.005  5.39827e-07  -80
300.005  5.43806e-07  -80
305.005  5.4766e-07  -80
310.005  5.51393e-07  -80
315.005  5.55008e-07  -80
320.005  5.5851e-07  -80
325.005  5.61903e-07  -80
330.005  5.65188e-07  -80
335.005  5.68371e-07  -80
340.005  5.71453e-07  -80
345.005  5.74439e-07  -80
350.005  5.7733e-07  -80
355.005  5.80131e-07  -80
360.005  5.82844e-07  -80
365.005  5.85471e-07  -80
370.005  5.88016e-07  -80
375.005  5.90481e-07  -80
380.005  5.92869e-07  -80
385.005  5.95181e-07  -80
390.005  5.9742e-07  -80
395.005  5.9959e-07  -80
400.005  6.01691e-07  -80
405.005  6.03725e-07  -80
410.005  6.05696e-07  -80
415.005  6.07605e-07  -80
420.005  6.09454e-07  -80
425.005  6.11244e-07  -80
430.005  6.12979e-07  -80
435.005  6.14658e-07  -80
440.005  6.16285e-07  -80
445.005  6.17861e-07  -80
450.005  6.19387e-07  -80
455.005  6.20865e-07  -80
460.005  6.22297e-07  -80
465.005  6.23684e-07  -80
470.005  6.25027e-07  -80
475.005  6.26327e-07  -80
480.005  6.27587e-07  -80
485.005  6.28807e-07  -80
490.005  6.29989e-07  -80
495.005  6.31134e-07  -80
500.005  6.32242e-07  -80
505.005  6.33316e-07  -80
510.005  6.34356e-07  -80
515.005  6.35363e-07  -80
520.005  6.36338e-07  -80
525.005  6.37283e-07  -80
530.005  6.38198e-07  -80
535.005  6.39085e-07  -80
540.005  6.39943e-07  -80
545.005  6.40775e-07  -80
550.005  6.4158e-07  -80
555.005  6.4236e-07  -80
560.005  6.43115e-07  -80
565.005  6.43847e-07  -80
570.005  6.44555e-07  -80
575.005  6.45242e-07  -80
580.005  6.45906e-07  -80
585.005  6.4655e-07  -80
590.005  6.47174e-07  -80
595.005  6.47778e-07  -80
600.005  6.48363e-07  -80
605.005  6.48929e-07  -80
610.005  6.49478e-07  -80
615.005  6.50009e-07  -80
620.005  6.50524e-07  -80
625.005  6.51022e-07  -80
630.005  6.51505e-07  -80
635.005  6.51973e-07  -80
640.005  6.52426e-07  -80
645.005  6.52864e-07  -80
650.005  6.53289e-07  -80
655.005  6.53701e-07  -80
660.005  6.54099e-07  -80
665.005  6.54485e-07  -80
670.005  6.54859e-07  -80
675.005  6.55221e-07  -80
680.005  6.55572e-07  -80
685.005  6.55912e-07  -80
690.005  6.56241e-07  -80
695.005  6.56559e-07  -80
700.005  6.56868e-07  -80
705.005  6.57167e-07  -80
710.005  6.57456e-07  -80
715.005  6.57737e-07  -80
720.005  6.58008e-07  -80
725.005  6.58271e-07  -80
730.005  6.58526e-07  -80
735.005  6.58773e-07  -80
740.005  6.59012e-07  -80
745.005  6.59243e-07  -80
750.005  6.59468e-07  -80
755.005  6.59685e-07  -80
760.005  6.59895e-07  -80
765.005  6.60099e-07  -80
770.005  6.60296e-07  -80
775.005  6.60487e-07  -80
780.005  6.60672e-07  -80
785.005  6.60851e-07  -80
790.005  6.61025e-07  -80
795.005  6.61193e-07  -80
800.005  6.61356e-07  -80
805.005  6.61514e-07  -80
810.005  6.61666e-07  -80
815.005  6.61814e-07  -80
820.005  6.61958e-07  -80
825.005  6.62096e-07  -80
830.005  6.62231e-07  -80
835.005  6.62361e-07  -80
840.005  6.62487e-07  -80
845.005  6.62609e-07  -80
850.005  6.62727e-07  -80
855.005  6.62842e-07  -80
860.005  6.62953e-07  -80
865.005  6.6306e-07  -80
870.005  6.63164e-07  -80
875.005  6.63265e-07  -80
880.005  6.63363e-07  -80
885.005  6.63457e-07  -80
890.005  6.63549e-07  -80
895.005  6.63638e-07  -80
900.005  6.63724e-07  -80
905.005  6.63807e-07  -80
910.005  6.63887e-07  -80
915.005  6.63966e-07  -80
920.005  6.64041e-07  -80
925.005  6.64114e-07  -80
930.005  6.64185e-07  -80
935.005  6.64254e-07  -80
940.005  6.6432e-07  -80
945.005  6.64385e-07  -80
950.005  6.64447e-07  -80
955.005  6.64508e-07  -80
960.005  6.64566e-07  -80
965.005  6.64623e-07  -80
970.005  6.64678e-07  -80
975.005  6.64731e-07  -80
980.005  6.64783e-07  -80
985.005  6.64833e-07  -80
990.005  6.64881e-07  -80
995.005  6.64928e-07  -80
1000  6.64973e-07  -80
1005  6.65017e-07  -80
1010  6.65059e-07  -80
1015  6.65101e-07  -80
1020  6.65141e-07  -80
1025  6.65179e-07  -80
1030  6.65217e-07  -80
1035  6.65253e-07  -80
1040  6.65288e-07  -80
1045  6.65322e-07  -80
1050  6.65355e-07  -80
1055  6.65387e-07  -80
1060  6.65418e-07  -80
1065.01  6.65448e-07  -80
1070.01  6.65477e-07  -80
1075.01  6.65505e-07  -80
1080.01  6.65532e-07  -80
1085.01  6.65558e-07  -80
1090.01  6.65584e-07  -80
1095.01  6.65608e-07  -80
1100.01  6.65632e-07  -80
1105.01  6.65655e-07  -80
1110.01  6.65678e-07  -80
1115.01  6.657e-07  -80
1120.01  6.65721e-07  -80
1125.01  6.65741e-07  -80
1130.01  6.65761e-07  -80
1135.01  6.6578e-07  -80
1140.01  6.65798e-07  -80
1145.01  6.65816e-07  -80
1150.01  6.65834e-07  -80
1155.01  6.6585e-07  -80
1160.01  6.65867e-07  -80
1165.01  6.65883e-07  -80
1170.01  6.65898e-07  -80
1175.01  6.65913e-07  -80
1180.01  6.65927e-07  -80
1185.01  6.65941e-07  -80
1190.01  6.65954e-07  -80
1195.01  6.65967e-07  -80
1200.01  6.6598e-07  -80
1205.01  6.65992e-07  -80
1210.01  6.66004e-07  -80
1215.01  6.66016e-07  -80
1220.01  6.66027e-07  -80
1225.01  6.66037e-07  -80
1230.01  6.66048e-07  -80
1235.01  6.66058e-07  -80
1240.01  6.66068e-07  -80
1245.01  6.66077e-07  -80
1250.01  6.66086e-07  -80
1255.01  6.66095e-07  -80
1260.01  6.66104e-07  -80
1265.01  6.66112e-07  -80
1270.01  6.6612e-07  -80
1275.01  6.66128e-07  -80
1280.01  6.66136e-07  -80
1285.01  6.66143e-07  -80
1290.01  6.6615e-07  -80
1295.01  6.66157e-07  -80
1300.01  6.66163e-07  -80
1305.01  6.6617e-07  -80
1310.01  6.66176e-07  -80
1315.01  6.66182e-07  -80
1320.01  6.66188e-07  -80
1325.01  6.66194e-07  -80
1330.01  6.66199e-07  -80
1335.01  6.66205e-07  -80
1340.01  6.6621e-07  -80
1345.01  6.66215e-07  -80
1350.01  6.6622e-07  -80
1355.01  6.66224e-07  -80
1360.01  6.66229e-07  -80
1365.01  6.66233e-07  -80
1370.01  6.66237e-07  -80
1375.01  6.66242e-07  -80
1380.01  6.66246e-07  -80
1385.01  6.66249e-07  -80
1390.01  6.66253e-07  -80
1395.01  6.66257e-07  -80
1400.01  6.6626e-07  -80
1405.01  6.66264e-07  -80
1410.01  6.66267e-07  -80
1415.01  6.6627e-07  -80
1420.01  6.66273e-07  -80
1425.01  6.66276e-07  -80
1430.01  6.66279e-07  -80
1435.01  6.66282e-07  -80
1440.01  6.66285e-07  -80
1445.01  6.66287e-07  -80
1450.01  6.6629e-07  -80
1455.01  6.66292e-07  -80
1460.01  6.66295e-07  -80
1465.01  6.66297e-07  -80
1470.01  6.66299e-07  -80
1475.01  6.66302e-07  -80
1480.01  6.66304e-07  -80
1485.01  6.66306e-07  -80
1490.01  6.66308e-07  -80
1495.01  6.6631e-07  -80
1500.01  6.66311e-07  -80
1505.01  6.66313e-07  -80
1510.01  6.66315e-07  -80
1515.01  6.66317e-07  -80
1520.01  6.66318e-07  -80
1525.01  6.6632e-07  -80
1530.01  6.66321e-07  -80
1535.01  6.66323e-07  -80
1540.01  6.66324e-07  -80
1545.01  6.66326e-07  -80
1550.01  6.66327e-07  -80
1555.01  6.66328e-07  -80
1560.01  6.6633e-07  -80
1565.01  6.66331e-07  -80
1570.01  6.66332e-07  -80
1575.01  6.66333e-07  -80
1580.01  6.66334e-07  -80
1585.01  6.66335e-07  -80
1590.01  6.66336e-07  -80
1595.01  6.66337e-07  -80
1600.01  6.66338e-07  -80
1605.01  6.66339e-07  -80
1610.01  6.6634e-07  -80
1615.01  6.66341e-07  -80
1620.01  6.66342e-07  -80
1625.01  6.66343e-07  -80
1630.01  6.66344e-07  -80
1635.01  6.66344e-07  -80
1640.01  6.66345e-07  -80
1645.01  6.66346e-07  -80
1650.01  6.66347e-07  -80
1655.01  6.66347e-07  -80
1660.01  6.66348e-07  -80
1665.01  6.66349e-07  -80
1670.01  6.66349e-07  -80
1675.01  6.6635e-07  -80
1680.01  6.6635e-07  -80
1685.01  6.66351e-07  -80
1690.01  6.66352e-07  -80
1695.01  6.66352e-07  -80
1700.01  6.66353e-07  -80
1705.01  6.66353e-07  -80
1710.01  6.66354e-07  -80
1715.01  6.66354e-07  -80
1720.01  6.66354e-07  -80
1725.01  6.66355e-07  -80
1730.01  6.66355e-07  -80
1735.01  6.66356e-07  -80
1740.01  6.66356e-07  -80
1745.01  6.66357e-07  -80
1750.01  6.66357e-07  -80
1755.01  6.66357e-07  -80
1760.01  6.66358e-07  -80
1765.01  6.66358e-07  -80
1770.01  6.66358e-07  -80
1775.01  6.66359e-07  -80
1780.01  6.66359e-07  -80
1785.01  6.66359e-07  -80
1790.01  6.6636e-07  -80
1795.01  6.6636e-07  -80
1800.01  6.6636e-07  -80
1805.01  6.6636e-07  -80
1810.01  6.66361e-07  -80
1815.01  6.66361e-07  -80
1820.01  6.66361e-07  -80
1825.01  6.66361e-07  -80
1830.01  6.66362e-07  -80
1835.01  6.66362e-07  -80
1840.01  6.66362e-07  -80
1845.01  6.66362e-07  -80
1850.01  6.66362e-07  -80
1855.01  6.66363e-07  -80
1860.01  6.66363e-07  -80
1865.01  6.66363e-07  -80
1870.01  6.66363e-07  -80
1875.01  6.66363e-07  -80
1880.01  6.66363e-07  -80
1885.01  6.66364e-07  -80
1890.01  6.66364e-07  -80
1895.01  6.66364e-07  -80
1900.01  6.66364e-07  -80
1905.01  6.66364e-07  -80
1910.01  6.66364e-07  -80
1915.01  6.66364e-07  -80
1920.01  6.66365e-07  -80
1925.01  6.66365e-07  -80
1930.01  6.66365e-07  -80
1935.01  6.66365e-07  -80
1940.01  6.66365e-07  -80
1945.01  6.66365e-07  -80
1950.01  6.66365e-07  -80
1955.01  6.66365e-07  -80
1960.01  6.66365e-07  -80
1965.01  6.66366e-07  -80
1970.01  6.66366e-07  -80
1975.01  6.66366e-07  -80
1980.01  6.66366e-07  -80
1985.01  6.66366e-07  -80
1990.01  6.66366e-07  -80
1995.01  6.66366e-07  -80
2000.01  6.66366e-07  -80
2005.01  6.66366e-07  -80
2010.01  6.66366e-07  -80
2015.01  6.66366e-07  -80
2020.01  6.66366e-07  -80
2025.01  6.66366e-07  -80
2030.01  6.66367e-07  -80
2035.01  6.66367e-07  -80
2040.01  6.66367e-07  -80
2045.01  6.66367e-07  -80
2050.01  6.66367e-07  -80
2055.01  6.66367e-07  -80
2060.01  6.66367e-07  -80
2065.01  6.66367e-07  -80
2070.01  6.66367e-07  -80
2075.01  6.66367e-07  -80
2080.01  6.66367e-07  -80
2085.01  6.66367e-07  -80
2090.01  6.66367e-07  -80
2095.01  6.66367e-07  -80
2100.01  6.66367e-07  -80
2105.01  6.66367e-07  -80
2110.01  6.66367e-07  -80
2115.01  6.66367e-07  -80
2120.01  6.66367e-07  -80
2125.01  6.66367e-07  -80
2130.01  6.66367e-07  -80
2135.01  6.66367e-07  -80
2140.01  6.66368e-07  -80
2145.01  6.66368e-07  -80
2150.01  6.66368e-07  -80
2155.01  6.66368e-07  -80
2160.01  6.66368e-07  -80
2165.01  6.66368e-07  -80
2170.01  6.66368e-07  -80
2175.01  6.66368e-07  -80
2180.01  6.66368e-07  -80
2185.01  6.66368e-07  -80
2190.01  6.66368e-07  -80
2195.01  6.66368e-07  -80
2200.01  6.66368e-07  -80
2205.01  6.66368e-07  -80
2210.01  6.66368e-07  -80
2215.01  6.66368e-07  -80
2220.01  6.66368e-07  -80
2225.01  6.66368e-07  -80
2230.01  6.66368e-07  -80
2235.01  6.66368e-07  -80
2240.01  6.66368e-07  -80
2245.01  6.66368e-07  -80
2250.01  6.66368e-07  -80
2255.01  6.66368e-07  -80
2260.01  6.66368e-07  -80
2265.01  6.66368e-07  -80
2270.01  6.66368e-07  -80
2275.01  6.66368e-07  -80
2280.01  6.66368e-07  -80
2285.01  6.66368e-07  -80
2290.01  6.66368e-07  -80
2295.01  6.66368e-07  -80
2300.01  6.66368e-07  -80
2305.01  6.66368e-07  -80
2310.01  6.66368e-07  -80
2315.01  6.66368e-07  -80
2320.01  6.66368e-07  -80
2325.01  6.66368e-07  -80
2330.01  6.66368e-07  -80
2335.01  6.66368e-07  -80
2340.01  6.66368e-07  -80
2345.01  6.66368e-07  -80
2350.01  6.66368e-07  -80
2355.01  6.66368e-07  -80
2360.01  6.66368e-07  -80
2365.01  6.66368e-07  -80
2370.01  6.66368e-07  -80
2375.01  6.66368e-07  -80
2380.01  6.66368e-07  -80
2385.01  6.66368e-07  -80
2390.01  6.66368e-07  -80
2395.01  6.66368e-07  -80
2400.01  6.66368e-07  -80
2405.01  6.66368e-07  -80
2410.01  6.66368e-07  -80
2415.01  6.66368e-07  -80
2420.01  6.66368e-07  -80
2425.01  6.66368e-07  -80
2430.01  6.66368e-07  -80
2435.01  6.66368e-07  -80
2440.01  6.66368e-07  -80
2445.01  6.66368e-07  -80
2450.01  6.66368e-07  -80
2455.01  6.66368e-07  -80
2460.01  6.66368e-07  -80
2465.01  6.66368e-07  -80
2470.01  6.66368e-07  -80
2475.01  6.66368e-07  -80
2480.01  6.66368e-07  -80
2485.01  6.66368e-07  -80
2490.01  6.66368e-07  -80
2495.01  6.66368e-07  -80
2500.01  6.66368e-07  -80
2505.01  6.66368e-07  -80
2510.01  6.66368e-07  -80
2515.01  6.66368e-07  -80
2520.01  6.66368e-07  -80
2525.01  6.66368e-07  -80
2530.01  6.66368e-07  -80
2535.01  6.66368e-07  -80
2540.01  6.66368e-07  -80
2545.01  6.66368e-07  -80
2550.01  6.66368e-07  -80
2555.01  6.66368e-07  -80
2560.01  6.66368e-07  -80
2565.01  6.66368e-07  -80
2570.01  6.66368e-07  -80
2575.01  6.66368e-07  -80
2580.01  6.66368e-07  -80
2585.01  6.66368e-07  -80
2590.01  6.66368e-07  -80
2595.01  6.66368e-07  -80
2600.01  6.66368e-07  -80
2605.01  6.66368e-07  -80
2610.01  6.66368e-07  -80
2615.01  6.66368e-07  -80
2620.01  6.66368e-07  -80
2625.01  6.66368e-07  -80
2630.01  6.66368e-07  -80
2635.01  6.66368e-07  -80
2640.01  6.66368e-07  -80
2645.01  6.66368e-07  -80
2650.01  6.66368e-07  -80
2655.01  6.66368e-07  -80
2660.01  6.66368e-07  -80
2665.01  6.66368e-07  -80
2670.01  6.66368e-07  -80
2675.01  6.66368e-07  -80
2680.01  6.66368e-07  -80
2685.01  6.66368e-07  -80
2690.01  6.66368e-07  -80
2695.01  6.66368e-07  -80
2700.01  6.66368e-07  -80
2705.01  6.66368e-07  -80
2710.01  6.66368e-07  -80
2715.01  6.66368e-07  -80
2720.01  6.66368e-07  -80
2725.01  6.66368e-07  -80
2730.01  6.66368e-07  -80
2735.01  6.66368e-07  -80
2740.01  6.66368e-07  -80
2745.01  6.66368e-07  -80
2750.01  6.66368e-07  -80
2755.01  6.66368e-07  -80
2760.01  6.66368e-07  -80
2765.01  6.66368e-07  -80
2770.01  6.66368e-07  -80
2775.01  6.66368e-07  -80
2780.01  6.66368e-07  -80
2785.01  6.66368e-07  -80
2790.01  6.66368e-07  -80
2795.01  6.66368e-07  -80
2800.01  6.66368e-07  -80
2805.01  6.66368e-07  -80
2810.01  6.66368e-07  -80
2815.01  6.66368e-07  -80
2820.01  6.66368e-07  -80
2825.01  6.66368e-07  -80
2830.01  6.66368e-07  -80
2835.01  6.66368e-07  -80
2840.01  6.66368e-07  -80
2845.01  6.66368e-07  -80
2850.01  6.66368e-07  -80
2855.01  6.66368e-07  -80
2860.01  6.66368e-07  -80
2865.01  6.66368e-07  -80
2870.01  6.66368e-07  -80
2875.01  6.66368e-07  -80
2880.01  6.66368e-07  -80
2885.01  6.66368e-07  -80
2890.01  6.66368e-07  -80
2895.01  6.66368e-07  -80
2900.01  6.66368e-07  -80
2905.01  6.66368e-07  -80
2910.01  6.66368e-07  -80
2915.01  6.66368e-07  -80
2920.01  6.66368e-07  -80
2925.01  6.66368e-07  -80
2930.01  6.66368e-07  -80
2935.01  6.66368e-07  -80
2940.01  6.66368e-07  -80
2945.01  6.66368e-07  -80
2950.01  6.66368e-07  -80
2955.01  6.66368e-07  -80
2960.01  6.66368e-07  -80
2965.01  6.66368e-07  -80
2970.01  6.66368e-07  -80
2975.01  6.66368e-07  -80
2980.01  6.66368e-07  -80
2985.01  6.66368e-07  -80
2990.01  6.66368e-07  -80
2995.01  6.66368e-07  -80
3000.01  6.66368e-07  -80
3005.01  6.66368e-07  -80
3010.01  6.66368e-07  -80
3015.01  6.66368e-07  -80
3020.01  6.66368e-07  -80
3025.01  6.66368e-07  -80
3030.01  6.66368e-07  -80
3035.01  6.66368e-07  -80
3040.01  6.66368e-07  -80
3045.01  6.66368e-07  -80
3050.01  6.66368e-07  -80
3055.01  6.66368e-07  -80
3060.01  6.66368e-07  -80
3065.01  6.66368e-07  -80
3070.01  6.66368e-07  -80
3075.01  6.66368e-07  -80
3080.01  6.66368e-07  -80
3085.01  6.66368e-07  -80
3090.01  6.66368e-07  -80
3095.01  6.66368e-07  -80
3100.01  6.66368e-07  -80
3105.01  6.66368e-07  -80
3110.01  6.66368e-07  -80
3115.01  6.66368e-07  -80
3120.01  6.66368e-07  -80
3125.01  6.66368e-07  -80
3130.01  6.66368e-07  -80
3135.01  6.66368e-07  -80
3140.01  6.66368e-07  -80
3145.01  6.66368e-07  -80
3150.01  6.66368e-07  -80
3155.01  6.66368e-07  -80
3160.01  6.66368e-07  -80
3165.01  6.66368e-07  -80
3170.01  6.66368e-07  -80
3175.01  6.66368e-07  -80
3180.01  6.66368e-07  -80
3185.01  6.66368e-07  -80
3190.01  6.66368e-07  -80
3195.01  6.66368e-07  -80
3200.01  6.66368e-07  -80
3205.01  6.66368e-07  -80
3210.01  6.66368e-07  -80
3215.01  6.66368e-07  -80
3220.01  6.66368e-07  -80
3225.01  6.66368e-07  -80
3230.01  6.66368e-07  -80
3235.01  6.66368e-07  -80
3240.01  6.66368e-07  -80
3245.01  6.66368e-07  -80
3250.01  6.66368e-07  -80
3255.01  6.66368e-07  -80
3260.01  6.66368e-07  -80
3265.01  6.66368e-07  -80
3270.01  6.66368e-07  -80
3275.01  6.66368e-07  -80
3280.01  6.66368e-07  -80
3285.01  6.66368e-07  -80
3290.01  6.66368e-07  -80
3295.01  6.66368e-07  -80
3300.01  6.66368e-07  -80
3305.01  6.66368e-07  -80
3310.01  6.66368e-07  -80
3315.01  6.66368e-07  -80
3320.01  6.66368e-07  -80
3325.01  6.66368e-07  -80
3330.01  6.66368e-07  -80
3335.01  6.66368e-07  -80
3340.01  6.66368e-07  -80
3345.01  6.66368e-07  -80
3350.01  6.66368e-07  -80
3355.01  6.66368e-07  -80
3360.01  6.66368e-07  -80
3365.01  6.66368e-07  -80
3370.01  6.66368e-07  -80
3375.01  6.66368e-07  -80
3380.01  6.66368e-07  -80
3385.01  6.66368e-07  -80
3390.01  6.66368e-07  -80
3395.01  6.66368e-07  -80
3400.01  6.66368e-07  -80
3405.01  6.66368e-07  -80
3410.01  6.66368e-07  -80
3415.01  6.66368e-07  -80
3420.01  6.66368e-07  -80
3425.01  6.66368e-07  -80
3430.01  6.66368e-07  -80
3435.01  6.66368e-07  -80
3440.01  6.66368e-07  -80
3445.01  6.66368e-07  -80
3450.01  6.66368e-07  -80
3455.01  6.66368e-07  -80
3460.01  6.66368e-07  -80
3465.01  6.66368e-07  -80
3470.01  6.66368e-07  -80
3475.01  6.66368e-07  -80
3480.01  6.66368e-07  -80
3485.01  6.66368e-07  -80
3490.01  6.66368e-07  -80
3495.01  6.66368e-07  -80
3500.01  6.66368e-07  -80
3505.01  6.66368e-07  -80
3510.01  6.66368e-07  -80
3515.01  6.66368e-07  -80
3520.01  6.66368e-07  -80
3525.01  6.66368e-07  -80
3530.01  6.66368e-07  -80
3535.01  6.66368e-07  -80
3540.01  6.66368e-07  -80
3545.01  6.66368e-07  -80
3550.01  6.66368e-07  -80
3555.01  6.66368e-07  -80
3560.01  6.66368e-07  -80
3565.01  6.66368e-07  -80
3570.01  6.66368e-07  -80
3575.01  6.66368e-07  -80
3580.01  6.66368e-07  -80
3585.01  6.66368e-07  -80
3590.01  6.66368e-07  -80
3595.01  6.66368e-07  -80
3600.01  6.66368e-07  -80
3605.01  6.66368e-07  -80
3610.01  6.66368e-07  -80
3615.01  6.66368e-07  -80
3620.01  6.66368e-07  -80
3625.01  6.66368e-07  -80
3630.01  6.66368e-07  -80
3635.01  6.66368e-07  -80
3640.01  6.66368e-07  -80
3645.01  6.66368e-07  -80
3650.01  6.66368e-07  -80
3655.01  6.66368e-07  -80
3660.01  6.66368e-07  -80
3665.01  6.66368e-07  -80
3670.01  6.66368e-07  -80
3675.01  6.66368e-07  -80
3680.01  6.66368e-07  -80
3685.01  6.66368e-07  -80
3690.01  6.66368e-07  -80
3695.01  6.66368e-07  -80
3700.01  6.66368e-07  -80
3705.01  6.66368e-07  -80
3710.01  6.66368e-07  -80
3715.01  6.66368e-07  -80
3720.01  6.66368e-07  -80
3725.01  6.66368e-07  -80
3730.01  6.66368e-07  -80
3735.01  6.66368e-07  -80
3740.01  6.66368e-07  -80
3745.01  6.66368e-07  -80
3750.01  6.66368e-07  -80
3755.01  6.66368e-07  -80
3760.01  6.66368e-07  -80
3765.01  6.66368e-07  -80
3770.01  6.66368e-07  -80
3775.01  6.66368e-07  -80
3780.01  6.66368e-07  -80
3785.01  6.66368e-07  -80
3790.01  6.66368e-07  -80
3795.01  6.66368e-07  -80
3800.01  6.66368e-07  -80
3805.01  6.66368e-07  -80
3810.01  6.66368e-07  -80
3815.01  6.66368e-07  -80
3820.01  6.66368e-07  -80
3825.01  6.66368e-07  -80
3830.01  6.66368e-07  -80
3835.01  6.66368e-07  -80
3840.01  6.66368e-07  -80
3845.01  6.66368e-07  -80
3850.01  6.66368e-07  -80
3855.01  6.66368e-07  -80
3860.01  6.66368e-07  -80
3865.01  6.66368e-07  -80
3870.01  6.66368e-07  -80
3875.01  6.66368e-07  -80
3880.01  6.66368e-07  -80
3885.01  6.66368e-07  -80
3890.01  6.66368e-07  -80
3895.01  6.66368e-07  -80
3900.01  6.66368e-07  -80
3905.01  6.66368e-07  -80
3910.01  6.66368e-07  -80
3915.01  6.66368e-07  -80
3920.01  6.66368e-07  -80
3925.01  6.66368e-07  -80
3930.01  6.66368e-07  -80
3935.01  6.66368e-07  -80
3940.01  6.66368e-07  -80
3945.01  6.66368e-07  -80
3950.01  6.66368e-07  -80
3955.01  6.66368e-07  -80
3960.01  6.66368e-07  -80
3965.01  6.66368e-07  -80
3970.01  6.66368e-07  -80
3975.01  6.66368e-07  -80
3980.01  6.66368e-07  -80
3985.01  6.66368e-07  -80
3990.01  6.66368e-07  -80
3995.01  6.66368e-07  -80
4000.01  6.66368e-07  -80
4005.01  6.66368e-07  -80
4010.01  6.66368e-07  -80
4015.01  6.66368e-07  -80
4020.01  6.66368e-07  -80
4025.01  6.66368e-07  -80
4030.01  6.66368e-07  -80
4035.01  6.66368e-07  -80
4040.01  6.66368e-07  -80
4045.01  6.66368e-07  -80
4050.01  6.66368e-07  -80
4055.01  6.66368e-07  -80
4060.01  6.66368e-07  -80
4065.01  6.66368e-07  -80
4070.01  6.66368e-07  -80
4075.01  6.66368e-07  -80
4080.01  6.66368e-07  -80
4085.01  6.66368e-07  -80
4090.01  6.66368e-07  -80
4095.01  6.66368e-07  -80
4100.01  6.66368e-07  -80
4105.01  6.66368e-07  -80
4110.01  6.66368e-07  -80
4115.01  6.66368e-07  -80
4120.01  6.66368e-07  -80
4125.01  6.66368e-07  -80
4130.01  6.66368e-07  -80
4135.01  6.66368e-07  -80
4140.01  6.66368e-07  -80
4145.01  6.66368e-07  -80
4150.01  6.66368e-07  -80
4155.01  6.66368e-07  -80
4160.01  6.66368e-07  -80
4165.01  6.66368e-07  -80
4170.01  6.66368e-07  -80
4175.01  6.66368e-07  -80
4180.01  6.66368e-07  -80
4185.01  6.66368e-07  -80
4190.01  6.66368e-07  -80
4195.01  6.66368e-07  -80
4200.01  6.66368e-07  -80
4205.01  6.66368e-07  -80
4210.01  6.66368e-07  -80
4215.01  6.66368e-07  -80
4220.01  6.66368e-07  -80
4225.01  6.66368e-07  -80
4230.01  6.66368e-07  -80
4235.01  6.66368e-07  -80
4240.01  6.66368e-07  -80
4245.01  6.66368e-07  -80
4250.01  6.66368e-07  -80
4255.01  6.66368e-07  -80
4260.01  6.66368e-07  -80
4265.01  6.66368e-07  -80
4270.01  6.66368e-07  -80
4275.01  6.66368e-07  -80
4280.01  6.66368e-07  -80
4285.01  6.66368e-07  -80
4290.01  6.66368e-07  -80
4295.01  6.66368e-07  -80
4300.01  6.66368e-07  -80
4305.01  6.66368e-07  -80
4310.01  6.66368e-07  -80
4315.01  6.66368e-07  -80
4320.01  6.66368e-07  -80
4325.01  6.66368e-07  -80
4330.01  6.66368e-07  -80
4335.01  6.66368e-07  -80
4340.01  6.66368e-07  -80
4345.01  6.66368e-07  -80
4350.01  6.66368e-07  -80
4355.01  6.66368e-07  -80
4360.01  6.66368e-07  -80
4365.01  6.66368e-07  -80
4370.01  6.66368e-07  -80
4375.01  6.66368e-07  -80
4380.01  6.66368e-07  -80
4385.01  6.66368e-07  -80
4390.01  6.66368e-07  -80
4395.01  6.66368e-07  -80
4400.01  6.66368e-07  -80
4405.01  6.66368e-07  -80
4410.01  6.66368e-07  -80
4415.01  6.66368e-07  -80
4420.01  6.66368e-07  -80
4425.01  6.66368e-07  -80
4430.01  6.66368e-07  -80
4435.01  6.66368e-07  -80
4440.01  6.66368e-07  -80
4445.01  6.66368e-07  -80
4450.01  6.66368e-07  -80
4455.01  6.66368e-07  -80
4460.01  6.66368e-07  -80
4465.01  6.66368e-07  -80
4470.01  6.66368e-07  -80
4475.01  6.66368e-07  -80
4480.01  6.66368e-07  -80
4485.01  6.66368e-07  -80
4490.01  6.66368e-07  -80
4495.01  6.66368e-07  -80
4500.01  6.66368e-07  -80
4505.01  6.66368e-07  -80
4510.01  6.66368e-07  -80
4515.01  6.66368e-07  -80
4520.01  6.66368e-07  -80
4525.01  6.66368e-07  -80
4530.01  6.66368e-07  -80
4535.01  6.66368e-07  -80
4540.01  6.66368e-07  -80
4545.01  6.66368e-07  -80
4550.01  6.66368e-07  -80
4555.01  6.66368e-07  -80
4560.01  6.66368e-07  -80
4565.01  6.66368e-07  -80
4570.01  6.66368e-07  -80
4575.01  6.66368e-07  -80
4580.01  6.66368e-07  -80
4585.01  6.66368e-07  -80
4590.01  6.66368e-07  -80
4595.01  6.66368e-07  -80
4600.01  6.66368e-07  -80
4605.01  6.66368e-07  -80
4610.01  6.66368e-07  -80
4615.01  6.66368e-07  -80
4620.01  6.66368e-07  -80
4625.01  6.66368e-07  -80
4630.01  6.66368e-07  -80
4635.01  6.66368e-07  -80
4640.01  6.66368e-07  -80
4645.01  6.66368e-07  -80
4650.01  6.66368e-07  -80
4655.01  6.66368e-07  -80
4660.01  6.66368e-07  -80
4665.01  6.66368e-07  -80
4670.01  6.66368e-07  -80
4675.01  6.66368e-07  -80
4680.01  6.66368e-07  -80
4685.01  6.66368e-07  -80
4690.01  6.66368e-07  -80
4695.01  6.66368e-07  -80
4700.01  6.66368e-07  -80
4705.01  6.66368e-07  -80
4710.01  6.66368e-07  -80
4715.01  6.66368e-07  -80
4720.01  6.66368e-07  -80
4725.01  6.66368e-07  -80
4730.01  6.66368e-07  -80
4735.01  6.66368e-07  -80
4740.01  6.66368e-07  -80
4745.01  6.66368e-07  -80
4750.01  6.66368e-07  -80
4755.01  6.66368e-07  -80
4760.01  6.66368e-07  -80
4765.01  6.66368e-07  -80
4770.01  6.66368e-07  -80
4775.01  6.66368e-07  -80
4780.01  6.66368e-07  -80
4785.01  6.66368e-07  -80
4790.01  6.66368e-07  -80
4795.01  6.66368e-07  -80
4800.01  6.66368e-07  -80
4805.01  6.66368e-07  -80
4810.01  6.66368e-07  -80
4815.01  6.66368e-07  -80
4820.01  6.66368e-07  -80
4825.01  6.66368e-07  -80
4830.01  6.66368e-07  -80
4835.01  6.66368e-07  -80
4840.01  6.66368e-07  -80
4845.01  6.66368e-07  -80
4850.01  6.66368e-07  -80
4855.01  6.66368e-07  -80
4860.01  6.66368e-07  -80
4865.01  6.66368e-07  -80
4870.01  6.66368e-07  -80
4875.01  6.66368e-07  -80
4880.01  6.66368e-07  -80
4885.01  6.66368e-07  -80
4890.01  6.66368e-07  -80
4895.01  6.66368e-07  -80
4900.01  6.66368e-07  -80
4905.01  6.66368e-07  -80
4910.01  6.66368e-07  -80
4915.01  6.66368e-07  -80
4920.01  6.66368e-07  -80
4925.01  6.66368e-07  -80
4930.01  6.66368e-07  -80
4935.01  6.66368e-07  -80
4940.01  6.66368e-07  -80
4945.01  6.66368e-07  -80
4950.01  6.66368e-07  -80
4955.01  6.66368e-07  -80
4960.01  6.66368e-07  -80
4965.01  6.66368e-07  -80
4970.01  6.66368e-07  -80
4975.01  6.66368e-07  -80
4980.01  6.66368e-07  -80
4985.01  6.66368e-07  -80
4990.01  6.66368e-07  -80
4995.01  6.66368e-07  -80
5000.01  6.66368e-07  -80
5005.01  6.66368e-07  -80
5010.01  6.66368e-07  -80
5015.01  6.66368e-07  -80
5020.01  6.66368e-07  -80
5025.01  6.66368e-07  -80
5030.01  6.66368e-07  -80
5035.01  6.66368e-07  -80
5040.01  6.66368e-07  -80
5045.01  6.66368e-07  -80
5050.01  6.66368e-07  -80
5055.01  6.66368e-07  -80
5060.01  6.66368e-07  -80
5065.01  6.66368e-07  -80
5070.01  6.66368e-07  -80
5075.01  6.66368e-07  -80
5080.01  6.66368e-07  -80
5085.01  6.66368e-07  -80
5090.01  6.66368e-07  -80
5095.01  6.66368e-07  -80
5100.01  6.66368e-07  -80
5105.01  6.66368e-07  -80
5110.01  6.66368e-07  -80
5115.01  6.66368e-07  -80
5120.01  6.66368e-07  -80
5125.01  6.66368e-07  -80
5130.01  6.66368e-07  -80
5135.01  6.66368e-07  -80
5140.01  6.66368e-07  -80
5145.01  6.66368e-07  -80
5150.01  6.66368e-07  -80
5155.01  6.66368e-07  -80
5160.01  6.66368e-07  -80
5165.01  6.66368e-07  -80
5170.01  6.66368e-07  -80
5175.01  6.66368e-07  -80
5180.01  6.66368e-07  -80
5185.01  6.66368e-07  -80
5190.01  6.66368e-07  -80
5195.01  6.66368e-07  -80
5200.01  6.66368e-07  -80
5205.01  6.66368e-07  -80
5210.01  6.66368e-07  -80
5215.01  6.66368e-07  -80
5220.01  6.66368e-07  -80
5225.01  6.66368e-07  -80
5230.01  6.66368e-07  -80
5235.01  6.66368e-07  -80
5240.01  6.66368e-07  -80
5245.01  6.66368e-07  -80
5250.01  6.66368e-07  -80
5255.01  6.66368e-07  -80
5260.01  6.66368e-07  -80
5265.01  6.66368e-07  -80
5270.01  6.66368e-07  -80
5275.01  6.66368e-07  -80
5280.01  6.66368e-07  -80
5285.01  6.66368e-07  -80
5290.01  6.66368e-07  -80
5295.01  6.66368e-07  -80
5300.01  6.66368e-07  -80
5305.01  6.66368e-07  -80
5310.01  6.66368e-07  -80
5315.01  6.66368e-07  -80
5320.01  6.66368e-07  -80
5325.01  6.66368e-07  -80
5330.01  6.66368e-07  -80
5335.01  6.66368e-07  -80
5340.01  6.66368e-07  -80
5345.01  6.66368e-07  -80
5350.01  6.66368e-07  -80
5355.01  6.66368e-07  -80
5360.01  6.66368e-07  -80
5365.01  6.66368e-07  -80
5370.01  6.66368e-07  -80
5375.01  6.66368e-07  -80
5380.01  6.66368e-07  -80
5385.01  6.66368e-07  -80
5390.01  6.66368e-07  -80
5395.01  6.66368e-07  -80
5400.01  6.66368e-07  -80
5405.01  6.66368e-07  -80
5410.01  6.66368e-07  -80
5415.01  6.66368e-07  -80
5420.01  6.66368e-07  -80
5425.01  6.66368e-07  -80
5430.01  6.66368e-07  -80
5435.01  6.66368e-07  -80
5440.01  6.66368e-07  -80
5445.01  6.66368e-07  -80
5450.01  6.66368e-07  -80
5455.01  6.66368e-07  -80
5460.01  6.66368e-07  -80
5465.01  6.66368e-07  -80
5470.01  6.66368e-07  -80
5475.01  6.66368e-07  -80
5480.01  6.66368e-07  -80
5485.01  6.66368e-07  -80
5490.01  6.66368e-07  -80
5495.01  6.66368e-07  -80
5500.01  6.66368e-07  -80
5505.01  6.66368e-07  -80
5510.01  6.66368e-07  -80
5515.01  6.66368e-07  -80
5520.01  6.66368e-07  -80
5525.01  6.66368e-07  -80
5530.01  6.66368e-07  -80
5535.01  6.66368e-07  -80
5540.01  6.66368e-07  -80
5545.01  6.66368e-07  -80
5550.01  6.66368e-07  -80
5555.01  6.66368e-07  -80
5560.01  6.66368e-07  -80
5565.01  6.66368e-07  -80
5570.01  6.66368e-07  -80
5575.01  6.66368e-07  -80
5580.01  6.66368e-07  -80
5585.01  6.66368e-07  -80
5590.01  6.66368e-07  -80
5595.01  6.66368e-07  -80
5600.01  6.66368e-07  -80
5605.01  6.66368e-07  -80
5610.01  6.66368e-07  -80
5615.01  6.66368e-07  -80
5620.01  6.66368e-07  -80
5625.01  6.66368e-07  -80
5630.01  6.66368e-07  -80
5635.01  6.66368e-07  -80
5640.01  6.66368e-07  -80
5645.01  6.66368e-07  -80
5650.01  6.66368e-07  -80
5655.01  6.66368e-07  -80
5660.01  6.66368e-07  -80
5665.01  6.66368e-07  -80
5670.01  6.66368e-07  -80
5675.01  6.66368e-07  -80
5680.01  6.66368e-07  -80
5685.01  6.66368e-07  -80
5690.01  6.66368e-07  -80
5695.01  6.66368e-07  -80
5700.01  6.66368e-07  -80
5705.01  6.66368e-07  -80
5710.01  6.66368e-07  -80
5715.01  6.66368e-07  -80
5720.01  6.66368e-07  -80
5725.01  6.66368e-07  -80
5730.01  6.66368e-07  -80
5735.01  6.66368e-07  -80
5740.01  6.66368e-07  -80
5745.01  6.66368e-07  -80
5750.01  6.66368e-07  -80
5755.01  6.66368e-07  -80
5760.01  6.66368e-07  -80
5765.01  6.66368e-07  -80
5770.01  6.66368e-07  -80
5775.01  6.66368e-07  -80
5780.01  6.66368e-07  -80
5785.01  6.66368e-07  -80
5790.01  6.66368e-07  -80
5795.01  6.66368e-07  -80
5800.01  6.66368e-07  -80
5805.01  6.66368e-07  -80
5810.01  6.66368e-07  -80
5815.01  6.66368e-07  -80
5820.01  6.66368e-07  -80
5825.01  6.66368e-07  -80
5830.01  6.66368e-07  -80
5835.01  6.66368e-07  -80
5840.01  6.66368e-07  -80
5845.01  6.66368e-07  -80
5850.01  6.66368e-07  -80
5855.01  6.66368e-07  -80
5860.01  6.66368e-07  -80
5865.01  6.66368e-07  -80
5870.01  6.66368e-07  -80
5875.01  6.66368e-07  -80
5880.01  6.66368e-07  -80
5885.01  6.66368e-07  -80
5890.01  6.66368e-07  -80
5895.01  6.66368e-07  -80
5900.01  6.66368e-07  -80
5905.01  6.66368e-07  -80
5910.01  6.66368e-07  -80
5915.01  6.66368e-07  -80
5920.01  6.66368e-07  -80
5925.01  6.66368e-07  -80
5930.01  6.66368e-07  -80
5935.01  6.66368e-07  -80
5940.01  6.66368e-07  -80
5945.01  6.66368e-07  -80
5950.01  6.66368e-07  -80
5955.01  6.66368e-07  -80
5960.01  6.66368e-07  -80
5965.01  6.66368e-07  -80
5970.01  6.66368e-07  -80
5975.01  6.66368e-07  -80
5980.01  6.66368e-07  -80
5985.01  6.66368e-07  -80
5990.01  6.66368e-07  -80
5995.01  6.66368e-07  -80
6000.01  6.66368e-07  -80
6005.01  6.66368e-07  -80
6010.01  6.66368e-07  -80
6015.01  6.66368e-07  -80
6020.01  6.66368e-07  -80
6025.01  6.66368e-07  -80
6030.01  6.66368e-07  -80
6035.01  6.66368e-07  -80
6040.01  6.66368e-07  -80
6045.01  6.66368e-07  -80
6050.01  6.66368e-07  -80
6055.01  6.66368e-07  -80
6060.01  6.66368e-07  -80
6065.01  6.66368e-07  -80
6070.01  6.66368e-07  -80
6075.01  6.66368e-07  -80
6080.01  6.66368e-07  -80
6085.01  6.66368e-07  -80
6090.01  6.66368e-07  -80
6095.01  6.66368e-07  -80
6100.01  6.66368e-07  -80
6105.01  6.66368e-07  -80
6110.01  6.66368e-07  -80
6115.01  6.66368e-07  -80
6120.01  6.66368e-07  -80
6125.01  6.66368e-07  -80
6130.01  6.66368e-07  -80
6135.01  6.66368e-07  -80
6140.01  6.66368e-07  -80
6145.01  6.66368e-07  -80
6150.01  6.66368e-07  -80
6155.01  6.66368e-07  -80
6160.01  6.66368e-07  -80
6165.01  6.66368e-07  -80
6170.01  6.66368e-07  -80
6175.01  6.66368e-07  -80
6180.01  6.66368e-07  -80
6185.01  6.66368e-07  -80
6190.01  6.66368e-07  -80
6195.01  6.66368e-07  -80
6200.01  6.66368e-07  -80
6205.01  6.66368e-07  -80
6210.01  6.66368e-07  -80
6215.01  6.66368e-07  -80
6220.01  6.66368e-07  -80
6225.01  6.66368e-07  -80
6230.01  6.66368e-07  -80
6235.01  6.66368e-07  -80
6240.01  6.66368e-07  -80
6245.01  6.66368e-07  -80
6250.01  6.66368e-07  -80
6255.01  6.66368e-07  -80
6260.01  6.66368e-07  -80
6265.01  6.66368e-07  -80
6270.01  6.66368e-07  -80
6275.01  6.66368e-07  -80
6280.01  6.66368e-07  -80
6285.01  6.66368e-07  -80
6290.01  6.66368e-07  -80
6295.01  6.66368e-07  -80
6300.01  6.66368e-07  -80
6305.01  6.66368e-07  -80
6310.01  6.66368e-07  -80
6315.01  6.66368e-07  -80
6320.01  6.66368e-07  -80
6325.01  6.66368e-07  -80
6330.01  6.66368e-07  -80
6335.01  6.66368e-07  -80
6340.01  6.66368e-07  -80
6345.01  6.66368e-07  -80
6350.01  6.66368e-07  -80
6355.01  6.66368e-07  -80
6360.01  6.66368e-07  -80
6365.01  6.66368e-07  -80
6370.01  6.66368e-07  -80
6375.01  6.66368e-07  -80
6380.01  6.66368e-07  -80
6385.01  6.66368e-07  -80
6390.01  6.66368e-07  -80
6395.01  6.66368e-07  -80
6400.01  6.66368e-07  -80
6405.01  6.66368e-07  -80
6410.01  6.66368e-07  -80
6415.01  6.66368e-07  -80
6420.01  6.66368e-07  -80
6425.01  6.66368e-07  -80
6430.01  6.66368e-07  -80
6435.01  6.66368e-07  -80
6440.01  6.66368e-07  -80
6445.01  6.66368e-07  -80
6450.01  6.66368e-07  -80
6455.01  6.66368e-07  -80
6460.01  6.66368e-07  -80
6465.01  6.66368e-07  -80
6470.01  6.66368e-07  -80
6475.01  6.66368e-07  -80
6480.01  6.66368e-07  -80
6485.01  6.66368e-07  -80
6490.01  6.66368e-07  -80
6495.01  6.66368e-07  -80
6500.01  6.66368e-07  -80
6505.01  6.66368e-07  -80
6510.01  6.66368e-07  -80
6515.01  6.66368e-07  -80
6520.01  6.66368e-07  -80
6525.01  6.66368e-07  -80
6530.01  6.66368e-07  -80
6535.01  6.66368e-07  -80
6540.01  6.66368e-07  -80
6545.01  6.66368e-07  -80
6550.01  6.66368e-07  -80
6555.01  6.66368e-07  -80
6560.01  6.66368e-07  -80
6565.01  6.66368e-07  -80
6570.01  6.66368e-07  -80
6575.01  6.66368e-07  -80
6580.01  6.66368e-07  -80
6585.01  6.66368e-07  -80
6590.01  6.66368e-07  -80
6595.01  6.66368e-07  -80
6600.01  6.66368e-07  -80
6605.01  6.66368e-07  -80
6610.01  6.66368e-07  -80
6615.01  6.66368e-07  -80
6620.01  6.66368e-07  -80
6625.01  6.66368e-07  -80
6630.01  6.66368e-07  -80
6635.01  6.66368e-07  -80
6640.01  6.66368e-07  -80
6645.01  6.66368e-07  -80
6650.01  6.66368e-07  -80
6655.01  6.66368e-07  -80
6660.01  6.66368e-07  -80
6665.01  6.66368e-07  -80
6670.01  6.66368e-07  -80
6675.01  6.66368e-07  -80
6680.01  6.66368e-07  -80
6685.01  6.66368e-07  -80
6690.01  6.66368e-07  -80
6695.01  6.66368e-07  -80
6700.01  6.66368e-07  -80
6705.01  6.66368e-07  -80
6710.01  6.66368e-07  -80
6715.01  6.66368e-07  -80
6720.01  6.66368e-07  -80
6725.01  6.66368e-07  -80
6730.01  6.66368e-07  -80
6735.01  6.66368e-07  -80
6740.01  6.66368e-07  -80
6745.01  6.66368e-07  -80
6750.01  6.66368e-07  -80
6755.01  6.66368e-07  -80
6760.01  6.66368e-07  -80
6765.01  6.66368e-07  -80
6770.01  6.66368e-07  -80
6775.01  6.66368e-07  -80
6780.01  6.66368e-07  -80
6785.01  6.66368e-07  -80
6790.01  6.66368e-07  -80
6795.01  6.66368e-07  -80
6800.01  6.66368e-07  -80
6805.01  6.66368e-07  -80
6810.01  6.66368e-07  -80
6815.01  6.66368e-07  -80
6820.01  6.66368e-07  -80
6825.01  6.66368e-07  -80
6830.01  6.66368e-07  -80
6835.01  6.66368e-07  -80
6840.01  6.66368e-07  -80
6845.01  6.66368e-07  -80
6850.01  6.66368e-07  -80
6855.01  6.66368e-07  -80
6860.01  6.66368e-07  -80
6865.01  6.66368e-07  -80
6870.01  6.66368e-07  -80
6875.01  6.66368e-07  -80
6880.01  6.66368e-07  -80
6885.01  6.66368e-07  -80
6890.01  6.66368e-07  -80
6895.01  6.66368e-07  -80
6900.01  6.66368e-07  -80
6905.01  6.66368e-07  -80
6910.01  6.66368e-07  -80
6915.01  6.66368e-07  -80
6920.01  6.66368e-07  -80
6925.01  6.66368e-07  -80
6930.01  6.66368e-07  -80
6935.01  6.66368e-07  -80
6940.01  6.66368e-07  -80
6945.01  6.66368e-07  -80
6950.01  6.66368e-07  -80
6955.01  6.66368e-07  -80
6960.01  6.66368e-07  -80
6965.01  6.66368e-07  -80
6970.01  6.66368e-07  -80
6975.01  6.66368e-07  -80
6980.01  6.66368e-07  -80
6985.01  6.66368e-07  -80
6990.01  6.66368e-07  -80
6995.01  6.66368e-07  -80
7000.01  6.66368e-07  -80
7005.01  6.66368e-07  -80
7010.01  6.66368e-07  -80
7015.01  6.66368e-07  -80
7020.01  6.66368e-07  -80
7025.01  6.66368e-07  -80
7030.01  6.66368e-07  -80
7035.01  6.66368e-07  -80
7040.01  6.66368e-07  -80
7045.01  6.66368e-07  -80
7050.01  6.66368e-07  -80
7055.01  6.66368e-07  -80
7060.01  6.66368e-07  -80
7065.01  6.66368e-07  -80
7070.01  6.66368e-07  -80
7075.01  6.66368e-07  -80
7080.01  6.66368e-07  -80
7085.01  6.66368e-07  -80
7090.01  6.66368e-07  -80
7095.01  6.66368e-07  -80
7100.01  6.66368e-07  -80
7105.01  6.66368e-07  -80
7110.01  6.66368e-07  -80
7115.01  6.66368e-07  -80
7120.01  6.66368e-07  -80
7125.01  6.66368e-07  -80
7130.01  6.66368e-07  -80
7135.01  6.66368e-07  -80
7140.01  6.66368e-07  -80
7145.01  6.66368e-07  -80
7150.01  6.66368e-07  -80
7155.01  6.66368e-07  -80
7160.01  6.66368e-07  -80
7165.01  6.66368e-07  -80
7170.01  6.66368e-07  -80
7175.01  6.66368e-07  -80
7180.01  6.66368e-07  -80
7185.01  6.66368e-07  -80
7190.01  6.66368e-07  -80
7195.01  6.66368e-07  -80
7200.01  6.66368e-07  -80
7205.01  6.66368e-07  -80
7210.01  6.66368e-07  -80
7215.01  6.66368e-07  -80
7220.01  6.66368e-07  -80
7225.01  6.66368e-07  -80
7230.01  6.66368e-07  -80
7235.01  6.66368e-07  -80
7240.01  6.66368e-07  -80
7245.01  6.66368e-07  -80
7250.01  6.66368e-07  -80
7255.01  6.66368e-07  -80
7260.01  6.66368e-07  -80
7265.01  6.66368e-07  -80
7270.01  6.66368e-07  -80
7275.01  6.66368e-07  -80
7280.01  6.66368e-07  -80
7285.01  6.66368e-07  -80
7290.01  6.66368e-07  -80
7295.01  6.66368e-07  -80
7300.01  6.66368e-07  -80
7305.01  6.66368e-07  -80
7310.01  6.66368e-07  -80
7315.01  6.66368e-07  -80
7320.01  6.66368e-07  -80
7325.01  6.66368e-07  -80
7330.01  6.66368e-07  -80
7335.01  6.66368e-07  -80
7340.01  6.66368e-07  -80
7345.01  6.66368e-07  -80
7350.01  6.66368e-07  -80
7355.01  6.66368e-07  -80
7360.01  6.66368e-07  -80
7365.01  6.66368e-07  -80
7370.01  6.66368e-07  -80
7375.01  6.66368e-07  -80
7380.01  6.66368e-07  -80
7385.01  6.66368e-07  -80
7390.01  6.66368e-07  -80
7395.01  6.66368e-07  -80
7400.01  6.66368e-07  -80
7405.01  6.66368e-07  -80
7410.01  6.66368e-07  -80
7415.01  6.66368e-07  -80
7420.01  6.66368e-07  -80
7425.01  6.66368e-07  -80
7430.01  6.66368e-07  -80
7435.01  6.66368e-07  -80
7440.01  6.66368e-07  -80
7445.01  6.66368e-07  -80
7450.01  6.66368e-07  -80
7455.01  6.66368e-07  -80
7460.01  6.66368e-07  -80
7465.01  6.66368e-07  -80
7470.01  6.66368e-07  -80
7475.01  6.66368e-07  -80
7480.01  6.66368e-07  -80
7485.01  6.66368e-07  -80
7490.01  6.66368e-07  -80
7495.01  6.66368e-07  -80
7500.01  6.66368e-07  -80
7505.01  6.66368e-07  -80
7510.01  6.66368e-07  -80
7515.01  6.66368e-07  -80
7520.01  6.66368e-07  -80
7525.01  6.66368e-07  -80
7530.01  6.66368e-07  -80
7535.01  6.66368e-07  -80
7540.01  6.66368e-07  -80
7545.01  6.66368e-07  -80
7550.01  6.66368e-07  -80
7555.01  6.66368e-07  -80
7560.01  6.66368e-07  -80
7565.01  6.66368e-07  -80
7570.01  6.66368e-07  -80
7575.01  6.66368e-07  -80
7580.01  6.66368e-07  -80
7585.01  6.66368e-07  -80
7590.01  6.66368e-07  -80
7595.01  6.66368e-07  -80
7600.01  6.66368e-07  -80
7605.01  6.66368e-07  -80
7610.01  6.66368e-07  -80
7615.01  6.66368e-07  -80
7620.01  6.66368e-07  -80
7625.01  6.66368e-07  -80
7630.01  6.66368e-07  -80
7635.01  6.66368e-07  -80
7640.01  6.66368e-07  -80
7645.01  6.66368e-07  -80
7650.01  6.66368e-07  -80
7655.01  6.66368e-07  -80
7660.01  6.66368e-07  -80
7665.01  6.66368e-07  -80
7670.01  6.66368e-07  -80
7675.01  6.66368e-07  -80
7680.01  6.66368e-07  -80
7685.01  6.66368e-07  -80
7690.01  6.66368e-07  -80
7695.01  6.66368e-07  -80
7700.01  6.66368e-07  -80
7705.01  6.66368e-07  -80
7710.01  6.66368e-07  -80
7715.01  6.66368e-07  -80
7720.01  6.66368e-07  -80
7725.01  6.66368e-07  -80
7730.01  6.66368e-07  -80
7735.01  6.66368e-07  -80
7740.01  6.66368e-07  -80
7745.01  6.66368e-07  -80
7750.01  6.66368e-07  -80
7755.01  6.66368e-07  -80
7760.01  6.66368e-07  -80
7765.01  6.66368e-07  -80
7770.01  6.66368e-07  -80
7775.01  6.66368e-07  -80
7780.01  6.66368e-07  -80
7785.01  6.66368e-07  -80
7790.01  6.66368e-07  -80
7795.01  6.66368e-07  -80
7800.01  6.66368e-07  -80
7805.01  6.66368e-07  -80
7810.01  6.66368e-07  -80
7815.01  6.66368e-07  -80
7820.01  6.66368e-07  -80
7825.01  6.66368e-07  -80
7830.01  6.66368e-07  -80
7835.01  6.66368e-07  -80
7840.01  6.66368e-07  -80
7845.01  6.66368e-07  -80
7850.01  6.66368e-07  -80
7855.01  6.66368e-07  -80
7860.01  6.66368e-07  -80
7865.01  6.66368e-07  -80
7870.01  6.66368e-07  -80
7875.01  6.66368e-07  -80
7880.01  6.66368e-07  -80
7885.01  6.66368e-07  -80
7890.01  6.66368e-07  -80
7895.01  6.66368e-07  -80
7900.01  6.66368e-07  -80
7905.01  6.66368e-07  -80
7910.01  6.66368e-07  -80
7915.01  6.66368e-07  -80
7920.01  6.66368e-07  -80
7925.01  6.66368e-07  -80
7930.01  6.66368e-07  -80
7935.01  6.66368e-07  -80
7940.01  6.66368e-07  -80
7945.01  6.66368e-07  -80
7950.01  6.66368e-07  -80
7955.01  6.66368e-07  -80
7960.01  6.66368e-07  -80
7965.01  6.66368e-07  -80
7970.01  6.66368e-07  -80
7975.01  6.66368e-07  -80
7980.01  6.66368e-07  -80
7985.01  6.66368e-07  -80
7990.01  6.66368e-07  -80
7995.01  6.66368e-07  -80
8000.01  6.66368e-07  -80
8005.01  6.66368e-07  -80
8010.01  6.66368e-07  -80
8015.01  6.66368e-07  -80
8020.01  6.66368e-07  -80
8025.01  6.66368e-07  -80
8030.01  6.66368e-07  -80
8035.01  6.66368e-07  -80
8040.01  6.66368e-07  -80
8045.01  6.66368e-07  -80
8050.01  6.66368e-07  -80
8055.01  6.66368e-07  -80
8060.01  6.66368e-07  -80
8065.01  6.66368e-07  -80
8070.01  6.66368e-07  -80
8075.01  6.66368e-07  -80
8080.01  6.66368e-07  -80
8085.01  6.66368e-07  -80
8090.01  6.66368e-07  -80
8095.01  6.66368e-07  -80
8100.01  6.66368e-07  -80
8105.01  6.66368e-07  -80
8110.01  6.66368e-07  -80
8115.01  6.66368e-07  -80
8120.01  6.66368e-07  -80
8125.01  6.66368e-07  -80
8130.01  6.66368e-07  -80
8135.01  6.66368e-07  -80
8140.01  6.66368e-07  -80
8145.01  6.66368e-07  -80
8150.01  6.66368e-07  -80
8155.01  6.66368e-07  -80
8160.01  6.66368e-07  -80
8165.01  6.66368e-07  -80
8170.01  6.66368e-07  -80
8175.01  6.66368e-07  -80
8180.01  6.66368e-07  -80
8185.01  6.66368e-07  -80
8190.01  6.66368e-07  -80
8195.01  6.66368e-07  -80
8200.01  6.66368e-07  -80
8205.01  6.66368e-07  -80
8210.01  6.66368e-07  -80
8215.01  6.66368e-07  -80
8220.01  6.66368e-07  -80
8225.01  6.66368e-07  -80
8230.01  6.66368e-07  -80
8235.01  6.66368e-07  -80
8240.01  6.66368e-07  -80
8245.01  6.66368e-07  -80
8250.01  6.66368e-07  -80
8255.01  6.66368e-07  -80
8260.01  6.66368e-07  -80
8265.01  6.66368e-07  -80
8270.01  6.66368e-07  -80
8275.01  6.66368e-07  -80
8280.01  6.66368e-07  -80
8285.01  6.66368e-07  -80
8290.01  6.66368e-07  -80
8295.01  6.66368e-07  -80
8300.01  6.66368e-07  -80
8305.01  6.66368e-07  -80
8310.01  6.66368e-07  -80
8315.01  6.66368e-07  -80
8320.01  6.66368e-07  -80
8325.01  6.66368e-07  -80
8330.01  6.66368e-07  -80
8335.01  6.66368e-07  -80
8340.01  6.66368e-07  -80
8345.01  6.66368e-07  -80
8350.01  6.66368e-07  -80
8355.01  6.66368e-07  -80
8360.01  6.66368e-07  -80
8365.01  6.66368e-07  -80
8370.01  6.66368e-07  -80
8375.01  6.66368e-07  -80
8380.01  6.66368e-07  -80
8385.01  6.66368e-07  -80
8390.01  6.66368e-07  -80
8395.01  6.66368e-07  -80
8400.01  6.66368e-07  -80
8405.01  6.66368e-07  -80
8410.01  6.66368e-07  -80
8415.01  6.66368e-07  -80
8420.01  6.66368e-07  -80
8425.01  6.66368e-07  -80
8430.01  6.66368e-07  -80
8435.01  6.66368e-07  -80
8440.01  6.66368e-07  -80
8445.01  6.66368e-07  -80
8450.01  6.66368e-07  -80
8455.01  6.66368e-07  -80
8460.01  6.66368e-07  -80
8465.01  6.66368e-07  -80
8470.01  6.66368e-07  -80
8475.01  6.66368e-07  -80
8480.01  6.66368e-07  -80
8485.01  6.66368e-07  -80
8490.01  6.66368e-07  -80
8495.01  6.66368e-07  -80
8500.01  6.66368e-07  -80
8505.01  6.66368e-07  -80
8510.01  6.66368e-07  -80
8515.01  6.66368e-07  -80
8520.01  6.66368e-07  -80
8525.01  6.66368e-07  -80
8530.01  6.66368e-07  -80
8535.01  6.66368e-07  -80
8540.01  6.66368e-07  -80
8545.01  6.66368e-07  -80
8550.01  6.66368e-07  -80
8555.01  6.66368e-07  -80
8560.01  6.66368e-07  -80
8565.01  6.66368e-07  -80
8570.01  6.66368e-07  -80
8575.01  6.66368e-07  -80
8580.01  6.66368e-07  -80
8585.01  6.66368e-07  -80
8590.01  6.66368e-07  -80
8595.01  6.66368e-07  -80
8600.01  6.66368e-07  -80
8605.01  6.66368e-07  -80
8610.01  6.66368e-07  -80
8615.01  6.66368e-07  -80
8620.01  6.66368e-07  -80
8625.01  6.66368e-07  -80
8630.01  6.66368e-07  -80
8635.01  6.66368e-07  -80
8640.01  6.66368e-07  -80
8645.01  6.66368e-07  -80
8650.01  6.66368e-07  -80
8655.01  6.66368e-07  -80
8660.01  6.66368e-07  -80
8665.01  6.66368e-07  -80
8670.01  6.66368e-07  -80
8675.01  6.66368e-07  -80
8680.01  6.66368e-07  -80
8685.01  6.66368e-07  -80
8690.01  6.66368e-07  -80
8695.01  6.66368e-07  -80
8700.01  6.66368e-07  -80
8705.01  6.66368e-07  -80
8710.01  6.66368e-07  -80
8715.01  6.66368e-07  -80
8720.01  6.66368e-07  -80
8725.01  6.66368e-07  -80
8730.01  6.66368e-07  -80
8735.01  6.66368e-07  -80
8740.01  6.66368e-07  -80
8745.01  6.66368e-07  -80
8750.01  6.66368e-07  -80
8755.01  6.66368e-07  -80
8760.01  6.66368e-07  -80
8765.01  6.66368e-07  -80
8770.01  6.66368e-07  -80
8775.01  6.66368e-07  -80
8780.01  6.66368e-07  -80
8785.01  6.66368e-07  -80
8790.01  6.66368e-07  -80
8795.01  6.66368e-07  -80
8800.01  6.66368e-07  -80
8805.01  6.66368e-07  -80
8810.01  6.66368e-07  -80
8815.01  6.66368e-07  -80
8820.01  6.66368e-07  -80
8825.01  6.66368e-07  -80
8830.01  6.66368e-07  -80
8835.01  6.66368e-07  -80
8840.01  6.66368e-07  -80
8845.01  6.66368e-07  -80
8850.01  6.66368e-07  -80
8855.01  6.66368e-07  -80
8860.01  6.66368e-07  -80
8865.01  6.66368e-07  -80
8870.01  6.66368e-07  -80
8875.01  6.66368e-07  -80
8880.01  6.66368e-07  -80
8885.01  6.66368e-07  -80
8890.01  6.66368e-07  -80
8895.01  6.66368e-07  -80
8900.01  6.66368e-07  -80
8905.01  6.66368e-07  -80
8910.01  6.66368e-07  -80
8915.01  6.66368e-07  -80
8920.01  6.66368e-07  -80
8925.01  6.66368e-07  -80
8930.01  6.66368e-07  -80
8935.01  6.66368e-07  -80
8940.01  6.66368e-07  -80
8945.01  6.66368e-07  -80
8950.01  6.66368e-07  -80
8955.01  6.66368e-07  -80
8960.01  6.66368e-07  -80
8965.01  6.66368e-07  -80
8970.01  6.66368e-07  -80
8975.01  6.66368e-07  -80
8980.01  6.66368e-07  -80
8985.01  6.66368e-07  -80
8990.01  6.66368e-07  -80
8995.01  6.66368e-07  -80
9000.01  6.66368e-07  -80
9005.01  6.66368e-07  -80
9010.01  6.66368e-07  -80
9015.01  6.66368e-07  -80
9020.01  6.66368e-07  -80
9025.01  6.66368e-07  -80
9030.01  6.66368e-07  -80
9035.01  6.66368e-07  -80
9040.01  6.66368e-07  -80
9045.01  6.66368e-07  -80
9050.01  6.66368e-07  -80
9055.01  6.66368e-07  -80
9060.01  6.66368e-07  -80
9065.01  6.66368e-07  -80
9070.01  6.66368e-07  -80
9075.01  6.66368e-07  -80
9080.01  6.66368e-07  -80
9085.01  6.66368e-07  -80
9090.01  6.66368e-07  -80
9095.01  6.66368e-07  -80
9100.01  6.66368e-07  -80
9105.01  6.66368e-07  -80
9110.01  6.66368e-07  -80
9115.01  6.66368e-07  -80
9120.01  6.66368e-07  -80
9125.01  6.66368e-07  -80
9130.01  6.66368e-07  -80
9135.01  6.66368e-07  -80
9140.01  6.66368e-07  -80
9145.01  6.66368e-07  -80
9150.01  6.66368e-07  -80
9155.01  6.66368e-07  -80
9160.01  6.66368e-07  -80
9165  6.66368e-07  -80
9170  6.66368e-07  -80
9175  6.66368e-07  -80
9180  6.66368e-07  -80
9185  6.66368e-07  -80
9190  6.66368e-07  -80
9195  6.66368e-07  -80
9200  6.66368e-07  -80
9205  6.66368e-07  -80
9210  6.66368e-07  -80
9215  6.66368e-07  -80
9220  6.66368e-07  -80
9225  6.66368e-07  -80
9230  6.66368e-07  -80
9235  6.66368e-07  -80
9240  6.66368e-07  -80
9245  6.66368e-07  -80
9250  6.66368e-07  -80
9255  6.66368e-07  -80
9260  6.66368e-07  -80
9265  6.66368e-07  -80
9270  6.66368e-07  -80
9275  6.66368e-07  -80
9280  6.66368e-07  -80
9285  6.66368e-07  -80
9290  6.66368e-07  -80
9295  6.66368e-07  -80
9300  6.66368e-07  -80
9305  6.66368e-07  -80
9310  6.66368e-07  -80
9315  6.66368e-07  -80
9320  6.66368e-07  -80
9325  6.66368e-07  -80
9330  6.66368e-07  -80
9335  6.66368e-07  -80
9340  6.66368e-07  -80
9345  6.66368e-07  -80
9350  6.66368e-07  -80
9355  6.66368e-07  -80
9360  6.66368e-07  -80
9365  6.66368e-07  -80
9370  6.66368e-07  -80
9375  6.66368e-07  -80
9380  6.66368e-07  -80
9385  6.66368e-07  -80
9390  6.66368e-07  -80
9395  6.66368e-07  -80
9400  6.66368e-07  -80
9405  6.66368e-07  -80
9410  6.66368e-07  -80
9415  6.66368e-07  -80
9420  6.66368e-07  -80
9425  6.66368e-07  -80
9430  6.66368e-07  -80
9435  6.66368e-07  -80
9440  6.66368e-07  -80
9445  6.66368e-07  -80
9450  6.66368e-07  -80
9455  6.66368e-07  -80
9460  6.66368e-07  -80
9465  6.66368e-07  -80
9470  6.66368e-07  -80
9475  6.66368e-07  -80
9480  6.66368e-07  -80
9485  6.66368e-07  -80
9490  6.66368e-07  -80
9495  6.66368e-07  -80
9500  6.66368e-07  -80
9505  6.66368e-07  -80
9510  6.66368e-07  -80
9515  6.66368e-07  -80
9520  6.66368e-07  -80
9525  6.66368e-07  -80
9530  6.66368e-07  -80
9535  6.66368e-07  -80
9540  6.66368e-07  -80
9545  6.66368e-07  -80
9550  6.66368e-07  -80
9555  6.66368e-07  -80
9560  6.66368e-07  -80
9565  6.66368e-07  -80
9570  6.66368e-07  -80
9575  6.66368e-07  -80
9580  6.66368e-07  -80
9585  6.66368e-07  -80
9590  6.66368e-07  -80
9595  6.66368e-07  -80
9600  6.66368e-07  -80
9605  6.66368e-07  -80
9610  6.66368e-07  -80
9615  6.66368e-07  -80
9620  6.66368e-07  -80
9625  6.66368e-07  -80
9630  6.66368e-07  -80
9635  6.66368e-07  -80
9640  6.66368e-07  -80
9645  6.66368e-07  -80
9650  6.66368e-07  -80
9655  6.66368e-07  -80
9660  6.66368e-07  -80
9665  6.66368e-07  -80
9670  6.66368e-07  -80
9675  6.66368e-07  -80
9680  6.66368e-07  -80
9685  6.66368e-07  -80
9690  6.66368e-07  -80
9695  6.66368e-07  -80
9700  6.66368e-07  -80
9705  6.66368e-07  -80
9710  6.66368e-07  -80
9715  6.66368e-07  -80
9720  6.66368e-07  -80
9725  6.66368e-07  -80
9730  6.66368e-07  -80
9735  6.66368e-07  -80
9740  6.66368e-07  -80
9745  6.66368e-07  -80
9750  6.66368e-07  -80
9755  6.66368e-07  -80
9760  6.66368e-07  -80
9765  6.66368e-07  -80
9770  6.66368e-07  -80
9775  6.66368e-07  -80
9780  6.66368e-07  -80
9785  6.66368e-07  -80
9790  6.66368e-07  -80
9795  6.66368e-07  -80
9800  6.66368e-07  -80
9805  6.66368e-07  -80
9810  6.66368e-07  -80
9815  6.66368e-07  -80
9820  6.66368e-07  -80
9825  6.66368e-07  -80
9830  6.66368e-07  -80
9835  6.66368e-07  -80
9840  6.66368e-07  -80
9845  6.66368e-07  -80
9850  6.66368e-07  -80
9855  6.66368e-07  -80
9860  6.66368e-07  -80
9865  6.66368e-07  -80
9870  6.66368e-07  -80
9875  6.66368e-07  -80
9880  6.66368e-07  -80
9885  6.66368e-07  -80
9890  6.66368e-07  -80
9895  6.66368e-07  -80
9900  6.66368e-07  -80
9905  6.66368e-07  -80
9910  6.66368e-07  -80
9915  6.66368e-07  -80
9920  6.66368e-07  -80
9925  6.66368e-07  -80
9930  6.66368e-07  -80
9935  6.66368e-07  -80
9940  6.66368e-07  -80
9945  6.66368e-07  -80
9950  6.66368e-07  -80
9955  6.66368e-07  -80
9960  6.66368e-07  -80
9965  6.66368e-07  -80
9970  6.66368e-07  -80
9975  6.66368e-07  -80
9980  6.66368e-07  -80
9985  6.66368e-07  -80
9990  6.66368e-07  -80
9995  6.66368e-07  -80
10000  2.12737e-05  40
10005  0.00140375  40
10010  0.00567326  40
10015  0.0109027  40
10020  0.0156165  40
10025  0.0192799  40
10030  0.0218593  40
10035  0.0235173  40
10040  0.0244625  40
10045  0.024887  40
10050  0.0249462  40
10055  0.0247576  40
10060  0.0244063  40
10065  0.023952  40
10070  0.023436  40
10075  0.022886  40
10080  0.0223205  40
10085  0.0217515  40
10090  0.0211868  40
10095  0.0206314  40
10100  0.0200883  40
10105  0.0195592  40
10110  0.019045  40
10115  0.0185462  40
10120  0.0180628  40
10125  0.0175948  40
10130  0.0171418  40
10135  0.0167035  40
10140  0.0162795  40
10145  0.0158695  40
10150  0.0154729  40
10155  0.0150894  40
10160  0.0147185  40
10165  0.0143599  40
10170  0.0140132  40
10175  0.0136779  40
10180  0.0133537  40
10185  0.0130402  40
10190  0.0127371  40
10195  0.012444  40
10200  0.0121606  40
10205  0.0118866  40
10210  0.0116217  40
10215  0.0113655  40
10220  0.0111178  40
10225  0.0108782  40
10230  0.0106466  40
10235  0.0104227  40
10240  0.0102062  40
10245  0.0099968  40
10250  0.00979436  40
10255  0.00959861  40
10260  0.00940934  40
10265  0.00922633  40
10270  0.00904937  40
10275  0.00887827  40
10280  0.00871283  40
10285  0.00855285  40
10290  0.00839817  40
10295  0.00824861  40
10300  0.008104  40
10305  0.00796417  40
10310  0.00782896  40
10315  0.00769822  40
10320  0.00757182  40
10325  0.00744959  40
10330  0.0073314  40
10335  0.00721713  40
10340  0.00710663  40
10345  0.00699979  40
10350  0.00689648  40
10355  0.00679659  40
10360  0.00670001  40
10365  0.00660662  40
10370  0.00651632  40
10375  0.006429  40
10380  0.00634458  40
10385  0.00626295  40
10390  0.00618401  40
10395  0.00610769  40
10400  0.00603389  40
10405  0.00596254  40
10410  0.00589354  40
10415  0.00582683  40
10420  0.00576232  40
10425  0.00569995  40
10430  0.00563964  40
10435  0.00558132  40
10440  0.00552494  40
10445  0.00547042  40
10450  0.0054177  40
10455  0.00536673  40
10460  0.00531744  40
10465  0.00526978  40
10470  0.0052237  40
10475  0.00517915  40
10480  0.00513606  40
10485  0.00509441  40
10490  0.00505413  40
10495  0.00501518  40
10500  0.00497752  40
10505  0.00494111  40
10510  0.0049059  40
10515  0.00487186  40
10520  0.00483894  40
10525  0.00480711  40
10530  0.00477633  40
10535  0.00474658  40
10540  0.0047178  40
10545  0.00468998  40
10550  0.00466308  40
10555  0.00463707  40
10560  0.00461192  40
10565  0.0045876  40
10570  0.00456408  40
10575  0.00454134  40
10580  0.00451936  40
10585  0.0044981  40
10590  0.00447755  40
10595  0.00445767  40
10600  0.00443846  40
10605  0.00441987  40
10610  0.00440191  40
10615  0.00438453  40
10620  0.00436774  40
10625  0.00435149  40
10630  0.00433579  40
10635  0.0043206  40
10640  0.00430592  40
10645  0.00429172  40
10650  0.004278  40
10655  0.00426472  40
10660  0.00425189  40
10665  0.00423948  40
10670  0.00422748  40
10675  0.00421587  40
10680  0.00420466  40
10685  0.00419381  40
10690  0.00418332  40
10695  0.00417318  40
10700  0.00416337  40
10705  0.00415389  40
10710  0.00414472  40
10715  0.00413585  40
10720  0.00412728  40
10725  0.00411899  40
10730  0.00411098  40
10735  0.00410323  40
10740  0.00409574  40
10745  0.00408849  40
10750  0.00408149  40
10755  0.00407471  40
10760  0.00406816  40
10765  0.00406183  40
10770  0.00405571  40
10775  0.00404979  40
10780  0.00404406  40
10785  0.00403853  40
10790  0.00403317  40
10795  0.004028  40
10800  0.00402299  40
10805  0.00401816  40
10810  0.00401348  40
10815  0.00400895  40
10820  0.00400458  40
10825  0.00400035  40
10830  0.00399626  40
10835  0.00399231  40
10840  0.00398848  40
10845  0.00398478  40
10850  0.00398121  40
10855  0.00397775  40
10860  0.00397441  40
10865  0.00397118  40
10870  0.00396805  40
10875  0.00396503  40
10880  0.00396211  40
10885  0.00395929  40
10890  0.00395656  40
10895  0.00395391  40
10900  0.00395136  40
10905  0.00394889  40
10910  0.0039465  40
10915  0.0039442  40
10920  0.00394196  40
10925  0.00393981  40
10930  0.00393772  40
10935  0.0039357  40
10940  0.00393375  40
10945  0.00393186  40
10950  0.00393004  40
10955  0.00392827  40
10960  0.00392657  40
10965  0.00392492  40
10970  0.00392333  40
10975  0.00392178  40
10980  0.00392029  40
10985  0.00391885  40
10990  0.00391746  40
10995  0.00391611  40
11000  -0.0016174  -120
11000  0.00156348  -50
11005  0.0400087  -50
11010  0.0717415  -50
11015  0.0979042  -50
11020  0.119445  -50
11025  0.137151  -50
11030  0.151675  -50
11035  0.163559  -50
11040  0.173252  -50
11045  0.181128  -50
11050  0.187496  -50
11055  0.192614  -50
11060  0.196695  -50
11065  0.199916  -50
11070  0.202424  -50
11075  0.20434  -50
11080  0.205766  -50
11085  0.206786  -50
11090  0.20747  -50
11095  0.207876  -50
11100  0.208051  -50
11105  0.208036  -50
11110  0.207863  -50
11115  0.20756  -50
11120  0.20715  -50
11125  0.206652  -50
11130  0.206081  -50
11135  0.20545  -50
11140  0.204771  -50
11145  0.204052  -50
11150  0.203301  -50
11155  0.202524  -50
11160  0.201725  -50
11165  0.20091  -50
11170  0.200082  -50
11175  0.199243  -50
11180  0.198397  -50
11185  0.197545  -50
11190  0.196688  -50
11195  0.195829  -50
11200  0.194968  -50
11205  0.194107  -50
11210  0.193245  -50
11215  0.192384  -50
11220  0.191525  -50
11225  0.190667  -50
11230  0.189811  -50
11235  0.188958  -50
11240  0.188107  -50
11245  0.18726  -50
11250  0.186415  -50
11255  0.185573  -50
11260  0.184735  -50
11265  0.183899  -50
11270  0.183068  -50
11275  0.182239  -50
11280  0.181414  -50
11285  0.180593  -50
11290  0.179775  -50
11295  0.178961  -50
11300  0.17815  -50
11305  0.177343  -50
11310  0.17654  -50
11315  0.17574  -50
11320  0.174944  -50
11325  0.174151  -50
11330  0.173362  -50
11335  0.172576  -50
11340  0.171794  -50
11345  0.171015  -50
11350  0.17024  -50
11355  0.169469  -50
11360  0.168701  -50
11365  0.167936  -50
11370  0.167175  -50
11375  0.166418  -50
11380  0.165664  -50
11385  0.164913  -50
11390  0.164166  -50
11395  0.163422  -50
11400  0.162681  -50
11405  0.161944  -50
11410  0.16121  -50
11415  0.16048  -50
11420  0.159753  -50
11425  0.159029  -50
11430  0.158309  -50
11435  0.157591  -50
11440  0.156877  -50
11445  0.156167  -50
11450  0.155459  -50
11455  0.154755  -50
11460  0.154054  -50
11465  0.153356  -50
11470  0.152662  -50
11475  0.15197  -50
11480  0.151282  -50
11485  0.150597  -50
11490  0.149914  -50
11495  0.149236  -50
11500  0.14856  -50
11505  0.147887  -50
11510  0.147217  -50
11515  0.14655  -50
11520  0.145887  -50
11525  0.145226  -50
11530  0.144569  -50
11535  0.143914  -50
11540  0.143262  -50
11545  0.142614  -50
11550  0.141968  -50
11555  0.141325  -50
11560  0.140686  -50
11565  0.140049  -50
11570  0.139415  -50
11575  0.138784  -50
11580  0.138155  -50
11585  0.13753  -50
11590  0.136907  -50
11595  0.136288  -50
11600  0.135671  -50
11605  0.135057  -50
11610  0.134446  -50
11615  0.133837  -50
11620  0.133231  -50
11625  0.132629  -50
11630  0.132028  -50
11635  0.131431  -50
11640  0.130836  -50
11645  0.130244  -50
11650  0.129655  -50
11655  0.129068  -50
11660  0.128484  -50
11665  0.127903  -50
11670  0.127324  -50
11675  0.126748  -50
11680  0.126175  -50
11685  0.125604  -50
11690  0.125036  -50
11695  0.12447  -50
11700  0.123907  -50
11705  0.123347  -50
11710  0.122789  -50
11715  0.122234  -50
11720  0.121681  -50
11725  0.121131  -50
11730  0.120583  -50
11735  0.120038  -50
11740  0.119495  -50
11745  0.118955  -50
11750  0.118417  -50
11755  0.117881  -50
11760  0.117348  -50
11765  0.116818  -50
11770  0.11629  -50
11775  0.115764  -50
11780  0.115241  -50
11785  0.11472  -50
11790  0.114201  -50
11795  0.113685  -50
11800  0.113171  -50
11805  0.11266  -50
11810  0.11215  -50
11815  0.111644  -50
11820  0.111139  -50
11825  0.110637  -50
11830  0.110137  -50
11835  0.109639  -50
11840  0.109144  -50
11845  0.108651  -50
11850  0.10816  -50
11855  0.107671  -50
11860  0.107185  -50
11865  0.1067  -50
11870  0.106218  -50
11875  0.105739  -50
11880  0.105261  -50
11885  0.104785  -50
11890  0.104312  -50
11895  0.103841  -50
11900  0.103372  -50
11905  0.102905  -50
11910  0.10244  -50
11915  0.101978  -50
11920  0.101517  -50
11925  0.101059  -50
11930  0.100603  -50
11935  0.100148  -50
11940  0.0996963  -50
11945  0.0992462  -50
11950  0.0987982  -50
11955  0.0983522  -50
11960  0.0979082  -50
11965  0.0974663  -50
11970  0.0970264  -50
11975  0.0965884  -50
11980  0.0961525  -50
11985  0.0957186  -50
11990  0.0952866  -50
11995  0.0948566  -50
12000  0.0944286  -50
12005  0.0940025  -50
12010  0.0935783  -50
12015  0.0931561  -50
12020  0.0927358  -50
12025  0.0923175  -50
12030  0.091901  -50
12035  0.0914864  -50
12040  0.0910738  -50
12045  0.090663  -50
12050  0.0902541  -50
12055  0.089847  -50
12060  0.0894418  -50
12065  0.0890384  -50
12070  0.0886369  -50
12075  0.0882372  -50
12080  0.0878394  -50
12085  0.0874433  -50
12090  0.0870491  -50
12095  0.0866566  -50
12100  0.0862659  -50
12105  0.0858771  -50
12110  0.0854899  -50
12115  0.0851046  -50
12120  0.084721  -50
12125  0.0843392  -50
12130  0.0839591  -50
12135  0.0835807  -50
12140  0.083204  -50
12145  0.0828291  -50
12150  0.0824559  -50
12155  0.0820844  -50
12160  0.0817145  -50
12165  0.0813464  -50
12170  0.0809799  -50
12175  0.0806152  -50
12180  0.080252  -50
12185  0.0798905  -50
12190  0.0795307  -50
12195  0.0791725  -50
12200  0.078816  -50
12205  0.078461  -50
12210  0.0781077  -50
12215  0.077756  -50
12220  0.0774059  -50
12225  0.0770574  -50
12230  0.0767105  -50
12235  0.0763652  -50
12240  0.0760214  -50
12245  0.0756792  -50
12250  0.0753386  -50
12255  0.0749995  -50
12260  0.074662  -50
12265  0.074326  -50
12270  0.0739915  -50
12275  0.0736586  -50
12280  0.0733271  -50
12285  0.0729972  -50
12290  0.0726688  -50
12295  0.0723419  -50
12300  0.0720165  -50
12305  0.0716925  -50
12310  0.0713701  -50
12315  0.0710491  -50
12320  0.0707295  -50
12325  0.0704115  -50
12330  0.0700948  -50
12335  0.0697796  -50
12340  0.0694659  -50
12345  0.0691536  -50
12350  0.0688427  -50
12355  0.0685332  -50
12360  0.0682251  -50
12365  0.0679185  -50
12370  0.0676132  -50
12375  0.0673093  -50
12380  0.0670068  -50
12385  0.0667057  -50
12390  0.066406  -50
12395  0.0661076  -50
12400  0.0658106  -50
12405  0.065515  -50
12410  0.0652206  -50
12415  0.0649277  -50
12420  0.064636  -50
12425  0.0643457  -50
12430  0.0640567  -50
12435  0.0637691  -50
12440  0.0634827  -50
12445  0.0631977  -50
12450  0.0629139  -50
12455  0.0626315  -50
12460  0.0623503  -50
12465  0.0620704  -50
12470  0.0617918  -50
12475  0.0615145  -50
12480  0.0612384  -50
12485  0.0609636  -50
12490  0.06069  -50
12495  0.0604177  -50
12500  0.0601466  -50
12505  0.0598767  -50
12510  0.0596081  -50
12515  0.0593407  -50
12520  0.0590746  -50
12525  0.0588096  -50
12530  0.0585458  -50
12535  0.0582833  -50
12540  0.0580219  -50
12545  0.0577618  -50
12550  0.0575028  -50
12555  0.057245  -50
12560  0.0569884  -50
12565  0.0567329  -50
12570  0.0564786  -50
12575  0.0562255  -50
12580  0.0559735  -50
12585  0.0557227  -50
12590  0.055473  -50
12595  0.0552245  -50
12600  0.0549771  -50
12605  0.0547308  -50
12610  0.0544856  -50
12615  0.0542416  -50
12620  0.0539986  -50
12625  0.0537568  -50
12630  0.0535161  -50
12635  0.0532765  -50
12640  0.0530379  -50
12645  0.0528005  -50
12650  0.0525641  -50
12655  0.0523288  -50
12660  0.0520946  -50
12665  0.0518615  -50
12670  0.0516294  -50
12675  0.0513984  -50
12680  0.0511684  -50
12685  0.0509394  -50
12690  0.0507116  -50
12695  0.0504847  -50
12700  0.0502589  -50
12705  0.0500341  -50
12710  0.0498104  -50
12715  0.0495876  -50
12720  0.0493659  -50
12725  0.0491452  -50
12730  0.0489255  -50
12735  0.0487068  -50
12740  0.0484891  -50
12745  0.0482724  -50
12750  0.0480566  -50
12755  0.0478419  -50
12760  0.0476281  -50
12765  0.0474153  -50
12770  0.0472035  -50
12775  0.0469926  -50
12780  0.0467827  -50
12785  0.0465738  -50
12790  0.0463658  -50
12795  0.0461588  -50
12800  0.0459527  -50
12805  0.0457475  -50
12810  0.0455433  -50
12815  0.04534  -50
12820  0.0451376  -50
12825  0.0449362  -50
12830  0.0447357  -50
12835  0.0445361  -50
12840  0.0443374  -50
12845  0.0441396  -50
12850  0.0439427  -50
12855  0.0437467  -50
12860  0.0435516  -50
12865  0.0433574  -50
12870  0.043164  -50
12875  0.0429716  -50
12880  0.04278  -50
12885  0.0425893  -50
12890  0.0423995  -50
12895  0.0422105  -50
12900  0.0420224  -50
12905  0.0418352  -50
12910  0.0416488  -50
12915  0.0414632  -50
12920  0.0412785  -50
12925  0.0410947  -50
12930  0.0409117  -50
12935  0.0407295  -50
12940  0.0405481  -50
12945  0.0403676  -50
12950  0.0401879  -50
12955  0.040009  -50
12960  0.039831  -50
12965  0.0396537  -50
12970  0.0394773  -50
12975  0.0393016  -50
12980  0.0391268  -50
12985  0.0389527  -50
12990  0.0387795  -50
12995  0.038607  -50
13000  0.0384353  -50
13005  0.0382644  -50
13010  0.0380943  -50
13015  0.037925  -50
13020  0.0377564  -50
13025  0.0375886  -50
13030  0.0374215  -50
13035  0.0372553  -50
13040  0.0370897  -50
13045  0.036925  -50
13050  0.036761  -50
13055  0.0365977  -50
13060  0.0364352  -50
13065  0.0362734  -50
13070  0.0361124  -50
13075  0.035952  -50
13080  0.0357925  -50
13085  0.0356336  -50
13090  0.0354755  -50
13095  0.0353181  -50
13100  0.0351614  -50
13105  0.0350054  -50
13110  0.0348501  -50
13115  0.0346956  -50
13120  0.0345417  -50
13125  0.0343886  -50
13130  0.0342361  -50
13135  0.0340844  -50
13140  0.0339333  -50
13145  0.0337829  -50
13150  0.0336332  -50
13155  0.0334842  -50
13160  0.0333359  -50
13165  0.0331882  -50
13170  0.0330412  -50
13175  0.0328949  -50
13180  0.0327493  -50
13185  0.0326043  -50
13190  0.03246  -50
13195  0.0323163  -50
13200  0.0321733  -50
13205  0.032031  -50
13210  0.0318892  -50
13215  0.0317482  -50
13220  0.0316078  -50
13225  0.031468  -50
13230  0.0313288  -50
13235  0.0311903  -50
13240  0.0310524  -50
13245  0.0309152  -50
13250  0.0307786  -50
13255  0.0306426  -50
13260  0.0305072  -50
13265  0.0303724  -50
13270  0.0302383  -50
13275  0.0301047  -50
13280  0.0299718  -50
13285  0.0298395  -50
13290  0.0297078  -50
13295  0.0295766  -50
13300  0.0294461  -50
13305  0.0293162  -50
13310  0.0291868  -50
13315  0.0290581  -50
13320  0.0289299  -50
13325  0.0288024  -50
13330  0.0286754  -50
13335  0.028549  -50
13340  0.0284231  -50
13345  0.0282978  -50
13350  0.0281732  -50
13355  0.028049  -50
13360  0.0279255  -50
13365  0.0278025  -50
13370  0.02768  -50
13375  0.0275581  -50
13380  0.0274368  -50
13385  0.027316  -50
13390  0.0271958  -50
13395  0.0270762  -50
13400  0.026957  -50
13405  0.0268384  -50
13410  0.0267204  -50
13415  0.0266029  -50
13420  0.0264859  -50
13425  0.0263695  -50
13430  0.0262536  -50
13435  0.0261382  -50
13440  0.0260233  -50
13445  0.025909  -50
13450  0.0257952  -50
13455  0.0256819  -50
13460  0.0255691  -50
13465  0.0254569  -50
13470  0.0253451  -50
13475  0.0252339  -50
13480  0.0251232  -50
13485  0.0250129  -50
13490  0.0249032  -50
13495  0.024794  -50
13500  0.0246853  -50
13505  0.024577  -50
13510  0.0244693  -50
13515  0.024362  -50
13520  0.0242553  -50
13525  0.024149  -50
13530  0.0240432  -50
13535  0.0239379  -50
13540  0.0238331  -50
13545  0.0237287  -50
13550  0.0236249  -50
13555  0.0235215  -50
13560  0.0234185  -50
13565  0.0233161  -50
13570  0.0232141  -50
13575  0.0231126  -50
13580  0.0230115  -50
13585  0.0229109  -50
13590  0.0228108  -50
13595  0.0227111  -50
13600  0.0226118  -50
13605  0.0225131  -50
13610  0.0224147  -50
13615  0.0223168  -50
13620  0.0222194  -50
13625  0.0221224  -50
13630  0.0220259  -50
13635  0.0219297  -50
13640  0.0218341  -50
13645  0.0217388  -50
13650  0.021644  -50
13655  0.0215497  -50
13660  0.0214557  -50
13665  0.0213622  -50
13670  0.0212691  -50
13675  0.0211765  -50
13680  0.0210842  -50
13685  0.0209924  -50
13690  0.020901  -50
13695  0.02081  -50
13700  0.0207194  -50
13705  0.0206293  -50
13710  0.0205395  -50
13715  0.0204502  -50
13720  0.0203613  -50
13725  0.0202727  -50
13730  0.0201846  -50
13735  0.0200969  -50
13740  0.0200096  -50
13745  0.0199227  -50
13750  0.0198361  -50
13755  0.01975  -50
13760  0.0196643  -50
13765  0.0195789  -50
13770  0.019494  -50
13775  0.0194094  -50
13780  0.0193252  -50
13785  0.0192414  -50
13790  0.019158  -50
13795  0.0190749  -50
13800  0.0189923  -50
13805  0.01891  -50
13810  0.0188281  -50
13815  0.0187465  -50
13820  0.0186654  -50
13825  0.0185846  -50
13830  0.0185041  -50
13835  0.0184241  -50
13840  0.0183444  -50
13845  0.0182651  -50
13850  0.0181861  -50
13855  0.0181075  -50
13860  0.0180292  -50
13865  0.0179513  -50
13870  0.0178738  -50
13875  0.0177966  -50
13880  0.0177198  -50
13885  0.0176433  -50
13890  0.0175671  -50
13895  0.0174913  -50
13900  0.0174159  -50
13905  0.0173408  -50
13910  0.017266  -50
13915  0.0171916  -50
13920  0.0171175  -50
13925  0.0170438  -50
13930  0.0169704  -50
13935  0.0168973  -50
13940  0.0168246  -50
13945  0.0167522  -50
13950  0.0166801  -50
13955  0.0166084  -50
13960  0.0165369  -50
13965  0.0164658  -50
13970  0.0163951  -50
13975  0.0163246  -50
13980  0.0162545  -50
13985  0.0161847  -50
13990  0.0161152  -50
13995  0.016046  -50
14000  0.0159772  -50
14005  0.0159086  -50
14010  0.0158404  -50
14015  0.0157725  -50
14020  0.0157048  -50
14025  0.0156375  -50
14030  0.0155705  -50
14035  0.0155039  -50
14040  0.0154375  -50
14045  0.0153714  -50
14050  0.0153056  -50
14055  0.0152401  -50
14060  0.0151749  -50
14065  0.01511  -50
14070  0.0150455  -50
14075  0.0149812  -50
14080  0.0149171  -50
14085  0.0148534  -50
14090  0.01479  -50
14095  0.0147269  -50
14100  0.014664  -50
14105  0.0146015  -50
14110  0.0145392  -50
14115  0.0144772  -50
14120  0.0144155  -50
14125  0.0143541  -50
14130  0.0142929  -50
14135  0.0142321  -50
14140  0.0141715  -50
14145  0.0141111  -50
14150  0.0140511  -50
14155  0.0139913  -50
14160  0.0139318  -50
14165  0.0138726  -50
14170  0.0138137  -50
14175  0.013755  -50
14180  0.0136966  -50
14185  0.0136384  -50
14190  0.0135805  -50
14195  0.0135229  -50
14200  0.0134655  -50
14205  0.0134085  -50
14210  0.0133516  -50
14215  0.013295  -50
14220  0.0132387  -50
14225  0.0131827  -50
14230  0.0131268  -50
14235  0.0130713  -50
14240  0.013016  -50
14245  0.0129609  -50
14250  0.0129061  -50
14255  0.0128516  -50
14260  0.0127973  -50
14265  0.0127432  -50
14270  0.0126894  -50
14275  0.0126359  -50
14280  0.0125826  -50
14285  0.0125295  -50
14290  0.0124767  -50
14295  0.0124241  -50
14300  0.0123717  -50
14305  0.0123196  -50
14310  0.0122677  -50
14315  0.0122161  -50
14320  0.0121647  -50
14325  0.0121135  -50
14330  0.0120626  -50
14335  0.0120119  -50
14340  0.0119614  -50
14345  0.0119112  -50
14350  0.0118611  -50
14355  0.0118114  -50
14360  0.0117618  -50
14365  0.0117125  -50
14370  0.0116634  -50
14375  0.0116145  -50
14380  0.0115658  -50
14385  0.0115174  -50
14390  0.0114691  -50
14395  0.0114211  -50
14400  0.0113734  -50
14405  0.0113258  -50
14410  0.0112785  -50
14415  0.0112313  -50
14420  0.0111844  -50
14425  0.0111377  -50
14430  0.0110912  -50
14435  0.0110449  -50
14440  0.0109989  -50
14445  0.010953  -50
14450  0.0109074  -50
14455  0.0108619  -50
14460  0.0108167  -50
14465  0.0107717  -50
14470  0.0107269  -50
14475  0.0106822  -50
14480  0.0106378  -50
14485  0.0105936  -50
14490  0.0105496  -50
14495  0.0105058  -50
14500  0.0104622  -50
14505  0.0104188  -50
14510  0.0103756  -50
14515  0.0103326  -50
14520  0.0102897  -50
14525  0.0102471  -50
14530  0.0102047  -50
14535  0.0101624  -50
14540  0.0101204  -50
14545  0.0100785  -50
14550  0.0100369  -50
14555  0.00999541  -50
14560  0.00995413  -50
14565  0.00991304  -50
14570  0.00987213  -50
14575  0.00983141  -50
14580  0.00979087  -50
14585  0.00975052  -50
14590  0.00971036  -50
14595  0.00967037  -50
14600  0.00963057  -50
14605  0.00959095  -50
14610  0.00955151  -50
14615  0.00951225  -50
14620  0.00947317  -50
14625  0.00943427  -50
14630  0.00939554  -50
14635  0.00935699  -50
14640  0.00931862  -50
14645  0.00928042  -50
14650  0.0092424  -50
14655  0.00920455  -50
14660  0.00916687  -50
14665  0.00912936  -50
14670  0.00909202  -50
14675  0.00905486  -50
14680  0.00901786  -50
14685  0.00898103  -50
14690  0.00894437  -50
14695  0.00890788  -50
14700  0.00887156  -50
14705  0.00883539  -50
14710  0.0087994  -50
14715  0.00876357  -50
14720  0.0087279  -50
14725  0.00869239  -50
14730  0.00865705  -50
14735  0.00862186  -50
14740  0.00858684  -50
14745  0.00855198  -50
14750  0.00851727  -50
14755  0.00848273  -50
14760  0.00844834  -50
14765  0.00841411  -50
14770  0.00838003  -50
14775  0.00834611  -50
14780  0.00831234  -50
14785  0.00827873  -50
14790  0.00824527  -50
14795  0.00821197  -50
14800  0.00817881  -50
14805  0.00814581  -50
14810  0.00811295  -50
14815  0.00808025  -50
14820  0.00804769  -50
14825  0.00801529  -50
14830  0.00798303  -50
14835  0.00795092  -50
14840  0.00791895  -50
14845  0.00788713  -50
14850  0.00785546  -50
14855  0.00782393  -50
14860  0.00779254  -50
14865  0.0077613  -50
14870  0.0077302  -50
14875  0.00769924  -50
14880  0.00766842  -50
14885  0.00763774  -50
14890  0.00760721  -50
14895  0.00757681  -50
14900  0.00754655  -50
14905  0.00751643  -50
14910  0.00748644  -50
14915  0.00745659  -50
14920  0.00742688  -50
14925  0.0073973  -50
14930  0.00736786  -50
14935  0.00733855  -50
14940  0.00730938  -50
14945  0.00728034  -50
14950  0.00725143  -50
14955  0.00722265  -50
14960  0.00719401  -50
