0.005  1.89293e-17  -80
5.005  1.59763e-09  -80
10.005  6.14739e-09  -80
15.005  1.30614e-08  -80
20.005  2.18565e-08  -80
25.005  3.21364e-08  -80
30.005  4.3576e-08  -80
35.005  5.59075e-08  -80
40.005  6.89101e-08  -80
45.005  8.24017e-08  -80
50.005  9.62318e-08  -80
55.005  1.10276e-07  -80
60.005  1.24432e-07  -80
65.005  1.38616e-07  -80
70.005  1.52757e-07  -80
75.005  1.66799e-07  -80
80.005  1.80696e-07  -80
85.005  1.94409e-07  -80
90.005  2.0791e-07  -80
95.005  2.21172e-07  -80
100.005  2.34179e-07  -80
105.005  2.46914e-07  -80
110.005  2.59368e-07  -80
115.005  2.71533e-07  -80
120.005  2.83403e-07  -80
125.005  2.94975e-07  -80
130.005  3.06249e-07  -80
135.005  3.17225e-07  -80
140.005  3.27904e-07  -80
145.005  3.38289e-07  -80
150.005  3.48384e-07  -80
155.005  3.58192e-07  -80
160.005  3.67718e-07  -80
165.005  3.76968e-07  -80
170.005  3.85947e-07  -80
175.005  3.94661e-07  -80
180.005  4.03115e-07  -80
185.005  4.11317e-07  -80
190.005  4.19271e-07  -80
195.005  4.26985e-07  -80
200.005  4.34464e-07  -80
205.005  4.41715e-07  -80
210.005  4.48745e-07  -80
215.005  4.55558e-07  -80
220.005  4.62162e-07  -80
225.005  4.68562e-07  -80
230.005  4.74763e-07  -80
235.005  4.80773e-07  -80
240.005  4.86596e-07  -80
245.005  4.92239e-07  -80
250.005  4.97705e-07  -80
255.005  5.03001e-07  -80
260.005  5.08132e-07  -80
265.005  5.13103e-07  -80
270.005  5.17919e-07  -80
275.005  5.22583e-07  -80
280.005  5.27102e-07  -80
285.005  5.3148e-07  -80
290.005  5.3572e-07  -80
295.005  5.39827e-07  -80
300.005  5.43806e-07  -80
305.005  5.4766e-07  -80
310.005  5.51393e-07  -80
315.005  5.55008e-07  -80
320.005  5.5851e-07  -80
325.005  5.61903e-07  -80
330.005  5.65188e-07  -80
335.005  5.68371e-07  -80
340.005  5.71453e-07  -80
345.005  5.74439e-07  -80
350.005  5.7733e-07  -80
355.005  5.80131e-07  -80
360.005  5.82844e-07  -80
365.005  5.85471e-07  -80
370.005  5.88016e-07  -80
375.005  5.90481e-07  -80
380.005  5.92869e-07  -80
385.005  5.95181e-07  -80
390.005  5.9742e-07  -80
395.005  5.9959e-07  -80
400.005  6.01691e-07  -80
405.005  6.03725e-07  -80
410.005  6.05696e-07  -80
415.005  6.07605e-07  -80
420.005  6.09454e-07  -80
425.005  6.11244e-07  -80
430.005  6.12979e-07  -80
435.005  6.14658e-07  -80
440.005  6.16285e-07  -80
445.005  6.17861e-07  -80
450.005  6.19387e-07  -80
455.005  6.20865e-07  -80
460.005  6.22297e-07  -80
465.005  6.23684e-07  -80
470.005  6.25027e-07  -80
475.005  6.26327e-07  -80
480.005  6.27587e-07  -80
485.005  6.28807e-07  -80
490.005  6.29989e-07  -80
495.005  6.31134e-07  -80
500.005  6.32242e-07  -80
505.005  6.33316e-07  -80
510.005  6.34356e-07  -80
515.005  6.35363e-07  -80
520.005  6.36338e-07  -80
525.005  6.37283e-07  -80
530.005  6.38198e-07  -80
535.005  6.39085e-07  -80
540.005  6.39943e-07  -80
545.005  6.40775e-07  -80
550.005  6.4158e-07  -80
555.005  6.4236e-07  -80
560.005  6.43115e-07  -80
565.005  6.43847e-07  -80
570.005  6.44555e-07  -80
575.005  6.45242e-07  -80
580.005  6.45906e-07  -80
585.005  6.4655e-07  -80
590.005  6.47174e-07  -80
595.005  6.47778e-07  -80
600.005  6.48363e-07  -80
605.005  6.48929e-07  -80
610.005  6.49478e-07  -80
615.005  6.50009e-07  -80
620.005  6.50524e-07  -80
625.005  6.51022e-07  -80
630.005  6.51505e-07  -80
635.005  6.51973e-07  -80
640.005  6.52426e-07  -80
645.005  6.52864e-07  -80
650.005  6.53289e-07  -80
655.005  6.53701e-07  -80
660.005  6.54099e-07  -80
665.005  6.54485e-07  -80
670.005  6.54859e-07  -80
675.005  6.55221e-07  -80
680.005  6.55572e-07  -80
685.005  6.55912e-07  -80
690.005  6.56241e-07  -80
695.005  6.56559e-07  -80
700.005  6.56868e-07  -80
705.005  6.57167e-07  -80
710.005  6.57456e-07  -80
715.005  6.57737e-07  -80
720.005  6.58008e-07  -80
725.005  6.58271e-07  -80
730.005  6.58526e-07  -80
735.005  6.58773e-07  -80
740.005  6.59012e-07  -80
745.005  6.59243e-07  -80
750.005  6.59468e-07  -80
755.005  6.59685e-07  -80
760.005  6.59895e-07  -80
765.005  6.60099e-07  -80
770.005  6.60296e-07  -80
775.005  6.60487e-07  -80
780.005  6.60672e-07  -80
785.005  6.60851e-07  -80
790.005  6.61025e-07  -80
795.005  6.61193e-07  -80
800.005  6.61356e-07  -80
805.005  6.61514e-07  -80
810.005  6.61666e-07  -80
815.005  6.61814e-07  -80
820.005  6.61958e-07  -80
825.005  6.62096e-07  -80
830.005  6.62231e-07  -80
835.005  6.62361e-07  -80
840.005  6.62487e-07  -80
845.005  6.62609e-07  -80
850.005  6.62727e-07  -80
855.005  6.62842e-07  -80
860.005  6.62953e-07  -80
865.005  6.6306e-07  -80
870.005  6.63164e-07  -80
875.005  6.63265e-07  -80
880.005  6.63363e-07  -80
885.005  6.63457e-07  -80
890.005  6.63549e-07  -80
895.005  6.63638e-07  -80
900.005  6.63724e-07  -80
905.005  6.63807e-07  -80
910.005  6.63887e-07  -80
915.005  6.63966e-07  -80
920.005  6.64041e-07  -80
925.005  6.64114e-07  -80
930.005  6.64185e-07  -80
935.005  6.64254e-07  -80
940.005  6.6432e-07  -80
945.005  6.64385e-07  -80
950.005  6.64447e-07  -80
955.005  6.64508e-07  -80
960.005  6.64566e-07  -80
965.005  6.64623e-07  -80
970.005  6.64678e-07  -80
975.005  6.64731e-07  -80
980.005  6.64783e-07  -80
985.005  6.64833e-07  -80
990.005  6.64881e-07  -80
995.005  6.64928e-07  -80
1000  6.64973e-07  -80
1005  6.65017e-07  -80
1010  6.65059e-07  -80
1015  6.65101e-07  -80
1020  6.65141e-07  -80
1025  6.65179e-07  -80
1030  6.65217e-07  -80
1035  6.65253e-07  -80
1040  6.65288e-07  -80
1045  6.65322e-07  -80
1050  6.65355e-07  -80
1055  6.65387e-07  -80
1060  6.65418e-07  -80
1065.01  6.65448e-07  -80
1070.01  6.65477e-07  -80
1075.01  6.65505e-07  -80
1080.01  6.65532e-07  -80
1085.01  6.65558e-07  -80
1090.01  6.65584e-07  -80
1095.01  6.65608e-07  -80
1100.01  6.65632e-07  -80
1105.01  6.65655e-07  -80
1110.01  6.65678e-07  -80
1115.01  6.657e-07  -80
1120.01  6.65721e-07  -80
1125.01  6.65741e-07  -80
1130.01  6.65761e-07  -80
1135.01  6.6578e-07  -80
1140.01  6.65798e-07  -80
1145.01  6.65816e-07  -80
1150.01  6.65834e-07  -80
1155.01  6.6585e-07  -80
1160.01  6.65867e-07  -80
1165.01  6.65883e-07  -80
1170.01  6.65898e-07  -80
1175.01  6.65913e-07  -80
1180.01  6.65927e-07  -80
1185.01  6.65941e-07  -80
1190.01  6.65954e-07  -80
1195.01  6.65967e-07  -80
1200.01  6.6598e-07  -80
1205.01  6.65992e-07  -80
1210.01  6.66004e-07  -80
1215.01  6.66016e-07  -80
1220.01  6.66027e-07  -80
1225.01  6.66037e-07  -80
1230.01  6.66048e-07  -80
1235.01  6.66058e-07  -80
1240.01  6.66068e-07  -80
1245.01  6.66077e-07  -80
1250.01  6.66086e-07  -80
1255.01  6.66095e-07  -80
1260.01  6.66104e-07  -80
1265.01  6.66112e-07  -80
1270.01  6.6612e-07  -80
1275.01  6.66128e-07  -80
1280.01  6.66136e-07  -80
1285.01  6.66143e-07  -80
1290.01  6.6615e-07  -80
1295.01  6.66157e-07  -80
1300.01  6.66163e-07  -80
1305.01  6.6617e-07  -80
1310.01  6.66176e-07  -80
1315.01  6.66182e-07  -80
1320.01  6.66188e-07  -80
1325.01  6.66194e-07  -80
1330.01  6.66199e-07  -80
1335.01  6.66205e-07  -80
1340.01  6.6621e-07  -80
1345.01  6.66215e-07  -80
1350.01  6.6622e-07  -80
1355.01  6.66224e-07  -80
1360.01  6.66229e-07  -80
1365.01  6.66233e-07  -80
1370.01  6.66237e-07  -80
1375.01  6.66242e-07  -80
1380.01  6.66246e-07  -80
1385.01  6.66249e-07  -80
1390.01  6.66253e-07  -80
1395.01  6.66257e-07  -80
1400.01  6.6626e-07  -80
1405.01  6.66264e-07  -80
1410.01  6.66267e-07  -80
1415.01  6.6627e-07  -80
1420.01  6.66273e-07  -80
1425.01  6.66276e-07  -80
1430.01  6.66279e-07  -80
1435.01  6.66282e-07  -80
1440.01  6.66285e-07  -80
1445.01  6.66287e-07  -80
1450.01  6.6629e-07  -80
1455.01  6.66292e-07  -80
1460.01  6.66295e-07  -80
1465.01  6.66297e-07  -80
1470.01  6.66299e-07  -80
1475.01  6.66302e-07  -80
1480.01  6.66304e-07  -80
1485.01  6.66306e-07  -80
1490.01  6.66308e-07  -80
1495.01  6.6631e-07  -80
1500.01  6.66311e-07  -80
1505.01  6.66313e-07  -80
1510.01  6.66315e-07  -80
1515.01  6.66317e-07  -80
1520.01  6.66318e-07  -80
1525.01  6.6632e-07  -80
1530.01  6.66321e-07  -80
1535.01  6.66323e-07  -80
1540.01  6.66324e-07  -80
1545.01  6.66326e-07  -80
1550.01  6.66327e-07  -80
1555.01  6.66328e-07  -80
1560.01  6.6633e-07  -80
1565.01  6.66331e-07  -80
1570.01  6.66332e-07  -80
1575.01  6.66333e-07  -80
1580.01  6.66334e-07  -80
1585.01  6.66335e-07  -80
1590.01  6.66336e-07  -80
1595.01  6.66337e-07  -80
1600.01  6.66338e-07  -80
1605.01  6.66339e-07  -80
1610.01  6.6634e-07  -80
1615.01  6.66341e-07  -80
1620.01  6.66342e-07  -80
1625.01  6.66343e-07  -80
1630.01  6.66344e-07  -80
1635.01  6.66344e-07  -80
1640.01  6.66345e-07  -80
1645.01  6.66346e-07  -80
1650.01  6.66347e-07  -80
1655.01  6.66347e-07  -80
1660.01  6.66348e-07  -80
1665.01  6.66349e-07  -80
1670.01  6.66349e-07  -80
1675.01  6.6635e-07  -80
1680.01  6.6635e-07  -80
1685.01  6.66351e-07  -80
1690.01  6.66352e-07  -80
1695.01  6.66352e-07  -80
1700.01  6.66353e-07  -80
1705.01  6.66353e-07  -80
1710.01  6.66354e-07  -80
1715.01  6.66354e-07  -80
1720.01  6.66354e-07  -80
1725.01  6.66355e-07  -80
1730.01  6.66355e-07  -80
1735.01  6.66356e-07  -80
1740.01  6.66356e-07  -80
1745.01  6.66357e-07  -80
1750.01  6.66357e-07  -80
1755.01  6.66357e-07  -80
1760.01  6.66358e-07  -80
1765.01  6.66358e-07  -80
1770.01  6.66358e-07  -80
1775.01  6.66359e-07  -80
1780.01  6.66359e-07  -80
1785.01  6.66359e-07  -80
1790.01  6.6636e-07  -80
1795.01  6.6636e-07  -80
1800.01  6.6636e-07  -80
1805.01  6.6636e-07  -80
1810.01  6.66361e-07  -80
1815.01  6.66361e-07  -80
1820.01  6.66361e-07  -80
1825.01  6.66361e-07  -80
1830.01  6.66362e-07  -80
1835.01  6.66362e-07  -80
1840.01  6.66362e-07  -80
1845.01  6.66362e-07  -80
1850.01  6.66362e-07  -80
1855.01  6.66363e-07  -80
1860.01  6.66363e-07  -80
1865.01  6.66363e-07  -80
1870.01  6.66363e-07  -80
1875.01  6.66363e-07  -80
1880.01  6.66363e-07  -80
1885.01  6.66364e-07  -80
1890.01  6.66364e-07  -80
1895.01  6.66364e-07  -80
1900.01  6.66364e-07  -80
1905.01  6.66364e-07  -80
1910.01  6.66364e-07  -80
1915.01  6.66364e-07  -80
1920.01  6.66365e-07  -80
1925.01  6.66365e-07  -80
1930.01  6.66365e-07  -80
1935.01  6.66365e-07  -80
1940.01  6.66365e-07  -80
1945.01  6.66365e-07  -80
1950.01  6.66365e-07  -80
1955.01  6.66365e-07  -80
1960.01  6.66365e-07  -80
1965.01  6.66366e-07  -80
1970.01  6.66366e-07  -80
1975.01  6.66366e-07  -80
1980.01  6.66366e-07  -80
1985.01  6.66366e-07  -80
1990.01  6.66366e-07  -80
1995.01  6.66366e-07  -80
2000.01  6.66366e-07  -80
2005.01  6.66366e-07  -80
2010.01  6.66366e-07  -80
2015.01  6.66366e-07  -80
2020.01  6.66366e-07  -80
2025.01  6.66366e-07  -80
2030.01  6.66367e-07  -80
2035.01  6.66367e-07  -80
2040.01  6.66367e-07  -80
2045.01  6.66367e-07  -80
2050.01  6.66367e-07  -80
2055.01  6.66367e-07  -80
2060.01  6.66367e-07  -80
2065.01  6.66367e-07  -80
2070.01  6.66367e-07  -80
2075.01  6.66367e-07  -80
2080.01  6.66367e-07  -80
2085.01  6.66367e-07  -80
2090.01  6.66367e-07  -80
2095.01  6.66367e-07  -80
2100.01  6.66367e-07  -80
2105.01  6.66367e-07  -80
2110.01  6.66367e-07  -80
2115.01  6.66367e-07  -80
2120.01  6.66367e-07  -80
2125.01  6.66367e-07  -80
2130.01  6.66367e-07  -80
2135.01  6.66367e-07  -80
2140.01  6.66368e-07  -80
2145.01  6.66368e-07  -80
2150.01  6.66368e-07  -80
2155.01  6.66368e-07  -80
2160.01  6.66368e-07  -80
2165.01  6.66368e-07  -80
2170.01  6.66368e-07  -80
2175.01  6.66368e-07  -80
2180.01  6.66368e-07  -80
2185.01  6.66368e-07  -80
2190.01  6.66368e-07  -80
2195.01  6.66368e-07  -80
2200.01  6.66368e-07  -80
2205.01  6.66368e-07  -80
2210.01  6.66368e-07  -80
2215.01  6.66368e-07  -80
2220.01  6.66368e-07  -80
2225.01  6.66368e-07  -80
2230.01  6.66368e-07  -80
2235.01  6.66368e-07  -80
2240.01  6.66368e-07  -80
2245.01  6.66368e-07  -80
2250.01  6.66368e-07  -80
2255.01  6.66368e-07  -80
2260.01  6.66368e-07  -80
2265.01  6.66368e-07  -80
2270.01  6.66368e-07  -80
2275.01  6.66368e-07  -80
2280.01  6.66368e-07  -80
2285.01  6.66368e-07  -80
2290.01  6.66368e-07  -80
2295.01  6.66368e-07  -80
2300.01  6.66368e-07  -80
2305.01  6.66368e-07  -80
2310.01  6.66368e-07  -80
2315.01  6.66368e-07  -80
2320.01  6.66368e-07  -80
2325.01  6.66368e-07  -80
2330.01  6.66368e-07  -80
2335.01  6.66368e-07  -80
2340.01  6.66368e-07  -80
2345.01  6.66368e-07  -80
2350.01  6.66368e-07  -80
2355.01  6.66368e-07  -80
2360.01  6.66368e-07  -80
2365.01  6.66368e-07  -80
2370.01  6.66368e-07  -80
2375.01  6.66368e-07  -80
2380.01  6.66368e-07  -80
2385.01  6.66368e-07  -80
2390.01  6.66368e-07  -80
2395.01  6.66368e-07  -80
2400.01  6.66368e-07  -80
2405.01  6.66368e-07  -80
2410.01  6.66368e-07  -80
2415.01  6.66368e-07  -80
2420.01  6.66368e-07  -80
2425.01  6.66368e-07  -80
2430.01  6.66368e-07  -80
2435.01  6.66368e-07  -80
2440.01  6.66368e-07  -80
2445.01  6.66368e-07  -80
2450.01  6.66368e-07  -80
2455.01  6.66368e-07  -80
2460.01  6.66368e-07  -80
2465.01  6.66368e-07  -80
2470.01  6.66368e-07  -80
2475.01  6.66368e-07  -80
2480.01  6.66368e-07  -80
2485.01  6.66368e-07  -80
2490.01  6.66368e-07  -80
2495.01  6.66368e-07  -80
2500.01  6.66368e-07  -80
2505.01  6.66368e-07  -80
2510.01  6.66368e-07  -80
2515.01  6.66368e-07  -80
2520.01  6.66368e-07  -80
2525.01  6.66368e-07  -80
2530.01  6.66368e-07  -80
2535.01  6.66368e-07  -80
2540.01  6.66368e-07  -80
2545.01  6.66368e-07  -80
2550.01  6.66368e-07  -80
2555.01  6.66368e-07  -80
2560.01  6.66368e-07  -80
2565.01  6.66368e-07  -80
2570.01  6.66368e-07  -80
2575.01  6.66368e-07  -80
2580.01  6.66368e-07  -80
2585.01  6.66368e-07  -80
2590.01  6.66368e-07  -80
2595.01  6.66368e-07  -80
2600.01  6.66368e-07  -80
2605.01  6.66368e-07  -80
2610.01  6.66368e-07  -80
2615.01  6.66368e-07  -80
2620.01  6.66368e-07  -80
2625.01  6.66368e-07  -80
2630.01  6.66368e-07  -80
2635.01  6.66368e-07  -80
2640.01  6.66368e-07  -80
2645.01  6.66368e-07  -80
2650.01  6.66368e-07  -80
2655.01  6.66368e-07  -80
2660.01  6.66368e-07  -80
2665.01  6.66368e-07  -80
2670.01  6.66368e-07  -80
2675.01  6.66368e-07  -80
2680.01  6.66368e-07  -80
2685.01  6.66368e-07  -80
2690.01  6.66368e-07  -80
2695.01  6.66368e-07  -80
2700.01  6.66368e-07  -80
2705.01  6.66368e-07  -80
2710.01  6.66368e-07  -80
2715.01  6.66368e-07  -80
2720.01  6.66368e-07  -80
2725.01  6.66368e-07  -80
2730.01  6.66368e-07  -80
2735.01  6.66368e-07  -80
2740.01  6.66368e-07  -80
2745.01  6.66368e-07  -80
2750.01  6.66368e-07  -80
2755.01  6.66368e-07  -80
2760.01  6.66368e-07  -80
2765.01  6.66368e-07  -80
2770.01  6.66368e-07  -80
2775.01  6.66368e-07  -80
2780.01  6.66368e-07  -80
2785.01  6.66368e-07  -80
2790.01  6.66368e-07  -80
2795.01  6.66368e-07  -80
2800.01  6.66368e-07  -80
2805.01  6.66368e-07  -80
2810.01  6.66368e-07  -80
2815.01  6.66368e-07  -80
2820.01  6.66368e-07  -80
2825.01  6.66368e-07  -80
2830.01  6.66368e-07  -80
2835.01  6.66368e-07  -80
2840.01  6.66368e-07  -80
2845.01  6.66368e-07  -80
2850.01  6.66368e-07  -80
2855.01  6.66368e-07  -80
2860.01  6.66368e-07  -80
2865.01  6.66368e-07  -80
2870.01  6.66368e-07  -80
2875.01  6.66368e-07  -80
2880.01  6.66368e-07  -80
2885.01  6.66368e-07  -80
2890.01  6.66368e-07  -80
2895.01  6.66368e-07  -80
2900.01  6.66368e-07  -80
2905.01  6.66368e-07  -80
2910.01  6.66368e-07  -80
2915.01  6.66368e-07  -80
2920.01  6.66368e-07  -80
2925.01  6.66368e-07  -80
2930.01  6.66368e-07  -80
2935.01  6.66368e-07  -80
2940.01  6.66368e-07  -80
2945.01  6.66368e-07  -80
2950.01  6.66368e-07  -80
2955.01  6.66368e-07  -80
2960.01  6.66368e-07  -80
2965.01  6.66368e-07  -80
2970.01  6.66368e-07  -80
2975.01  6.66368e-07  -80
2980.01  6.66368e-07  -80
2985.01  6.66368e-07  -80
2990.01  6.66368e-07  -80
2995.01  6.66368e-07  -80
3000.01  6.66368e-07  -80
3005.01  6.66368e-07  -80
3010.01  6.66368e-07  -80
3015.01  6.66368e-07  -80
3020.01  6.66368e-07  -80
3025.01  6.66368e-07  -80
3030.01  6.66368e-07  -80
3035.01  6.66368e-07  -80
3040.01  6.66368e-07  -80
3045.01  6.66368e-07  -80
3050.01  6.66368e-07  -80
3055.01  6.66368e-07  -80
3060.01  6.66368e-07  -80
3065.01  6.66368e-07  -80
3070.01  6.66368e-07  -80
3075.01  6.66368e-07  -80
3080.01  6.66368e-07  -80
3085.01  6.66368e-07  -80
3090.01  6.66368e-07  -80
3095.01  6.66368e-07  -80
3100.01  6.66368e-07  -80
3105.01  6.66368e-07  -80
3110.01  6.66368e-07  -80
3115.01  6.66368e-07  -80
3120.01  6.66368e-07  -80
3125.01  6.66368e-07  -80
3130.01  6.66368e-07  -80
3135.01  6.66368e-07  -80
3140.01  6.66368e-07  -80
3145.01  6.66368e-07  -80
3150.01  6.66368e-07  -80
3155.01  6.66368e-07  -80
3160.01  6.66368e-07  -80
3165.01  6.66368e-07  -80
3170.01  6.66368e-07  -80
3175.01  6.66368e-07  -80
3180.01  6.66368e-07  -80
3185.01  6.66368e-07  -80
3190.01  6.66368e-07  -80
3195.01  6.66368e-07  -80
3200.01  6.66368e-07  -80
3205.01  6.66368e-07  -80
3210.01  6.66368e-07  -80
3215.01  6.66368e-07  -80
3220.01  6.66368e-07  -80
3225.01  6.66368e-07  -80
3230.01  6.66368e-07  -80
3235.01  6.66368e-07  -80
3240.01  6.66368e-07  -80
3245.01  6.66368e-07  -80
3250.01  6.66368e-07  -80
3255.01  6.66368e-07  -80
3260.01  6.66368e-07  -80
3265.01  6.66368e-07  -80
3270.01  6.66368e-07  -80
3275.01  6.66368e-07  -80
3280.01  6.66368e-07  -80
3285.01  6.66368e-07  -80
3290.01  6.66368e-07  -80
3295.01  6.66368e-07  -80
3300.01  6.66368e-07  -80
3305.01  6.66368e-07  -80
3310.01  6.66368e-07  -80
3315.01  6.66368e-07  -80
3320.01  6.66368e-07  -80
3325.01  6.66368e-07  -80
3330.01  6.66368e-07  -80
3335.01  6.66368e-07  -80
3340.01  6.66368e-07  -80
3345.01  6.66368e-07  -80
3350.01  6.66368e-07  -80
3355.01  6.66368e-07  -80
3360.01  6.66368e-07  -80
3365.01  6.66368e-07  -80
3370.01  6.66368e-07  -80
3375.01  6.66368e-07  -80
3380.01  6.66368e-07  -80
3385.01  6.66368e-07  -80
3390.01  6.66368e-07  -80
3395.01  6.66368e-07  -80
3400.01  6.66368e-07  -80
3405.01  6.66368e-07  -80
3410.01  6.66368e-07  -80
3415.01  6.66368e-07  -80
3420.01  6.66368e-07  -80
3425.01  6.66368e-07  -80
3430.01  6.66368e-07  -80
3435.01  6.66368e-07  -80
3440.01  6.66368e-07  -80
3445.01  6.66368e-07  -80
3450.01  6.66368e-07  -80
3455.01  6.66368e-07  -80
3460.01  6.66368e-07  -80
3465.01  6.66368e-07  -80
3470.01  6.66368e-07  -80
3475.01  6.66368e-07  -80
3480.01  6.66368e-07  -80
3485.01  6.66368e-07  -80
3490.01  6.66368e-07  -80
3495.01  6.66368e-07  -80
3500.01  6.66368e-07  -80
3505.01  6.66368e-07  -80
3510.01  6.66368e-07  -80
3515.01  6.66368e-07  -80
3520.01  6.66368e-07  -80
3525.01  6.66368e-07  -80
3530.01  6.66368e-07  -80
3535.01  6.66368e-07  -80
3540.01  6.66368e-07  -80
3545.01  6.66368e-07  -80
3550.01  6.66368e-07  -80
3555.01  6.66368e-07  -80
3560.01  6.66368e-07  -80
3565.01  6.66368e-07  -80
3570.01  6.66368e-07  -80
3575.01  6.66368e-07  -80
3580.01  6.66368e-07  -80
3585.01  6.66368e-07  -80
3590.01  6.66368e-07  -80
3595.01  6.66368e-07  -80
3600.01  6.66368e-07  -80
3605.01  6.66368e-07  -80
3610.01  6.66368e-07  -80
3615.01  6.66368e-07  -80
3620.01  6.66368e-07  -80
3625.01  6.66368e-07  -80
3630.01  6.66368e-07  -80
3635.01  6.66368e-07  -80
3640.01  6.66368e-07  -80
3645.01  6.66368e-07  -80
3650.01  6.66368e-07  -80
3655.01  6.66368e-07  -80
3660.01  6.66368e-07  -80
3665.01  6.66368e-07  -80
3670.01  6.66368e-07  -80
3675.01  6.66368e-07  -80
3680.01  6.66368e-07  -80
3685.01  6.66368e-07  -80
3690.01  6.66368e-07  -80
3695.01  6.66368e-07  -80
3700.01  6.66368e-07  -80
3705.01  6.66368e-07  -80
3710.01  6.66368e-07  -80
3715.01  6.66368e-07  -80
3720.01  6.66368e-07  -80
3725.01  6.66368e-07  -80
3730.01  6.66368e-07  -80
3735.01  6.66368e-07  -80
3740.01  6.66368e-07  -80
3745.01  6.66368e-07  -80
3750.01  6.66368e-07  -80
3755.01  6.66368e-07  -80
3760.01  6.66368e-07  -80
3765.01  6.66368e-07  -80
3770.01  6.66368e-07  -80
3775.01  6.66368e-07  -80
3780.01  6.66368e-07  -80
3785.01  6.66368e-07  -80
3790.01  6.66368e-07  -80
3795.01  6.66368e-07  -80
3800.01  6.66368e-07  -80
3805.01  6.66368e-07  -80
3810.01  6.66368e-07  -80
3815.01  6.66368e-07  -80
3820.01  6.66368e-07  -80
3825.01  6.66368e-07  -80
3830.01  6.66368e-07  -80
3835.01  6.66368e-07  -80
3840.01  6.66368e-07  -80
3845.01  6.66368e-07  -80
3850.01  6.66368e-07  -80
3855.01  6.66368e-07  -80
3860.01  6.66368e-07  -80
3865.01  6.66368e-07  -80
3870.01  6.66368e-07  -80
3875.01  6.66368e-07  -80
3880.01  6.66368e-07  -80
3885.01  6.66368e-07  -80
3890.01  6.66368e-07  -80
3895.01  6.66368e-07  -80
3900.01  6.66368e-07  -80
3905.01  6.66368e-07  -80
3910.01  6.66368e-07  -80
3915.01  6.66368e-07  -80
3920.01  6.66368e-07  -80
3925.01  6.66368e-07  -80
3930.01  6.66368e-07  -80
3935.01  6.66368e-07  -80
3940.01  6.66368e-07  -80
3945.01  6.66368e-07  -80
3950.01  6.66368e-07  -80
3955.01  6.66368e-07  -80
3960.01  6.66368e-07  -80
3965.01  6.66368e-07  -80
3970.01  6.66368e-07  -80
3975.01  6.66368e-07  -80
3980.01  6.66368e-07  -80
3985.01  6.66368e-07  -80
3990.01  6.66368e-07  -80
3995.01  6.66368e-07  -80
4000.01  6.66368e-07  -80
4005.01  6.66368e-07  -80
4010.01  6.66368e-07  -80
4015.01  6.66368e-07  -80
4020.01  6.66368e-07  -80
4025.01  6.66368e-07  -80
4030.01  6.66368e-07  -80
4035.01  6.66368e-07  -80
4040.01  6.66368e-07  -80
4045.01  6.66368e-07  -80
4050.01  6.66368e-07  -80
4055.01  6.66368e-07  -80
4060.01  6.66368e-07  -80
4065.01  6.66368e-07  -80
4070.01  6.66368e-07  -80
4075.01  6.66368e-07  -80
4080.01  6.66368e-07  -80
4085.01  6.66368e-07  -80
4090.01  6.66368e-07  -80
4095.01  6.66368e-07  -80
4100.01  6.66368e-07  -80
4105.01  6.66368e-07  -80
4110.01  6.66368e-07  -80
4115.01  6.66368e-07  -80
4120.01  6.66368e-07  -80
4125.01  6.66368e-07  -80
4130.01  6.66368e-07  -80
4135.01  6.66368e-07  -80
4140.01  6.66368e-07  -80
4145.01  6.66368e-07  -80
4150.01  6.66368e-07  -80
4155.01  6.66368e-07  -80
4160.01  6.66368e-07  -80
4165.01  6.66368e-07  -80
4170.01  6.66368e-07  -80
4175.01  6.66368e-07  -80
4180.01  6.66368e-07  -80
4185.01  6.66368e-07  -80
4190.01  6.66368e-07  -80
4195.01  6.66368e-07  -80
4200.01  6.66368e-07  -80
4205.01  6.66368e-07  -80
4210.01  6.66368e-07  -80
4215.01  6.66368e-07  -80
4220.01  6.66368e-07  -80
4225.01  6.66368e-07  -80
4230.01  6.66368e-07  -80
4235.01  6.66368e-07  -80
4240.01  6.66368e-07  -80
4245.01  6.66368e-07  -80
4250.01  6.66368e-07  -80
4255.01  6.66368e-07  -80
4260.01  6.66368e-07  -80
4265.01  6.66368e-07  -80
4270.01  6.66368e-07  -80
4275.01  6.66368e-07  -80
4280.01  6.66368e-07  -80
4285.01  6.66368e-07  -80
4290.01  6.66368e-07  -80
4295.01  6.66368e-07  -80
4300.01  6.66368e-07  -80
4305.01  6.66368e-07  -80
4310.01  6.66368e-07  -80
4315.01  6.66368e-07  -80
4320.01  6.66368e-07  -80
4325.01  6.66368e-07  -80
4330.01  6.66368e-07  -80
4335.01  6.66368e-07  -80
4340.01  6.66368e-07  -80
4345.01  6.66368e-07  -80
4350.01  6.66368e-07  -80
4355.01  6.66368e-07  -80
4360.01  6.66368e-07  -80
4365.01  6.66368e-07  -80
4370.01  6.66368e-07  -80
4375.01  6.66368e-07  -80
4380.01  6.66368e-07  -80
4385.01  6.66368e-07  -80
4390.01  6.66368e-07  -80
4395.01  6.66368e-07  -80
4400.01  6.66368e-07  -80
4405.01  6.66368e-07  -80
4410.01  6.66368e-07  -80
4415.01  6.66368e-07  -80
4420.01  6.66368e-07  -80
4425.01  6.66368e-07  -80
4430.01  6.66368e-07  -80
4435.01  6.66368e-07  -80
4440.01  6.66368e-07  -80
4445.01  6.66368e-07  -80
4450.01  6.66368e-07  -80
4455.01  6.66368e-07  -80
4460.01  6.66368e-07  -80
4465.01  6.66368e-07  -80
4470.01  6.66368e-07  -80
4475.01  6.66368e-07  -80
4480.01  6.66368e-07  -80
4485.01  6.66368e-07  -80
4490.01  6.66368e-07  -80
4495.01  6.66368e-07  -80
4500.01  6.66368e-07  -80
4505.01  6.66368e-07  -80
4510.01  6.66368e-07  -80
4515.01  6.66368e-07  -80
4520.01  6.66368e-07  -80
4525.01  6.66368e-07  -80
4530.01  6.66368e-07  -80
4535.01  6.66368e-07  -80
4540.01  6.66368e-07  -80
4545.01  6.66368e-07  -80
4550.01  6.66368e-07  -80
4555.01  6.66368e-07  -80
4560.01  6.66368e-07  -80
4565.01  6.66368e-07  -80
4570.01  6.66368e-07  -80
4575.01  6.66368e-07  -80
4580.01  6.66368e-07  -80
4585.01  6.66368e-07  -80
4590.01  6.66368e-07  -80
4595.01  6.66368e-07  -80
4600.01  6.66368e-07  -80
4605.01  6.66368e-07  -80
4610.01  6.66368e-07  -80
4615.01  6.66368e-07  -80
4620.01  6.66368e-07  -80
4625.01  6.66368e-07  -80
4630.01  6.66368e-07  -80
4635.01  6.66368e-07  -80
4640.01  6.66368e-07  -80
4645.01  6.66368e-07  -80
4650.01  6.66368e-07  -80
4655.01  6.66368e-07  -80
4660.01  6.66368e-07  -80
4665.01  6.66368e-07  -80
4670.01  6.66368e-07  -80
4675.01  6.66368e-07  -80
4680.01  6.66368e-07  -80
4685.01  6.66368e-07  -80
4690.01  6.66368e-07  -80
4695.01  6.66368e-07  -80
4700.01  6.66368e-07  -80
4705.01  6.66368e-07  -80
4710.01  6.66368e-07  -80
4715.01  6.66368e-07  -80
4720.01  6.66368e-07  -80
4725.01  6.66368e-07  -80
4730.01  6.66368e-07  -80
4735.01  6.66368e-07  -80
4740.01  6.66368e-07  -80
4745.01  6.66368e-07  -80
4750.01  6.66368e-07  -80
4755.01  6.66368e-07  -80
4760.01  6.66368e-07  -80
4765.01  6.66368e-07  -80
4770.01  6.66368e-07  -80
4775.01  6.66368e-07  -80
4780.01  6.66368e-07  -80
4785.01  6.66368e-07  -80
4790.01  6.66368e-07  -80
4795.01  6.66368e-07  -80
4800.01  6.66368e-07  -80
4805.01  6.66368e-07  -80
4810.01  6.66368e-07  -80
4815.01  6.66368e-07  -80
4820.01  6.66368e-07  -80
4825.01  6.66368e-07  -80
4830.01  6.66368e-07  -80
4835.01  6.66368e-07  -80
4840.01  6.66368e-07  -80
4845.01  6.66368e-07  -80
4850.01  6.66368e-07  -80
4855.01  6.66368e-07  -80
4860.01  6.66368e-07  -80
4865.01  6.66368e-07  -80
4870.01  6.66368e-07  -80
4875.01  6.66368e-07  -80
4880.01  6.66368e-07  -80
4885.01  6.66368e-07  -80
4890.01  6.66368e-07  -80
4895.01  6.66368e-07  -80
4900.01  6.66368e-07  -80
4905.01  6.66368e-07  -80
4910.01  6.66368e-07  -80
4915.01  6.66368e-07  -80
4920.01  6.66368e-07  -80
4925.01  6.66368e-07  -80
4930.01  6.66368e-07  -80
4935.01  6.66368e-07  -80
4940.01  6.66368e-07  -80
4945.01  6.66368e-07  -80
4950.01  6.66368e-07  -80
4955.01  6.66368e-07  -80
4960.01  6.66368e-07  -80
4965.01  6.66368e-07  -80
4970.01  6.66368e-07  -80
4975.01  6.66368e-07  -80
4980.01  6.66368e-07  -80
4985.01  6.66368e-07  -80
4990.01  6.66368e-07  -80
4995.01  6.66368e-07  -80
5000.01  6.66368e-07  -80
5005.01  6.66368e-07  -80
5010.01  6.66368e-07  -80
5015.01  6.66368e-07  -80
5020.01  6.66368e-07  -80
5025.01  6.66368e-07  -80
5030.01  6.66368e-07  -80
5035.01  6.66368e-07  -80
5040.01  6.66368e-07  -80
5045.01  6.66368e-07  -80
5050.01  6.66368e-07  -80
5055.01  6.66368e-07  -80
5060.01  6.66368e-07  -80
5065.01  6.66368e-07  -80
5070.01  6.66368e-07  -80
5075.01  6.66368e-07  -80
5080.01  6.66368e-07  -80
5085.01  6.66368e-07  -80
5090.01  6.66368e-07  -80
5095.01  6.66368e-07  -80
5100.01  6.66368e-07  -80
5105.01  6.66368e-07  -80
5110.01  6.66368e-07  -80
5115.01  6.66368e-07  -80
5120.01  6.66368e-07  -80
5125.01  6.66368e-07  -80
5130.01  6.66368e-07  -80
5135.01  6.66368e-07  -80
5140.01  6.66368e-07  -80
5145.01  6.66368e-07  -80
5150.01  6.66368e-07  -80
5155.01  6.66368e-07  -80
5160.01  6.66368e-07  -80
5165.01  6.66368e-07  -80
5170.01  6.66368e-07  -80
5175.01  6.66368e-07  -80
5180.01  6.66368e-07  -80
5185.01  6.66368e-07  -80
5190.01  6.66368e-07  -80
5195.01  6.66368e-07  -80
5200.01  6.66368e-07  -80
5205.01  6.66368e-07  -80
5210.01  6.66368e-07  -80
5215.01  6.66368e-07  -80
5220.01  6.66368e-07  -80
5225.01  6.66368e-07  -80
5230.01  6.66368e-07  -80
5235.01  6.66368e-07  -80
5240.01  6.66368e-07  -80
5245.01  6.66368e-07  -80
5250.01  6.66368e-07  -80
5255.01  6.66368e-07  -80
5260.01  6.66368e-07  -80
5265.01  6.66368e-07  -80
5270.01  6.66368e-07  -80
5275.01  6.66368e-07  -80
5280.01  6.66368e-07  -80
5285.01  6.66368e-07  -80
5290.01  6.66368e-07  -80
5295.01  6.66368e-07  -80
5300.01  6.66368e-07  -80
5305.01  6.66368e-07  -80
5310.01  6.66368e-07  -80
5315.01  6.66368e-07  -80
5320.01  6.66368e-07  -80
5325.01  6.66368e-07  -80
5330.01  6.66368e-07  -80
5335.01  6.66368e-07  -80
5340.01  6.66368e-07  -80
5345.01  6.66368e-07  -80
5350.01  6.66368e-07  -80
5355.01  6.66368e-07  -80
5360.01  6.66368e-07  -80
5365.01  6.66368e-07  -80
5370.01  6.66368e-07  -80
5375.01  6.66368e-07  -80
5380.01  6.66368e-07  -80
5385.01  6.66368e-07  -80
5390.01  6.66368e-07  -80
5395.01  6.66368e-07  -80
5400.01  6.66368e-07  -80
5405.01  6.66368e-07  -80
5410.01  6.66368e-07  -80
5415.01  6.66368e-07  -80
5420.01  6.66368e-07  -80
5425.01  6.66368e-07  -80
5430.01  6.66368e-07  -80
5435.01  6.66368e-07  -80
5440.01  6.66368e-07  -80
5445.01  6.66368e-07  -80
5450.01  6.66368e-07  -80
5455.01  6.66368e-07  -80
5460.01  6.66368e-07  -80
5465.01  6.66368e-07  -80
5470.01  6.66368e-07  -80
5475.01  6.66368e-07  -80
5480.01  6.66368e-07  -80
5485.01  6.66368e-07  -80
5490.01  6.66368e-07  -80
5495.01  6.66368e-07  -80
5500.01  6.66368e-07  -80
5505.01  6.66368e-07  -80
5510.01  6.66368e-07  -80
5515.01  6.66368e-07  -80
5520.01  6.66368e-07  -80
5525.01  6.66368e-07  -80
5530.01  6.66368e-07  -80
5535.01  6.66368e-07  -80
5540.01  6.66368e-07  -80
5545.01  6.66368e-07  -80
5550.01  6.66368e-07  -80
5555.01  6.66368e-07  -80
5560.01  6.66368e-07  -80
5565.01  6.66368e-07  -80
5570.01  6.66368e-07  -80
5575.01  6.66368e-07  -80
5580.01  6.66368e-07  -80
5585.01  6.66368e-07  -80
5590.01  6.66368e-07  -80
5595.01  6.66368e-07  -80
5600.01  6.66368e-07  -80
5605.01  6.66368e-07  -80
5610.01  6.66368e-07  -80
5615.01  6.66368e-07  -80
5620.01  6.66368e-07  -80
5625.01  6.66368e-07  -80
5630.01  6.66368e-07  -80
5635.01  6.66368e-07  -80
5640.01  6.66368e-07  -80
5645.01  6.66368e-07  -80
5650.01  6.66368e-07  -80
5655.01  6.66368e-07  -80
5660.01  6.66368e-07  -80
5665.01  6.66368e-07  -80
5670.01  6.66368e-07  -80
5675.01  6.66368e-07  -80
5680.01  6.66368e-07  -80
5685.01  6.66368e-07  -80
5690.01  6.66368e-07  -80
5695.01  6.66368e-07  -80
5700.01  6.66368e-07  -80
5705.01  6.66368e-07  -80
5710.01  6.66368e-07  -80
5715.01  6.66368e-07  -80
5720.01  6.66368e-07  -80
5725.01  6.66368e-07  -80
5730.01  6.66368e-07  -80
5735.01  6.66368e-07  -80
5740.01  6.66368e-07  -80
5745.01  6.66368e-07  -80
5750.01  6.66368e-07  -80
5755.01  6.66368e-07  -80
5760.01  6.66368e-07  -80
5765.01  6.66368e-07  -80
5770.01  6.66368e-07  -80
5775.01  6.66368e-07  -80
5780.01  6.66368e-07  -80
5785.01  6.66368e-07  -80
5790.01  6.66368e-07  -80
5795.01  6.66368e-07  -80
5800.01  6.66368e-07  -80
5805.01  6.66368e-07  -80
5810.01  6.66368e-07  -80
5815.01  6.66368e-07  -80
5820.01  6.66368e-07  -80
5825.01  6.66368e-07  -80
5830.01  6.66368e-07  -80
5835.01  6.66368e-07  -80
5840.01  6.66368e-07  -80
5845.01  6.66368e-07  -80
5850.01  6.66368e-07  -80
5855.01  6.66368e-07  -80
5860.01  6.66368e-07  -80
5865.01  6.66368e-07  -80
5870.01  6.66368e-07  -80
5875.01  6.66368e-07  -80
5880.01  6.66368e-07  -80
5885.01  6.66368e-07  -80
5890.01  6.66368e-07  -80
5895.01  6.66368e-07  -80
5900.01  6.66368e-07  -80
5905.01  6.66368e-07  -80
5910.01  6.66368e-07  -80
5915.01  6.66368e-07  -80
5920.01  6.66368e-07  -80
5925.01  6.66368e-07  -80
5930.01  6.66368e-07  -80
5935.01  6.66368e-07  -80
5940.01  6.66368e-07  -80
5945.01  6.66368e-07  -80
5950.01  6.66368e-07  -80
5955.01  6.66368e-07  -80
5960.01  6.66368e-07  -80
5965.01  6.66368e-07  -80
5970.01  6.66368e-07  -80
5975.01  6.66368e-07  -80
5980.01  6.66368e-07  -80
5985.01  6.66368e-07  -80
5990.01  6.66368e-07  -80
5995.01  6.66368e-07  -80
6000.01  6.66368e-07  -80
6005.01  6.66368e-07  -80
6010.01  6.66368e-07  -80
6015.01  6.66368e-07  -80
6020.01  6.66368e-07  -80
6025.01  6.66368e-07  -80
6030.01  6.66368e-07  -80
6035.01  6.66368e-07  -80
6040.01  6.66368e-07  -80
6045.01  6.66368e-07  -80
6050.01  6.66368e-07  -80
6055.01  6.66368e-07  -80
6060.01  6.66368e-07  -80
6065.01  6.66368e-07  -80
6070.01  6.66368e-07  -80
6075.01  6.66368e-07  -80
6080.01  6.66368e-07  -80
6085.01  6.66368e-07  -80
6090.01  6.66368e-07  -80
6095.01  6.66368e-07  -80
6100.01  6.66368e-07  -80
6105.01  6.66368e-07  -80
6110.01  6.66368e-07  -80
6115.01  6.66368e-07  -80
6120.01  6.66368e-07  -80
6125.01  6.66368e-07  -80
6130.01  6.66368e-07  -80
6135.01  6.66368e-07  -80
6140.01  6.66368e-07  -80
6145.01  6.66368e-07  -80
6150.01  6.66368e-07  -80
6155.01  6.66368e-07  -80
6160.01  6.66368e-07  -80
6165.01  6.66368e-07  -80
6170.01  6.66368e-07  -80
6175.01  6.66368e-07  -80
6180.01  6.66368e-07  -80
6185.01  6.66368e-07  -80
6190.01  6.66368e-07  -80
6195.01  6.66368e-07  -80
6200.01  6.66368e-07  -80
6205.01  6.66368e-07  -80
6210.01  6.66368e-07  -80
6215.01  6.66368e-07  -80
6220.01  6.66368e-07  -80
6225.01  6.66368e-07  -80
6230.01  6.66368e-07  -80
6235.01  6.66368e-07  -80
6240.01  6.66368e-07  -80
6245.01  6.66368e-07  -80
6250.01  6.66368e-07  -80
6255.01  6.66368e-07  -80
6260.01  6.66368e-07  -80
6265.01  6.66368e-07  -80
6270.01  6.66368e-07  -80
6275.01  6.66368e-07  -80
6280.01  6.66368e-07  -80
6285.01  6.66368e-07  -80
6290.01  6.66368e-07  -80
6295.01  6.66368e-07  -80
6300.01  6.66368e-07  -80
6305.01  6.66368e-07  -80
6310.01  6.66368e-07  -80
6315.01  6.66368e-07  -80
6320.01  6.66368e-07  -80
6325.01  6.66368e-07  -80
6330.01  6.66368e-07  -80
6335.01  6.66368e-07  -80
6340.01  6.66368e-07  -80
6345.01  6.66368e-07  -80
6350.01  6.66368e-07  -80
6355.01  6.66368e-07  -80
6360.01  6.66368e-07  -80
6365.01  6.66368e-07  -80
6370.01  6.66368e-07  -80
6375.01  6.66368e-07  -80
6380.01  6.66368e-07  -80
6385.01  6.66368e-07  -80
6390.01  6.66368e-07  -80
6395.01  6.66368e-07  -80
6400.01  6.66368e-07  -80
6405.01  6.66368e-07  -80
6410.01  6.66368e-07  -80
6415.01  6.66368e-07  -80
6420.01  6.66368e-07  -80
6425.01  6.66368e-07  -80
6430.01  6.66368e-07  -80
6435.01  6.66368e-07  -80
6440.01  6.66368e-07  -80
6445.01  6.66368e-07  -80
6450.01  6.66368e-07  -80
6455.01  6.66368e-07  -80
6460.01  6.66368e-07  -80
6465.01  6.66368e-07  -80
6470.01  6.66368e-07  -80
6475.01  6.66368e-07  -80
6480.01  6.66368e-07  -80
6485.01  6.66368e-07  -80
6490.01  6.66368e-07  -80
6495.01  6.66368e-07  -80
6500.01  6.66368e-07  -80
6505.01  6.66368e-07  -80
6510.01  6.66368e-07  -80
6515.01  6.66368e-07  -80
6520.01  6.66368e-07  -80
6525.01  6.66368e-07  -80
6530.01  6.66368e-07  -80
6535.01  6.66368e-07  -80
6540.01  6.66368e-07  -80
6545.01  6.66368e-07  -80
6550.01  6.66368e-07  -80
6555.01  6.66368e-07  -80
6560.01  6.66368e-07  -80
6565.01  6.66368e-07  -80
6570.01  6.66368e-07  -80
6575.01  6.66368e-07  -80
6580.01  6.66368e-07  -80
6585.01  6.66368e-07  -80
6590.01  6.66368e-07  -80
6595.01  6.66368e-07  -80
6600.01  6.66368e-07  -80
6605.01  6.66368e-07  -80
6610.01  6.66368e-07  -80
6615.01  6.66368e-07  -80
6620.01  6.66368e-07  -80
6625.01  6.66368e-07  -80
6630.01  6.66368e-07  -80
6635.01  6.66368e-07  -80
6640.01  6.66368e-07  -80
6645.01  6.66368e-07  -80
6650.01  6.66368e-07  -80
6655.01  6.66368e-07  -80
6660.01  6.66368e-07  -80
6665.01  6.66368e-07  -80
6670.01  6.66368e-07  -80
6675.01  6.66368e-07  -80
6680.01  6.66368e-07  -80
6685.01  6.66368e-07  -80
6690.01  6.66368e-07  -80
6695.01  6.66368e-07  -80
6700.01  6.66368e-07  -80
6705.01  6.66368e-07  -80
6710.01  6.66368e-07  -80
6715.01  6.66368e-07  -80
6720.01  6.66368e-07  -80
6725.01  6.66368e-07  -80
6730.01  6.66368e-07  -80
6735.01  6.66368e-07  -80
6740.01  6.66368e-07  -80
6745.01  6.66368e-07  -80
6750.01  6.66368e-07  -80
6755.01  6.66368e-07  -80
6760.01  6.66368e-07  -80
6765.01  6.66368e-07  -80
6770.01  6.66368e-07  -80
6775.01  6.66368e-07  -80
6780.01  6.66368e-07  -80
6785.01  6.66368e-07  -80
6790.01  6.66368e-07  -80
6795.01  6.66368e-07  -80
6800.01  6.66368e-07  -80
6805.01  6.66368e-07  -80
6810.01  6.66368e-07  -80
6815.01  6.66368e-07  -80
6820.01  6.66368e-07  -80
6825.01  6.66368e-07  -80
6830.01  6.66368e-07  -80
6835.01  6.66368e-07  -80
6840.01  6.66368e-07  -80
6845.01  6.66368e-07  -80
6850.01  6.66368e-07  -80
6855.01  6.66368e-07  -80
6860.01  6.66368e-07  -80
6865.01  6.66368e-07  -80
6870.01  6.66368e-07  -80
6875.01  6.66368e-07  -80
6880.01  6.66368e-07  -80
6885.01  6.66368e-07  -80
6890.01  6.66368e-07  -80
6895.01  6.66368e-07  -80
6900.01  6.66368e-07  -80
6905.01  6.66368e-07  -80
6910.01  6.66368e-07  -80
6915.01  6.66368e-07  -80
6920.01  6.66368e-07  -80
6925.01  6.66368e-07  -80
6930.01  6.66368e-07  -80
6935.01  6.66368e-07  -80
6940.01  6.66368e-07  -80
6945.01  6.66368e-07  -80
6950.01  6.66368e-07  -80
6955.01  6.66368e-07  -80
6960.01  6.66368e-07  -80
6965.01  6.66368e-07  -80
6970.01  6.66368e-07  -80
6975.01  6.66368e-07  -80
6980.01  6.66368e-07  -80
6985.01  6.66368e-07  -80
6990.01  6.66368e-07  -80
6995.01  6.66368e-07  -80
7000.01  6.66368e-07  -80
7005.01  6.66368e-07  -80
7010.01  6.66368e-07  -80
7015.01  6.66368e-07  -80
7020.01  6.66368e-07  -80
7025.01  6.66368e-07  -80
7030.01  6.66368e-07  -80
7035.01  6.66368e-07  -80
7040.01  6.66368e-07  -80
7045.01  6.66368e-07  -80
7050.01  6.66368e-07  -80
7055.01  6.66368e-07  -80
7060.01  6.66368e-07  -80
7065.01  6.66368e-07  -80
7070.01  6.66368e-07  -80
7075.01  6.66368e-07  -80
7080.01  6.66368e-07  -80
7085.01  6.66368e-07  -80
7090.01  6.66368e-07  -80
7095.01  6.66368e-07  -80
7100.01  6.66368e-07  -80
7105.01  6.66368e-07  -80
7110.01  6.66368e-07  -80
7115.01  6.66368e-07  -80
7120.01  6.66368e-07  -80
7125.01  6.66368e-07  -80
7130.01  6.66368e-07  -80
7135.01  6.66368e-07  -80
7140.01  6.66368e-07  -80
7145.01  6.66368e-07  -80
7150.01  6.66368e-07  -80
7155.01  6.66368e-07  -80
7160.01  6.66368e-07  -80
7165.01  6.66368e-07  -80
7170.01  6.66368e-07  -80
7175.01  6.66368e-07  -80
7180.01  6.66368e-07  -80
7185.01  6.66368e-07  -80
7190.01  6.66368e-07  -80
7195.01  6.66368e-07  -80
7200.01  6.66368e-07  -80
7205.01  6.66368e-07  -80
7210.01  6.66368e-07  -80
7215.01  6.66368e-07  -80
7220.01  6.66368e-07  -80
7225.01  6.66368e-07  -80
7230.01  6.66368e-07  -80
7235.01  6.66368e-07  -80
7240.01  6.66368e-07  -80
7245.01  6.66368e-07  -80
7250.01  6.66368e-07  -80
7255.01  6.66368e-07  -80
7260.01  6.66368e-07  -80
7265.01  6.66368e-07  -80
7270.01  6.66368e-07  -80
7275.01  6.66368e-07  -80
7280.01  6.66368e-07  -80
7285.01  6.66368e-07  -80
7290.01  6.66368e-07  -80
7295.01  6.66368e-07  -80
7300.01  6.66368e-07  -80
7305.01  6.66368e-07  -80
7310.01  6.66368e-07  -80
7315.01  6.66368e-07  -80
7320.01  6.66368e-07  -80
7325.01  6.66368e-07  -80
7330.01  6.66368e-07  -80
7335.01  6.66368e-07  -80
7340.01  6.66368e-07  -80
7345.01  6.66368e-07  -80
7350.01  6.66368e-07  -80
7355.01  6.66368e-07  -80
7360.01  6.66368e-07  -80
7365.01  6.66368e-07  -80
7370.01  6.66368e-07  -80
7375.01  6.66368e-07  -80
7380.01  6.66368e-07  -80
7385.01  6.66368e-07  -80
7390.01  6.66368e-07  -80
7395.01  6.66368e-07  -80
7400.01  6.66368e-07  -80
7405.01  6.66368e-07  -80
7410.01  6.66368e-07  -80
7415.01  6.66368e-07  -80
7420.01  6.66368e-07  -80
7425.01  6.66368e-07  -80
7430.01  6.66368e-07  -80
7435.01  6.66368e-07  -80
7440.01  6.66368e-07  -80
7445.01  6.66368e-07  -80
7450.01  6.66368e-07  -80
7455.01  6.66368e-07  -80
7460.01  6.66368e-07  -80
7465.01  6.66368e-07  -80
7470.01  6.66368e-07  -80
7475.01  6.66368e-07  -80
7480.01  6.66368e-07  -80
7485.01  6.66368e-07  -80
7490.01  6.66368e-07  -80
7495.01  6.66368e-07  -80
7500.01  6.66368e-07  -80
7505.01  6.66368e-07  -80
7510.01  6.66368e-07  -80
7515.01  6.66368e-07  -80
7520.01  6.66368e-07  -80
7525.01  6.66368e-07  -80
7530.01  6.66368e-07  -80
7535.01  6.66368e-07  -80
7540.01  6.66368e-07  -80
7545.01  6.66368e-07  -80
7550.01  6.66368e-07  -80
7555.01  6.66368e-07  -80
7560.01  6.66368e-07  -80
7565.01  6.66368e-07  -80
7570.01  6.66368e-07  -80
7575.01  6.66368e-07  -80
7580.01  6.66368e-07  -80
7585.01  6.66368e-07  -80
7590.01  6.66368e-07  -80
7595.01  6.66368e-07  -80
7600.01  6.66368e-07  -80
7605.01  6.66368e-07  -80
7610.01  6.66368e-07  -80
7615.01  6.66368e-07  -80
7620.01  6.66368e-07  -80
7625.01  6.66368e-07  -80
7630.01  6.66368e-07  -80
7635.01  6.66368e-07  -80
7640.01  6.66368e-07  -80
7645.01  6.66368e-07  -80
7650.01  6.66368e-07  -80
7655.01  6.66368e-07  -80
7660.01  6.66368e-07  -80
7665.01  6.66368e-07  -80
7670.01  6.66368e-07  -80
7675.01  6.66368e-07  -80
7680.01  6.66368e-07  -80
7685.01  6.66368e-07  -80
7690.01  6.66368e-07  -80
7695.01  6.66368e-07  -80
7700.01  6.66368e-07  -80
7705.01  6.66368e-07  -80
7710.01  6.66368e-07  -80
7715.01  6.66368e-07  -80
7720.01  6.66368e-07  -80
7725.01  6.66368e-07  -80
7730.01  6.66368e-07  -80
7735.01  6.66368e-07  -80
7740.01  6.66368e-07  -80
7745.01  6.66368e-07  -80
7750.01  6.66368e-07  -80
7755.01  6.66368e-07  -80
7760.01  6.66368e-07  -80
7765.01  6.66368e-07  -80
7770.01  6.66368e-07  -80
7775.01  6.66368e-07  -80
7780.01  6.66368e-07  -80
7785.01  6.66368e-07  -80
7790.01  6.66368e-07  -80
7795.01  6.66368e-07  -80
7800.01  6.66368e-07  -80
7805.01  6.66368e-07  -80
7810.01  6.66368e-07  -80
7815.01  6.66368e-07  -80
7820.01  6.66368e-07  -80
7825.01  6.66368e-07  -80
7830.01  6.66368e-07  -80
7835.01  6.66368e-07  -80
7840.01  6.66368e-07  -80
7845.01  6.66368e-07  -80
7850.01  6.66368e-07  -80
7855.01  6.66368e-07  -80
7860.01  6.66368e-07  -80
7865.01  6.66368e-07  -80
7870.01  6.66368e-07  -80
7875.01  6.66368e-07  -80
7880.01  6.66368e-07  -80
7885.01  6.66368e-07  -80
7890.01  6.66368e-07  -80
7895.01  6.66368e-07  -80
7900.01  6.66368e-07  -80
7905.01  6.66368e-07  -80
7910.01  6.66368e-07  -80
7915.01  6.66368e-07  -80
7920.01  6.66368e-07  -80
7925.01  6.66368e-07  -80
7930.01  6.66368e-07  -80
7935.01  6.66368e-07  -80
7940.01  6.66368e-07  -80
7945.01  6.66368e-07  -80
7950.01  6.66368e-07  -80
7955.01  6.66368e-07  -80
7960.01  6.66368e-07  -80
7965.01  6.66368e-07  -80
7970.01  6.66368e-07  -80
7975.01  6.66368e-07  -80
7980.01  6.66368e-07  -80
7985.01  6.66368e-07  -80
7990.01  6.66368e-07  -80
7995.01  6.66368e-07  -80
8000.01  6.66368e-07  -80
8005.01  6.66368e-07  -80
8010.01  6.66368e-07  -80
8015.01  6.66368e-07  -80
8020.01  6.66368e-07  -80
8025.01  6.66368e-07  -80
8030.01  6.66368e-07  -80
8035.01  6.66368e-07  -80
8040.01  6.66368e-07  -80
8045.01  6.66368e-07  -80
8050.01  6.66368e-07  -80
8055.01  6.66368e-07  -80
8060.01  6.66368e-07  -80
8065.01  6.66368e-07  -80
8070.01  6.66368e-07  -80
8075.01  6.66368e-07  -80
8080.01  6.66368e-07  -80
8085.01  6.66368e-07  -80
8090.01  6.66368e-07  -80
8095.01  6.66368e-07  -80
8100.01  6.66368e-07  -80
8105.01  6.66368e-07  -80
8110.01  6.66368e-07  -80
8115.01  6.66368e-07  -80
8120.01  6.66368e-07  -80
8125.01  6.66368e-07  -80
8130.01  6.66368e-07  -80
8135.01  6.66368e-07  -80
8140.01  6.66368e-07  -80
8145.01  6.66368e-07  -80
8150.01  6.66368e-07  -80
8155.01  6.66368e-07  -80
8160.01  6.66368e-07  -80
8165.01  6.66368e-07  -80
8170.01  6.66368e-07  -80
8175.01  6.66368e-07  -80
8180.01  6.66368e-07  -80
8185.01  6.66368e-07  -80
8190.01  6.66368e-07  -80
8195.01  6.66368e-07  -80
8200.01  6.66368e-07  -80
8205.01  6.66368e-07  -80
8210.01  6.66368e-07  -80
8215.01  6.66368e-07  -80
8220.01  6.66368e-07  -80
8225.01  6.66368e-07  -80
8230.01  6.66368e-07  -80
8235.01  6.66368e-07  -80
8240.01  6.66368e-07  -80
8245.01  6.66368e-07  -80
8250.01  6.66368e-07  -80
8255.01  6.66368e-07  -80
8260.01  6.66368e-07  -80
8265.01  6.66368e-07  -80
8270.01  6.66368e-07  -80
8275.01  6.66368e-07  -80
8280.01  6.66368e-07  -80
8285.01  6.66368e-07  -80
8290.01  6.66368e-07  -80
8295.01  6.66368e-07  -80
8300.01  6.66368e-07  -80
8305.01  6.66368e-07  -80
8310.01  6.66368e-07  -80
8315.01  6.66368e-07  -80
8320.01  6.66368e-07  -80
8325.01  6.66368e-07  -80
8330.01  6.66368e-07  -80
8335.01  6.66368e-07  -80
8340.01  6.66368e-07  -80
8345.01  6.66368e-07  -80
8350.01  6.66368e-07  -80
8355.01  6.66368e-07  -80
8360.01  6.66368e-07  -80
8365.01  6.66368e-07  -80
8370.01  6.66368e-07  -80
8375.01  6.66368e-07  -80
8380.01  6.66368e-07  -80
8385.01  6.66368e-07  -80
8390.01  6.66368e-07  -80
8395.01  6.66368e-07  -80
8400.01  6.66368e-07  -80
8405.01  6.66368e-07  -80
8410.01  6.66368e-07  -80
8415.01  6.66368e-07  -80
8420.01  6.66368e-07  -80
8425.01  6.66368e-07  -80
8430.01  6.66368e-07  -80
8435.01  6.66368e-07  -80
8440.01  6.66368e-07  -80
8445.01  6.66368e-07  -80
8450.01  6.66368e-07  -80
8455.01  6.66368e-07  -80
8460.01  6.66368e-07  -80
8465.01  6.66368e-07  -80
8470.01  6.66368e-07  -80
8475.01  6.66368e-07  -80
8480.01  6.66368e-07  -80
8485.01  6.66368e-07  -80
8490.01  6.66368e-07  -80
8495.01  6.66368e-07  -80
8500.01  6.66368e-07  -80
8505.01  6.66368e-07  -80
8510.01  6.66368e-07  -80
8515.01  6.66368e-07  -80
8520.01  6.66368e-07  -80
8525.01  6.66368e-07  -80
8530.01  6.66368e-07  -80
8535.01  6.66368e-07  -80
8540.01  6.66368e-07  -80
8545.01  6.66368e-07  -80
8550.01  6.66368e-07  -80
8555.01  6.66368e-07  -80
8560.01  6.66368e-07  -80
8565.01  6.66368e-07  -80
8570.01  6.66368e-07  -80
8575.01  6.66368e-07  -80
8580.01  6.66368e-07  -80
8585.01  6.66368e-07  -80
8590.01  6.66368e-07  -80
8595.01  6.66368e-07  -80
8600.01  6.66368e-07  -80
8605.01  6.66368e-07  -80
8610.01  6.66368e-07  -80
8615.01  6.66368e-07  -80
8620.01  6.66368e-07  -80
8625.01  6.66368e-07  -80
8630.01  6.66368e-07  -80
8635.01  6.66368e-07  -80
8640.01  6.66368e-07  -80
8645.01  6.66368e-07  -80
8650.01  6.66368e-07  -80
8655.01  6.66368e-07  -80
8660.01  6.66368e-07  -80
8665.01  6.66368e-07  -80
8670.01  6.66368e-07  -80
8675.01  6.66368e-07  -80
8680.01  6.66368e-07  -80
8685.01  6.66368e-07  -80
8690.01  6.66368e-07  -80
8695.01  6.66368e-07  -80
8700.01  6.66368e-07  -80
8705.01  6.66368e-07  -80
8710.01  6.66368e-07  -80
8715.01  6.66368e-07  -80
8720.01  6.66368e-07  -80
8725.01  6.66368e-07  -80
8730.01  6.66368e-07  -80
8735.01  6.66368e-07  -80
8740.01  6.66368e-07  -80
8745.01  6.66368e-07  -80
8750.01  6.66368e-07  -80
8755.01  6.66368e-07  -80
8760.01  6.66368e-07  -80
8765.01  6.66368e-07  -80
8770.01  6.66368e-07  -80
8775.01  6.66368e-07  -80
8780.01  6.66368e-07  -80
8785.01  6.66368e-07  -80
8790.01  6.66368e-07  -80
8795.01  6.66368e-07  -80
8800.01  6.66368e-07  -80
8805.01  6.66368e-07  -80
8810.01  6.66368e-07  -80
8815.01  6.66368e-07  -80
8820.01  6.66368e-07  -80
8825.01  6.66368e-07  -80
8830.01  6.66368e-07  -80
8835.01  6.66368e-07  -80
8840.01  6.66368e-07  -80
8845.01  6.66368e-07  -80
8850.01  6.66368e-07  -80
8855.01  6.66368e-07  -80
8860.01  6.66368e-07  -80
8865.01  6.66368e-07  -80
8870.01  6.66368e-07  -80
8875.01  6.66368e-07  -80
8880.01  6.66368e-07  -80
8885.01  6.66368e-07  -80
8890.01  6.66368e-07  -80
8895.01  6.66368e-07  -80
8900.01  6.66368e-07  -80
8905.01  6.66368e-07  -80
8910.01  6.66368e-07  -80
8915.01  6.66368e-07  -80
8920.01  6.66368e-07  -80
8925.01  6.66368e-07  -80
8930.01  6.66368e-07  -80
8935.01  6.66368e-07  -80
8940.01  6.66368e-07  -80
8945.01  6.66368e-07  -80
8950.01  6.66368e-07  -80
8955.01  6.66368e-07  -80
8960.01  6.66368e-07  -80
8965.01  6.66368e-07  -80
8970.01  6.66368e-07  -80
8975.01  6.66368e-07  -80
8980.01  6.66368e-07  -80
8985.01  6.66368e-07  -80
8990.01  6.66368e-07  -80
8995.01  6.66368e-07  -80
9000.01  6.66368e-07  -80
9005.01  6.66368e-07  -80
9010.01  6.66368e-07  -80
9015.01  6.66368e-07  -80
9020.01  6.66368e-07  -80
9025.01  6.66368e-07  -80
9030.01  6.66368e-07  -80
9035.01  6.66368e-07  -80
9040.01  6.66368e-07  -80
9045.01  6.66368e-07  -80
9050.01  6.66368e-07  -80
9055.01  6.66368e-07  -80
9060.01  6.66368e-07  -80
9065.01  6.66368e-07  -80
9070.01  6.66368e-07  -80
9075.01  6.66368e-07  -80
9080.01  6.66368e-07  -80
9085.01  6.66368e-07  -80
9090.01  6.66368e-07  -80
9095.01  6.66368e-07  -80
9100.01  6.66368e-07  -80
9105.01  6.66368e-07  -80
9110.01  6.66368e-07  -80
9115.01  6.66368e-07  -80
9120.01  6.66368e-07  -80
9125.01  6.66368e-07  -80
9130.01  6.66368e-07  -80
9135.01  6.66368e-07  -80
9140.01  6.66368e-07  -80
9145.01  6.66368e-07  -80
9150.01  6.66368e-07  -80
9155.01  6.66368e-07  -80
9160.01  6.66368e-07  -80
9165  6.66368e-07  -80
9170  6.66368e-07  -80
9175  6.66368e-07  -80
9180  6.66368e-07  -80
9185  6.66368e-07  -80
9190  6.66368e-07  -80
9195  6.66368e-07  -80
9200  6.66368e-07  -80
9205  6.66368e-07  -80
9210  6.66368e-07  -80
9215  6.66368e-07  -80
9220  6.66368e-07  -80
9225  6.66368e-07  -80
9230  6.66368e-07  -80
9235  6.66368e-07  -80
9240  6.66368e-07  -80
9245  6.66368e-07  -80
9250  6.66368e-07  -80
9255  6.66368e-07  -80
9260  6.66368e-07  -80
9265  6.66368e-07  -80
9270  6.66368e-07  -80
9275  6.66368e-07  -80
9280  6.66368e-07  -80
9285  6.66368e-07  -80
9290  6.66368e-07  -80
9295  6.66368e-07  -80
9300  6.66368e-07  -80
9305  6.66368e-07  -80
9310  6.66368e-07  -80
9315  6.66368e-07  -80
9320  6.66368e-07  -80
9325  6.66368e-07  -80
9330  6.66368e-07  -80
9335  6.66368e-07  -80
9340  6.66368e-07  -80
9345  6.66368e-07  -80
9350  6.66368e-07  -80
9355  6.66368e-07  -80
9360  6.66368e-07  -80
9365  6.66368e-07  -80
9370  6.66368e-07  -80
9375  6.66368e-07  -80
9380  6.66368e-07  -80
9385  6.66368e-07  -80
9390  6.66368e-07  -80
9395  6.66368e-07  -80
9400  6.66368e-07  -80
9405  6.66368e-07  -80
9410  6.66368e-07  -80
9415  6.66368e-07  -80
9420  6.66368e-07  -80
9425  6.66368e-07  -80
9430  6.66368e-07  -80
9435  6.66368e-07  -80
9440  6.66368e-07  -80
9445  6.66368e-07  -80
9450  6.66368e-07  -80
9455  6.66368e-07  -80
9460  6.66368e-07  -80
9465  6.66368e-07  -80
9470  6.66368e-07  -80
9475  6.66368e-07  -80
9480  6.66368e-07  -80
9485  6.66368e-07  -80
9490  6.66368e-07  -80
9495  6.66368e-07  -80
9500  6.66368e-07  -80
9505  6.66368e-07  -80
9510  6.66368e-07  -80
9515  6.66368e-07  -80
9520  6.66368e-07  -80
9525  6.66368e-07  -80
9530  6.66368e-07  -80
9535  6.66368e-07  -80
9540  6.66368e-07  -80
9545  6.66368e-07  -80
9550  6.66368e-07  -80
9555  6.66368e-07  -80
9560  6.66368e-07  -80
9565  6.66368e-07  -80
9570  6.66368e-07  -80
9575  6.66368e-07  -80
9580  6.66368e-07  -80
9585  6.66368e-07  -80
9590  6.66368e-07  -80
9595  6.66368e-07  -80
9600  6.66368e-07  -80
9605  6.66368e-07  -80
9610  6.66368e-07  -80
9615  6.66368e-07  -80
9620  6.66368e-07  -80
9625  6.66368e-07  -80
9630  6.66368e-07  -80
9635  6.66368e-07  -80
9640  6.66368e-07  -80
9645  6.66368e-07  -80
9650  6.66368e-07  -80
9655  6.66368e-07  -80
9660  6.66368e-07  -80
9665  6.66368e-07  -80
9670  6.66368e-07  -80
9675  6.66368e-07  -80
9680  6.66368e-07  -80
9685  6.66368e-07  -80
9690  6.66368e-07  -80
9695  6.66368e-07  -80
9700  6.66368e-07  -80
9705  6.66368e-07  -80
9710  6.66368e-07  -80
9715  6.66368e-07  -80
9720  6.66368e-07  -80
9725  6.66368e-07  -80
9730  6.66368e-07  -80
9735  6.66368e-07  -80
9740  6.66368e-07  -80
9745  6.66368e-07  -80
9750  6.66368e-07  -80
9755  6.66368e-07  -80
9760  6.66368e-07  -80
9765  6.66368e-07  -80
9770  6.66368e-07  -80
9775  6.66368e-07  -80
9780  6.66368e-07  -80
9785  6.66368e-07  -80
9790  6.66368e-07  -80
9795  6.66368e-07  -80
9800  6.66368e-07  -80
9805  6.66368e-07  -80
9810  6.66368e-07  -80
9815  6.66368e-07  -80
9820  6.66368e-07  -80
9825  6.66368e-07  -80
9830  6.66368e-07  -80
9835  6.66368e-07  -80
9840  6.66368e-07  -80
9845  6.66368e-07  -80
9850  6.66368e-07  -80
9855  6.66368e-07  -80
9860  6.66368e-07  -80
9865  6.66368e-07  -80
9870  6.66368e-07  -80
9875  6.66368e-07  -80
9880  6.66368e-07  -80
9885  6.66368e-07  -80
9890  6.66368e-07  -80
9895  6.66368e-07  -80
9900  6.66368e-07  -80
9905  6.66368e-07  -80
9910  6.66368e-07  -80
9915  6.66368e-07  -80
9920  6.66368e-07  -80
9925  6.66368e-07  -80
9930  6.66368e-07  -80
9935  6.66368e-07  -80
9940  6.66368e-07  -80
9945  6.66368e-07  -80
9950  6.66368e-07  -80
9955  6.66368e-07  -80
9960  6.66368e-07  -80
9965  6.66368e-07  -80
9970  6.66368e-07  -80
9975  6.66368e-07  -80
9980  6.66368e-07  -80
9985  6.66368e-07  -80
9990  6.66368e-07  -80
9995  6.66368e-07  -80
10000  2.12737e-05  40
10005  0.00140375  40
10010  0.00567326  40
10015  0.0109027  40
10020  0.0156165  40
10025  0.0192799  40
10030  0.0218593  40
10035  0.0235173  40
10040  0.0244625  40
10045  0.024887  40
10050  0.0249462  40
10055  0.0247576  40
10060  0.0244063  40
10065  0.023952  40
10070  0.023436  40
10075  0.022886  40
10080  0.0223205  40
10085  0.0217515  40
10090  0.0211868  40
10095  0.0206314  40
10100  0.0200883  40
10105  0.0195592  40
10110  0.019045  40
10115  0.0185462  40
10120  0.0180628  40
10125  0.0175948  40
10130  0.0171418  40
10135  0.0167035  40
10140  0.0162795  40
10145  0.0158695  40
10150  0.0154729  40
10155  0.0150894  40
10160  0.0147185  40
10165  0.0143599  40
10170  0.0140132  40
10175  0.0136779  40
10180  0.0133537  40
10185  0.0130402  40
10190  0.0127371  40
10195  0.012444  40
10200  0.0121606  40
10205  0.0118866  40
10210  0.0116217  40
10215  0.0113655  40
10220  0.0111178  40
10225  0.0108782  40
10230  0.0106466  40
10235  0.0104227  40
10240  0.0102062  40
10245  0.0099968  40
10250  0.00979436  40
10255  0.00959861  40
10260  0.00940934  40
10265  0.00922633  40
10270  0.00904937  40
10275  0.00887827  40
10280  0.00871283  40
10285  0.00855285  40
10290  0.00839817  40
10295  0.00824861  40
10300  0.008104  40
10305  0.00796417  40
10310  0.00782896  40
10315  0.00769822  40
10320  0.00757182  40
10325  0.00744959  40
10330  0.0073314  40
10335  0.00721713  40
10340  0.00710663  40
10345  0.00699979  40
10350  0.00689648  40
10355  0.00679659  40
10360  0.00670001  40
10365  0.00660662  40
10370  0.00651632  40
10375  0.006429  40
10380  0.00634458  40
10385  0.00626295  40
10390  0.00618401  40
10395  0.00610769  40
10400  0.00603389  40
10405  0.00596254  40
10410  0.00589354  40
10415  0.00582683  40
10420  0.00576232  40
10425  0.00569995  40
10430  0.00563964  40
10435  0.00558132  40
10440  0.00552494  40
10445  0.00547042  40
10450  0.0054177  40
10455  0.00536673  40
10460  0.00531744  40
10465  0.00526978  40
10470  0.0052237  40
10475  0.00517915  40
10480  0.00513606  40
10485  0.00509441  40
10490  0.00505413  40
10495  0.00501518  40
10500  0.00497752  40
10505  0.00494111  40
10510  0.0049059  40
10515  0.00487186  40
10520  0.00483894  40
10525  0.00480711  40
10530  0.00477633  40
10535  0.00474658  40
10540  0.0047178  40
10545  0.00468998  40
10550  0.00466308  40
10555  0.00463707  40
10560  0.00461192  40
10565  0.0045876  40
10570  0.00456408  40
10575  0.00454134  40
10580  0.00451936  40
10585  0.0044981  40
10590  0.00447755  40
10595  0.00445767  40
10600  0.00443846  40
10605  0.00441987  40
10610  0.00440191  40
10615  0.00438453  40
10620  0.00436774  40
10625  0.00435149  40
10630  0.00433579  40
10635  0.0043206  40
10640  0.00430592  40
10645  0.00429172  40
10650  0.004278  40
10655  0.00426472  40
10660  0.00425189  40
10665  0.00423948  40
10670  0.00422748  40
10675  0.00421587  40
10680  0.00420466  40
10685  0.00419381  40
10690  0.00418332  40
10695  0.00417318  40
10700  0.00416337  40
10705  0.00415389  40
10710  0.00414472  40
10715  0.00413585  40
10720  0.00412728  40
10725  0.00411899  40
10730  0.00411098  40
10735  0.00410323  40
10740  0.00409574  40
10745  0.00408849  40
10750  0.00408149  40
10755  0.00407471  40
10760  0.00406816  40
10765  0.00406183  40
10770  0.00405571  40
10775  0.00404979  40
10780  0.00404406  40
10785  0.00403853  40
10790  0.00403317  40
10795  0.004028  40
10800  0.00402299  40
10805  0.00401816  40
10810  0.00401348  40
10815  0.00400895  40
10820  0.00400458  40
10825  0.00400035  40
10830  0.00399626  40
10835  0.00399231  40
10840  0.00398848  40
10845  0.00398478  40
10850  0.00398121  40
10855  0.00397775  40
10860  0.00397441  40
10865  0.00397118  40
10870  0.00396805  40
10875  0.00396503  40
10880  0.00396211  40
10885  0.00395929  40
10890  0.00395656  40
10895  0.00395391  40
10900  0.00395136  40
10905  0.00394889  40
10910  0.0039465  40
10915  0.0039442  40
10920  0.00394196  40
10925  0.00393981  40
10930  0.00393772  40
10935  0.0039357  40
10940  0.00393375  40
10945  0.00393186  40
10950  0.00393004  40
10955  0.00392827  40
10960  0.00392657  40
10965  0.00392492  40
10970  0.00392333  40
10975  0.00392178  40
10980  0.00392029  40
10985  0.00391885  40
10990  0.00391746  40
10995  0.00391611  40
11000  -0.0016174  -120
11000  0.00111467  -60
11005  0.0389064  -60
11010  0.0696374  -60
11015  0.0945628  -60
11020  0.114715  -60
11025  0.130945  -60
11030  0.143949  -60
11035  0.154305  -60
11040  0.162484  -60
11045  0.168875  -60
11050  0.173799  -60
11055  0.177519  -60
11060  0.180251  -60
11065  0.182175  -60
11070  0.183435  -60
11075  0.184153  -60
11080  0.184428  -60
11085  0.184341  -60
11090  0.183959  -60
11095  0.183339  -60
11100  0.182524  -60
11105  0.181552  -60
11110  0.180455  -60
11115  0.179256  -60
11120  0.177977  -60
11125  0.176635  -60
11130  0.175244  -60
11135  0.173814  -60
11140  0.172357  -60
11145  0.170878  -60
11150  0.169385  -60
11155  0.167883  -60
11160  0.166376  -60
11165  0.164868  -60
11170  0.16336  -60
11175  0.161857  -60
11180  0.160359  -60
11185  0.158867  -60
11190  0.157384  -60
11195  0.155911  -60
11200  0.154447  -60
11205  0.152994  -60
11210  0.151551  -60
11215  0.150121  -60
11220  0.148702  -60
11225  0.147295  -60
11230  0.1459  -60
11235  0.144517  -60
11240  0.143147  -60
11245  0.141789  -60
11250  0.140444  -60
11255  0.13911  -60
11260  0.137789  -60
11265  0.13648  -60
11270  0.135184  -60
11275  0.133899  -60
11280  0.132627  -60
11285  0.131367  -60
11290  0.130118  -60
11295  0.128881  -60
11300  0.127656  -60
11305  0.126443  -60
11310  0.125241  -60
11315  0.12405  -60
11320  0.122871  -60
11325  0.121703  -60
11330  0.120546  -60
11335  0.1194  -60
11340  0.118264  -60
11345  0.11714  -60
11350  0.116026  -60
11355  0.114923  -60
11360  0.113831  -60
11365  0.112748  -60
11370  0.111677  -60
11375  0.110615  -60
11380  0.109563  -60
11385  0.108522  -60
11390  0.10749  -60
11395  0.106468  -60
11400  0.105456  -60
11405  0.104453  -60
11410  0.10346  -60
11415  0.102477  -60
11420  0.101503  -60
11425  0.100538  -60
11430  0.0995821  -60
11435  0.0986354  -60
11440  0.0976978  -60
11445  0.0967691  -60
11450  0.0958493  -60
11455  0.0949382  -60
11460  0.0940358  -60
11465  0.0931419  -60
11470  0.0922566  -60
11475  0.0913797  -60
11480  0.0905111  -60
11485  0.0896508  -60
11490  0.0887987  -60
11495  0.0879547  -60
11500  0.0871188  -60
11505  0.0862908  -60
11510  0.0854707  -60
11515  0.0846583  -60
11520  0.0838538  -60
11525  0.0830568  -60
11530  0.0822675  -60
11535  0.0814857  -60
11540  0.0807113  -60
11545  0.0799442  -60
11550  0.0791845  -60
11555  0.078432  -60
11560  0.0776867  -60
11565  0.0769485  -60
11570  0.0762173  -60
11575  0.075493  -60
11580  0.0747757  -60
11585  0.0740651  -60
11590  0.0733614  -60
11595  0.0726643  -60
11600  0.0719739  -60
11605  0.07129  -60
11610  0.0706127  -60
11615  0.0699418  -60
11620  0.0692772  -60
11625  0.068619  -60
11630  0.0679671  -60
11635  0.0673214  -60
11640  0.0666818  -60
11645  0.0660483  -60
11650  0.0654209  -60
11655  0.0647994  -60
11660  0.0641838  -60
11665  0.0635741  -60
11670  0.0629702  -60
11675  0.062372  -60
11680  0.0617795  -60
11685  0.0611927  -60
11690  0.0606114  -60
11695  0.0600357  -60
11700  0.0594655  -60
11705  0.0589007  -60
11710  0.0583412  -60
11715  0.0577871  -60
11720  0.0572383  -60
11725  0.0566947  -60
11730  0.0561562  -60
11735  0.0556229  -60
11740  0.0550947  -60
11745  0.0545715  -60
11750  0.0540532  -60
11755  0.0535399  -60
11760  0.0530315  -60
11765  0.052528  -60
11770  0.0520292  -60
11775  0.0515351  -60
11780  0.0510458  -60
11785  0.0505611  -60
11790  0.0500811  -60
11795  0.0496056  -60
11800  0.0491346  -60
11805  0.0486681  -60
11810  0.0482061  -60
11815  0.0477484  -60
11820  0.0472951  -60
11825  0.0468462  -60
11830  0.0464015  -60
11835  0.045961  -60
11840  0.0455247  -60
11845  0.0450926  -60
11850  0.0446646  -60
11855  0.0442406  -60
11860  0.0438207  -60
11865  0.0434048  -60
11870  0.0429929  -60
11875  0.0425848  -60
11880  0.0421807  -60
11885  0.0417804  -60
11890  0.0413839  -60
11895  0.0409912  -60
11900  0.0406022  -60
11905  0.0402169  -60
11910  0.0398353  -60
11915  0.0394573  -60
11920  0.039083  -60
11925  0.0387121  -60
11930  0.0383448  -60
11935  0.0379811  -60
11940  0.0376207  -60
11945  0.0372638  -60
11950  0.0369103  -60
11955  0.0365602  -60
11960  0.0362134  -60
11965  0.0358699  -60
11970  0.0355296  -60
11975  0.0351926  -60
11980  0.0348588  -60
11985  0.0345282  -60
11990  0.0342008  -60
11995  0.0338764  -60
12000  0.0335552  -60
12005  0.0332369  -60
12010  0.0329218  -60
12015  0.0326096  -60
12020  0.0323004  -60
12025  0.0319941  -60
12030  0.0316908  -60
12035  0.0313903  -60
12040  0.0310927  -60
12045  0.0307979  -60
12050  0.030506  -60
12055  0.0302168  -60
12060  0.0299304  -60
12065  0.0296467  -60
12070  0.0293657  -60
12075  0.0290873  -60
12080  0.0288116  -60
12085  0.0285386  -60
12090  0.0282681  -60
12095  0.0280002  -60
12100  0.0277349  -60
12105  0.0274721  -60
12110  0.0272118  -60
12115  0.0269539  -60
12120  0.0266986  -60
12125  0.0264456  -60
12130  0.0261951  -60
12135  0.0259469  -60
12140  0.0257011  -60
12145  0.0254577  -60
12150  0.0252165  -60
12155  0.0249777  -60
12160  0.0247411  -60
12165  0.0245068  -60
12170  0.0242747  -60
12175  0.0240449  -60
12180  0.0238172  -60
12185  0.0235916  -60
12190  0.0233683  -60
12195  0.023147  -60
12200  0.0229279  -60
12205  0.0227108  -60
12210  0.0224958  -60
12215  0.0222829  -60
12220  0.0220719  -60
12225  0.021863  -60
12230  0.0216561  -60
12235  0.0214512  -60
12240  0.0212482  -60
12245  0.0210471  -60
12250  0.0208479  -60
12255  0.0206507  -60
12260  0.0204553  -60
12265  0.0202617  -60
12270  0.0200701  -60
12275  0.0198802  -60
12280  0.0196922  -60
12285  0.0195059  -60
12290  0.0193214  -60
12295  0.0191387  -60
12300  0.0189577  -60
12305  0.0187784  -60
12310  0.0186008  -60
12315  0.018425  -60
12320  0.0182508  -60
12325  0.0180782  -60
12330  0.0179073  -60
12335  0.017738  -60
12340  0.0175704  -60
12345  0.0174043  -60
12350  0.0172398  -60
12355  0.0170769  -60
12360  0.0169155  -60
12365  0.0167557  -60
12370  0.0165974  -60
12375  0.0164406  -60
12380  0.0162852  -60
12385  0.0161314  -60
12390  0.015979  -60
12395  0.0158281  -60
12400  0.0156786  -60
12405  0.0155306  -60
12410  0.0153839  -60
12415  0.0152387  -60
12420  0.0150948  -60
12425  0.0149523  -60
12430  0.0148111  -60
12435  0.0146713  -60
12440  0.0145328  -60
12445  0.0143957  -60
12450  0.0142598  -60
12455  0.0141253  -60
12460  0.013992  -60
12465  0.01386  -60
12470  0.0137292  -60
12475  0.0135997  -60
12480  0.0134714  -60
12485  0.0133444  -60
12490  0.0132185  -60
12495  0.0130939  -60
12500  0.0129704  -60
12505  0.0128481  -60
12510  0.012727  -60
12515  0.012607  -60
12520  0.0124882  -60
12525  0.0123705  -60
12530  0.0122539  -60
12535  0.0121385  -60
12540  0.0120241  -60
12545  0.0119108  -60
12550  0.0117986  -60
12555  0.0116875  -60
12560  0.0115774  -60
12565  0.0114684  -60
12570  0.0113604  -60
12575  0.0112534  -60
12580  0.0111475  -60
12585  0.0110425  -60
12590  0.0109386  -60
12595  0.0108356  -60
12600  0.0107337  -60
12605  0.0106327  -60
12610  0.0105326  -60
12615  0.0104335  -60
12620  0.0103354  -60
12625  0.0102382  -60
12630  0.0101419  -60
12635  0.0100465  -60
12640  0.00995209  -60
12645  0.00985853  -60
12650  0.00976586  -60
12655  0.00967407  -60
12660  0.00958315  -60
12665  0.0094931  -60
12670  0.00940391  -60
12675  0.00931557  -60
12680  0.00922807  -60
12685  0.0091414  -60
12690  0.00905555  -60
12695  0.00897053  -60
12700  0.00888631  -60
12705  0.00880289  -60
12710  0.00872027  -60
12715  0.00863843  -60
12720  0.00855737  -60
12725  0.00847709  -60
12730  0.00839757  -60
12735  0.0083188  -60
12740  0.00824079  -60
12745  0.00816351  -60
12750  0.00808697  -60
12755  0.00801117  -60
12760  0.00793608  -60
12765  0.00786171  -60
12770  0.00778804  -60
12775  0.00771508  -60
12780  0.00764281  -60
12785  0.00757123  -60
12790  0.00750033  -60
12795  0.0074301  -60
12800  0.00736054  -60
12805  0.00729165  -60
12810  0.00722341  -60
12815  0.00715582  -60
12820  0.00708887  -60
12825  0.00702256  -60
12830  0.00695688  -60
12835  0.00689183  -60
12840  0.0068274  -60
12845  0.00676358  -60
12850  0.00670036  -60
12855  0.00663775  -60
12860  0.00657574  -60
12865  0.00651431  -60
12870  0.00645347  -60
12875  0.00639321  -60
12880  0.00633352  -60
12885  0.0062744  -60
12890  0.00621584  -60
12895  0.00615784  -60
12900  0.00610039  -60
12905  0.00604349  -60
12910  0.00598713  -60
12915  0.00593131  -60
12920  0.00587602  -60
12925  0.00582125  -60
12930  0.00576701  -60
12935  0.00571328  -60
12940  0.00566006  -60
12945  0.00560735  -60
12950  0.00555514  -60
12955  0.00550343  -60
12960  0.00545221  -60
12965  0.00540148  -60
12970  0.00535123  -60
12975  0.00530146  -60
12980  0.00525216  -60
12985  0.00520333  -60
12990  0.00515497  -60
12995  0.00510706  -60
13000  0.00505962  -60
13005  0.00501262  -60
13010  0.00496607  -60
13015  0.00491997  -60
13020  0.0048743  -60
13025  0.00482907  -60
13030  0.00478427  -60
13035  0.00473989  -60
13040  0.00469594  -60
13045  0.0046524  -60
13050  0.00460928  -60
13055  0.00456657  -60
13060  0.00452427  -60
13065  0.00448237  -60
13070  0.00444087  -60
13075  0.00439976  -60
13080  0.00435905  -60
13085  0.00431872  -60
13090  0.00427878  -60
13095  0.00423921  -60
13100  0.00420002  -60
13105  0.00416121  -60
13110  0.00412276  -60
13115  0.00408469  -60
13120  0.00404697  -60
13125  0.00400961  -60
13130  0.00397261  -60
13135  0.00393596  -60
13140  0.00389966  -60
13145  0.0038637  -60
13150  0.00382809  -60
13155  0.00379281  -60
13160  0.00375788  -60
13165  0.00372327  -60
13170  0.00368899  -60
13175  0.00365504  -60
13180  0.00362141  -60
13185  0.00358811  -60
13190  0.00355512  -60
13195  0.00352244  -60
13200  0.00349007  -60
13205  0.00345802  -60
13210  0.00342626  -60
13215  0.00339481  -60
13220  0.00336366  -60
13225  0.00333281  -60
13230  0.00330225  -60
13235  0.00327198  -60
13240  0.003242  -60
13245  0.0032123  -60
13250  0.00318289  -60
13255  0.00315375  -60
13260  0.0031249  -60
13265  0.00309632  -60
13270  0.00306801  -60
13275  0.00303997  -60
13280  0.00301219  -60
13285  0.00298468  -60
13290  0.00295744  -60
13295  0.00293045  -60
13300  0.00290372  -60
13305  0.00287724  -60
13310  0.00285101  -60
13315  0.00282504  -60
13320  0.00279931  -60
13325  0.00277383  -60
13330  0.00274859  -60
13335  0.00272359  -60
13340  0.00269883  -60
13345  0.0026743  -60
13350  0.00265001  -60
13355  0.00262594  -60
13360  0.00260211  -60
13365  0.00257851  -60
13370  0.00255512  -60
13375  0.00253196  -60
13380  0.00250903  -60
13385  0.00248631  -60
13390  0.0024638  -60
13395  0.00244151  -60
13400  0.00241944  -60
13405  0.00239757  -60
13410  0.00237591  -60
13415  0.00235446  -60
13420  0.00233321  -60
13425  0.00231216  -60
13430  0.00229131  -60
13435  0.00227066  -60
13440  0.00225021  -60
13445  0.00222996  -60
13450  0.00220989  -60
13455  0.00219002  -60
13460  0.00217034  -60
13465  0.00215084  -60
13470  0.00213153  -60
13475  0.0021124  -60
13480  0.00209345  -60
13485  0.00207469  -60
13490  0.0020561  -60
13495  0.00203769  -60
13500  0.00201946  -60
13505  0.0020014  -60
13510  0.00198351  -60
13515  0.00196579  -60
13520  0.00194824  -60
13525  0.00193086  -60
13530  0.00191364  -60
13535  0.00189659  -60
13540  0.0018797  -60
13545  0.00186297  -60
13550  0.0018464  -60
13555  0.00182998  -60
13560  0.00181372  -60
13565  0.00179762  -60
13570  0.00178167  -60
13575  0.00176588  -60
13580  0.00175023  -60
13585  0.00173473  -60
13590  0.00171938  -60
13595  0.00170417  -60
13600  0.00168912  -60
13605  0.0016742  -60
13610  0.00165942  -60
13615  0.00164479  -60
13620  0.0016303  -60
13625  0.00161594  -60
13630  0.00160172  -60
13635  0.00158763  -60
13640  0.00157368  -60
13645  0.00155987  -60
13650  0.00154618  -60
13655  0.00153262  -60
13660  0.0015192  -60
13665  0.0015059  -60
13670  0.00149272  -60
13675  0.00147968  -60
13680  0.00146675  -60
13685  0.00145395  -60
13690  0.00144127  -60
13695  0.00142872  -60
13700  0.00141628  -60
13705  0.00140396  -60
13710  0.00139176  -60
13715  0.00137967  -60
13720  0.0013677  -60
13725  0.00135584  -60
13730  0.0013441  -60
13735  0.00133246  -60
13740  0.00132094  -60
13745  0.00130953  -60
13750  0.00129823  -60
13755  0.00128703  -60
13760  0.00127594  -60
13765  0.00126496  -60
13770  0.00125408  -60
13775  0.0012433  -60
13780  0.00123263  -60
13785  0.00122205  -60
13790  0.00121158  -60
13795  0.00120121  -60
13800  0.00119094  -60
13805  0.00118076  -60
13810  0.00117069  -60
13815  0.0011607  -60
13820  0.00115082  -60
13825  0.00114102  -60
13830  0.00113132  -60
13835  0.00112171  -60
13840  0.0011122  -60
13845  0.00110277  -60
13850  0.00109344  -60
13855  0.00108419  -60
13860  0.00107503  -60
13865  0.00106596  -60
13870  0.00105697  -60
13875  0.00104807  -60
13880  0.00103926  -60
13885  0.00103053  -60
13890  0.00102188  -60
13895  0.00101331  -60
13900  0.00100483  -60
13905  0.000996423  -60
13910  0.0009881  -60
13915  0.000979855  -60
13920  0.000971689  -60
13925  0.000963601  -60
13930  0.000955589  -60
13935  0.000947654  -60
13940  0.000939794  -60
13945  0.00093201  -60
13950  0.000924299  -60
13955  0.000916662  -60
13960  0.000909097  -60
13965  0.000901604  -60
13970  0.000894183  -60
13975  0.000886832  -60
13980  0.000879552  -60
13985  0.00087234  -60
13990  0.000865197  -60
13995  0.000858122  -60
14000  0.000851115  -60
14005  0.000844174  -60
14010  0.000837299  -60
14015  0.00083049  -60
14020  0.000823746  -60
14025  0.000817065  -60
14030  0.000810449  -60
14035  0.000803895  -60
14040  0.000797404  -60
14045  0.000790974  -60
14050  0.000784606  -60
14055  0.000778298  -60
14060  0.00077205  -60
14065  0.000765862  -60
14070  0.000759732  -60
14075  0.000753661  -60
14080  0.000747648  -60
14085  0.000741692  -60
14090  0.000735793  -60
14095  0.00072995  -60
14100  0.000724162  -60
14105  0.000718429  -60
14110  0.000712752  -60
14115  0.000707128  -60
14120  0.000701557  -60
14125  0.00069604  -60
14130  0.000690575  -60
14135  0.000685162  -60
14140  0.000679801  -60
14145  0.000674491  -60
14150  0.000669231  -60
14155  0.000664021  -60
14160  0.000658861  -60
14165  0.00065375  -60
14170  0.000648688  -60
14175  0.000643674  -60
14180  0.000638707  -60
14185  0.000633788  -60
14190  0.000628916  -60
14195  0.00062409  -60
14200  0.00061931  -60
14205  0.000614575  -60
14210  0.000609886  -60
14215  0.000605241  -60
14220  0.00060064  -60
14225  0.000596083  -60
14230  0.00059157  -60
14235  0.000587099  -60
14240  0.000582671  -60
14245  0.000578285  -60
14250  0.000573941  -60
14255  0.000569638  -60
14260  0.000565377  -60
14265  0.000561155  -60
14270  0.000556974  -60
14275  0.000552833  -60
14280  0.000548731  -60
14285  0.000544668  -60
14290  0.000540644  -60
14295  0.000536658  -60
14300  0.000532711  -60
14305  0.0005288  -60
14310  0.000524927  -60
14315  0.000521091  -60
14320  0.000517291  -60
14325  0.000513528  -60
14330  0.0005098  -60
14335  0.000506107  -60
14340  0.00050245  -60
14345  0.000498828  -60
14350  0.00049524  -60
14355  0.000491686  -60
14360  0.000488167  -60
14365  0.00048468  -60
14370  0.000481227  -60
14375  0.000477807  -60
14380  0.000474419  -60
14385  0.000471063  -60
14390  0.00046774  -60
14395  0.000464448  -60
14400  0.000461187  -60
14405  0.000457958  -60
14410  0.000454759  -60
14415  0.00045159  -60
14420  0.000448452  -60
14425  0.000445344  -60
14430  0.000442265  -60
14435  0.000439215  -60
14440  0.000436195  -60
14445  0.000433203  -60
14450  0.00043024  -60
14455  0.000427305  -60
14460  0.000424398  -60
14465  0.000421518  -60
14470  0.000418666  -60
14475  0.000415841  -60
14480  0.000413043  -60
14485  0.000410272  -60
14490  0.000407527  -60
14495  0.000404808  -60
14500  0.000402115  -60
14505  0.000399448  -60
14510  0.000396806  -60
14515  0.000394189  -60
14520  0.000391597  -60
14525  0.000389029  -60
14530  0.000386487  -60
14535  0.000383968  -60
14540  0.000381473  -60
14545  0.000379002  -60
14550  0.000376555  -60
14555  0.000374131  -60
14560  0.00037173  -60
14565  0.000369352  -60
14570  0.000366996  -60
14575  0.000364663  -60
14580  0.000362352  -60
14585  0.000360063  -60
14590  0.000357796  -60
14595  0.00035555  -60
14600  0.000353326  -60
14605  0.000351123  -60
14610  0.000348941  -60
14615  0.00034678  -60
14620  0.000344639  -60
14625  0.000342519  -60
14630  0.000340419  -60
14635  0.000338339  -60
14640  0.000336278  -60
14645  0.000334237  -60
14650  0.000332216  -60
14655  0.000330214  -60
14660  0.000328231  -60
14665  0.000326267  -60
14670  0.000324321  -60
14675  0.000322394  -60
14680  0.000320486  -60
14685  0.000318595  -60
14690  0.000316723  -60
14695  0.000314868  -60
14700  0.000313031  -60
14705  0.000311212  -60
14710  0.000309409  -60
14715  0.000307624  -60
14720  0.000305856  -60
14725  0.000304105  -60
14730  0.000302371  -60
14735  0.000300652  -60
14740  0.000298951  -60
14745  0.000297265  -60
14750  0.000295596  -60
14755  0.000293942  -60
14760  0.000292304  -60
14765  0.000290682  -60
14770  0.000289075  -60
14775  0.000287484  -60
14780  0.000285908  -60
14785  0.000284346  -60
14790  0.0002828  -60
14795  0.000281268  -60
14800  0.000279751  -60
14805  0.000278248  -60
14810  0.000276759  -60
14815  0.000275285  -60
14820  0.000273825  -60
14825  0.000272379  -60
14830  0.000270946  -60
14835  0.000269527  -60
14840  0.000268122  -60
14845  0.000266729  -60
14850  0.000265351  -60
14855  0.000263985  -60
14860  0.000262632  -60
14865  0.000261292  -60
14870  0.000259965  -60
14875  0.000258651  -60
14880  0.000257349  -60
14885  0.000256059  -60
14890  0.000254782  -60
14895  0.000253517  -60
14900  0.000252264  -60
14905  0.000251023  -60
14910  0.000249793  -60
14915  0.000248576  -60
14920  0.00024737  -60
14925  0.000246175  -60
14930  0.000244992  -60
14935  0.00024382  -60
14940  0.000242659  -60
14945  0.00024151  -60
14950  0.000240371  -60
14955  0.000239243  -60
14960  0.000238126  -60
