0.005  7.10607e-17  -80
5.005  4.00765e-09  -80
10.005  1.49143e-08  -80
15.005  3.09479e-08  -80
20.005  5.07916e-08  -80
25.005  7.34638e-08  -80
30.005  9.82276e-08  -80
35.005  1.24527e-07  -80
40.005  1.51938e-07  -80
45.005  1.80138e-07  -80
50.005  2.08879e-07  -80
55.005  2.37968e-07  -80
60.005  2.67256e-07  -80
65.005  2.96625e-07  -80
70.005  3.25984e-07  -80
75.005  3.55261e-07  -80
80.005  3.84399e-07  -80
85.005  4.13355e-07  -80
90.005  4.42092e-07  -80
95.005  4.70583e-07  -80
100.005  4.98807e-07  -80
105.005  5.26747e-07  -80
110.005  5.5439e-07  -80
115.005  5.81726e-07  -80
120.005  6.08749e-07  -80
125.005  6.35453e-07  -80
130.005  6.61836e-07  -80
135.005  6.87894e-07  -80
140.005  7.13628e-07  -80
145.005  7.39037e-07  -80
150.005  7.64123e-07  -80
155.005  7.88886e-07  -80
160.005  8.13328e-07  -80
165.005  8.37452e-07  -80
170.005  8.61261e-07  -80
175.005  8.84756e-07  -80
180.005  9.07942e-07  -80
185.005  9.30821e-07  -80
190.005  9.53396e-07  -80
195.005  9.75672e-07  -80
200.005  9.97652e-07  -80
205.005  1.01934e-06  -80
210.005  1.04074e-06  -80
215.005  1.06185e-06  -80
220.005  1.08268e-06  -80
225.005  1.10323e-06  -80
230.005  1.1235e-06  -80
235.005  1.1435e-06  -80
240.005  1.16324e-06  -80
245.005  1.18271e-06  -80
250.005  1.20192e-06  -80
255.005  1.22087e-06  -80
260.005  1.23957e-06  -80
265.005  1.25802e-06  -80
270.005  1.27622e-06  -80
275.005  1.29417e-06  -80
280.005  1.31189e-06  -80
285.005  1.32937e-06  -80
290.005  1.34661e-06  -80
295.005  1.36362e-06  -80
300.005  1.3804e-06  -80
305.005  1.39696e-06  -80
310.005  1.41329e-06  -80
315.005  1.42941e-06  -80
320.005  1.44531e-06  -80
325.005  1.46099e-06  -80
330.005  1.47647e-06  -80
335.005  1.49173e-06  -80
340.005  1.50679e-06  -80
345.005  1.52165e-06  -80
350.005  1.53631e-06  -80
355.005  1.55078e-06  -80
360.005  1.56504e-06  -80
365.005  1.57912e-06  -80
370.005  1.59301e-06  -80
375.005  1.60671e-06  -80
380.005  1.62023e-06  -80
385.005  1.63357e-06  -80
390.005  1.64672e-06  -80
395.005  1.6597e-06  -80
400.005  1.67251e-06  -80
405.005  1.68514e-06  -80
410.005  1.69761e-06  -80
415.005  1.7099e-06  -80
420.005  1.72203e-06  -80
425.005  1.734e-06  -80
430.005  1.74581e-06  -80
435.005  1.75746e-06  -80
440.005  1.76895e-06  -80
445.005  1.78029e-06  -80
450.005  1.79148e-06  -80
455.005  1.80251e-06  -80
460.005  1.8134e-06  -80
465.005  1.82414e-06  -80
470.005  1.83474e-06  -80
475.005  1.84519e-06  -80
480.005  1.85551e-06  -80
485.005  1.86569e-06  -80
490.005  1.87572e-06  -80
495.005  1.88563e-06  -80
500.005  1.8954e-06  -80
505.005  1.90504e-06  -80
510.005  1.91455e-06  -80
515.005  1.92393e-06  -80
520.005  1.93319e-06  -80
525.005  1.94232e-06  -80
530.005  1.95133e-06  -80
535.005  1.96022e-06  -80
540.005  1.96899e-06  -80
545.005  1.97764e-06  -80
550.005  1.98618e-06  -80
555.005  1.9946e-06  -80
560.005  2.00291e-06  -80
565.005  2.01111e-06  -80
570.005  2.01919e-06  -80
575.005  2.02717e-06  -80
580.005  2.03504e-06  -80
585.005  2.0428e-06  -80
590.005  2.05046e-06  -80
595.005  2.05802e-06  -80
600.005  2.06548e-06  -80
605.005  2.07283e-06  -80
610.005  2.08009e-06  -80
615.005  2.08725e-06  -80
620.005  2.09431e-06  -80
625.005  2.10128e-06  -80
630.005  2.10816e-06  -80
635.005  2.11494e-06  -80
640.005  2.12163e-06  -80
645.005  2.12823e-06  -80
650.005  2.13475e-06  -80
655.005  2.14117e-06  -80
660.005  2.14751e-06  -80
665.005  2.15377e-06  -80
670.005  2.15994e-06  -80
675.005  2.16602e-06  -80
680.005  2.17203e-06  -80
685.005  2.17795e-06  -80
690.005  2.1838e-06  -80
695.005  2.18957e-06  -80
700.005  2.19526e-06  -80
705.005  2.20087e-06  -80
710.005  2.20641e-06  -80
715.005  2.21187e-06  -80
720.005  2.21726e-06  -80
725.005  2.22258e-06  -80
730.005  2.22782e-06  -80
735.005  2.233e-06  -80
740.005  2.2381e-06  -80
745.005  2.24314e-06  -80
750.005  2.24811e-06  -80
755.005  2.25301e-06  -80
760.005  2.25785e-06  -80
765.005  2.26262e-06  -80
770.005  2.26733e-06  -80
775.005  2.27198e-06  -80
780.005  2.27656e-06  -80
785.005  2.28108e-06  -80
790.005  2.28554e-06  -80
795.005  2.28994e-06  -80
800.005  2.29428e-06  -80
805.005  2.29856e-06  -80
810.005  2.30279e-06  -80
815.005  2.30696e-06  -80
820.005  2.31107e-06  -80
825.005  2.31513e-06  -80
830.005  2.31913e-06  -80
835.005  2.32308e-06  -80
840.005  2.32698e-06  -80
845.005  2.33082e-06  -80
850.005  2.33461e-06  -80
855.005  2.33835e-06  -80
860.005  2.34204e-06  -80
865.005  2.34569e-06  -80
870.005  2.34928e-06  -80
875.005  2.35282e-06  -80
880.005  2.35632e-06  -80
885.005  2.35977e-06  -80
890.005  2.36317e-06  -80
895.005  2.36653e-06  -80
900.005  2.36984e-06  -80
905.005  2.37311e-06  -80
910.005  2.37633e-06  -80
915.005  2.37952e-06  -80
920.005  2.38265e-06  -80
925.005  2.38575e-06  -80
930.005  2.3888e-06  -80
935.005  2.39182e-06  -80
940.005  2.39479e-06  -80
945.005  2.39772e-06  -80
950.005  2.40062e-06  -80
955.005  2.40347e-06  -80
960.005  2.40629e-06  -80
965.005  2.40907e-06  -80
970.005  2.41181e-06  -80
975.005  2.41451e-06  -80
980.005  2.41718e-06  -80
985.005  2.41981e-06  -80
990.005  2.42241e-06  -80
995.005  2.42497e-06  -80
1000  2.4275e-06  -80
1005  2.42999e-06  -80
1010  2.43245e-06  -80
1015  2.43488e-06  -80
1020  2.43727e-06  -80
1025  2.43964e-06  -80
1030  2.44197e-06  -80
1035  2.44427e-06  -80
1040  2.44654e-06  -80
1045  2.44877e-06  -80
1050  2.45098e-06  -80
1055  2.45316e-06  -80
1060  2.45531e-06  -80
1065.01  2.45743e-06  -80
1070.01  2.45952e-06  -80
1075.01  2.46158e-06  -80
1080.01  2.46362e-06  -80
1085.01  2.46563e-06  -80
1090.01  2.46761e-06  -80
1095.01  2.46956e-06  -80
1100.01  2.47149e-06  -80
1105.01  2.4734e-06  -80
1110.01  2.47527e-06  -80
1115.01  2.47713e-06  -80
1120.01  2.47895e-06  -80
1125.01  2.48076e-06  -80
1130.01  2.48253e-06  -80
1135.01  2.48429e-06  -80
1140.01  2.48602e-06  -80
1145.01  2.48773e-06  -80
1150.01  2.48941e-06  -80
1155.01  2.49107e-06  -80
1160.01  2.49271e-06  -80
1165.01  2.49433e-06  -80
1170.01  2.49593e-06  -80
1175.01  2.4975e-06  -80
1180.01  2.49906e-06  -80
1185.01  2.50059e-06  -80
1190.01  2.5021e-06  -80
1195.01  2.50359e-06  -80
1200.01  2.50506e-06  -80
1205.01  2.50652e-06  -80
1210.01  2.50795e-06  -80
1215.01  2.50936e-06  -80
1220.01  2.51076e-06  -80
1225.01  2.51213e-06  -80
1230.01  2.51349e-06  -80
1235.01  2.51483e-06  -80
1240.01  2.51615e-06  -80
1245.01  2.51745e-06  -80
1250.01  2.51874e-06  -80
1255.01  2.52e-06  -80
1260.01  2.52126e-06  -80
1265.01  2.52249e-06  -80
1270.01  2.52371e-06  -80
1275.01  2.52491e-06  -80
1280.01  2.52609e-06  -80
1285.01  2.52726e-06  -80
1290.01  2.52842e-06  -80
1295.01  2.52956e-06  -80
1300.01  2.53068e-06  -80
1305.01  2.53179e-06  -80
1310.01  2.53288e-06  -80
1315.01  2.53396e-06  -80
1320.01  2.53502e-06  -80
1325.01  2.53607e-06  -80
1330.01  2.53711e-06  -80
1335.01  2.53813e-06  -80
1340.01  2.53914e-06  -80
1345.01  2.54013e-06  -80
1350.01  2.54111e-06  -80
1355.01  2.54208e-06  -80
1360.01  2.54303e-06  -80
1365.01  2.54398e-06  -80
1370.01  2.54491e-06  -80
1375.01  2.54582e-06  -80
1380.01  2.54673e-06  -80
1385.01  2.54762e-06  -80
1390.01  2.5485e-06  -80
1395.01  2.54937e-06  -80
1400.01  2.55022e-06  -80
1405.01  2.55107e-06  -80
1410.01  2.5519e-06  -80
1415.01  2.55273e-06  -80
1420.01  2.55354e-06  -80
1425.01  2.55434e-06  -80
1430.01  2.55513e-06  -80
1435.01  2.55591e-06  -80
1440.01  2.55668e-06  -80
1445.01  2.55744e-06  -80
1450.01  2.55819e-06  -80
1455.01  2.55892e-06  -80
1460.01  2.55965e-06  -80
1465.01  2.56037e-06  -80
1470.01  2.56108e-06  -80
1475.01  2.56178e-06  -80
1480.01  2.56247e-06  -80
1485.01  2.56315e-06  -80
1490.01  2.56382e-06  -80
1495.01  2.56449e-06  -80
1500.01  2.56514e-06  -80
1505.01  2.56578e-06  -80
1510.01  2.56642e-06  -80
1515.01  2.56705e-06  -80
1520.01  2.56767e-06  -80
1525.01  2.56828e-06  -80
1530.01  2.56888e-06  -80
1535.01  2.56948e-06  -80
1540.01  2.57006e-06  -80
1545.01  2.57064e-06  -80
1550.01  2.57121e-06  -80
1555.01  2.57178e-06  -80
1560.01  2.57233e-06  -80
1565.01  2.57288e-06  -80
1570.01  2.57342e-06  -80
1575.01  2.57396e-06  -80
1580.01  2.57448e-06  -80
1585.01  2.575e-06  -80
1590.01  2.57551e-06  -80
1595.01  2.57602e-06  -80
1600.01  2.57652e-06  -80
1605.01  2.57701e-06  -80
1610.01  2.5775e-06  -80
1615.01  2.57798e-06  -80
1620.01  2.57845e-06  -80
1625.01  2.57892e-06  -80
1630.01  2.57938e-06  -80
1635.01  2.57983e-06  -80
1640.01  2.58028e-06  -80
1645.01  2.58072e-06  -80
1650.01  2.58115e-06  -80
1655.01  2.58158e-06  -80
1660.01  2.58201e-06  -80
1665.01  2.58243e-06  -80
1670.01  2.58284e-06  -80
1675.01  2.58325e-06  -80
1680.01  2.58365e-06  -80
1685.01  2.58405e-06  -80
1690.01  2.58444e-06  -80
1695.01  2.58482e-06  -80
1700.01  2.5852e-06  -80
1705.01  2.58558e-06  -80
1710.01  2.58595e-06  -80
1715.01  2.58631e-06  -80
1720.01  2.58668e-06  -80
1725.01  2.58703e-06  -80
1730.01  2.58738e-06  -80
1735.01  2.58773e-06  -80
1740.01  2.58807e-06  -80
1745.01  2.58841e-06  -80
1750.01  2.58874e-06  -80
1755.01  2.58907e-06  -80
1760.01  2.58939e-06  -80
1765.01  2.58971e-06  -80
1770.01  2.59003e-06  -80
1775.01  2.59034e-06  -80
1780.01  2.59064e-06  -80
1785.01  2.59095e-06  -80
1790.01  2.59124e-06  -80
1795.01  2.59154e-06  -80
1800.01  2.59183e-06  -80
1805.01  2.59212e-06  -80
1810.01  2.5924e-06  -80
1815.01  2.59268e-06  -80
1820.01  2.59295e-06  -80
1825.01  2.59322e-06  -80
1830.01  2.59349e-06  -80
1835.01  2.59376e-06  -80
1840.01  2.59402e-06  -80
1845.01  2.59427e-06  -80
1850.01  2.59453e-06  -80
1855.01  2.59478e-06  -80
1860.01  2.59503e-06  -80
1865.01  2.59527e-06  -80
1870.01  2.59551e-06  -80
1875.01  2.59575e-06  -80
1880.01  2.59598e-06  -80
1885.01  2.59621e-06  -80
1890.01  2.59644e-06  -80
1895.01  2.59666e-06  -80
1900.01  2.59689e-06  -80
1905.01  2.5971e-06  -80
1910.01  2.59732e-06  -80
1915.01  2.59753e-06  -80
1920.01  2.59774e-06  -80
1925.01  2.59795e-06  -80
1930.01  2.59815e-06  -80
1935.01  2.59836e-06  -80
1940.01  2.59855e-06  -80
1945.01  2.59875e-06  -80
1950.01  2.59894e-06  -80
1955.01  2.59914e-06  -80
1960.01  2.59932e-06  -80
1965.01  2.59951e-06  -80
1970.01  2.59969e-06  -80
1975.01  2.59987e-06  -80
1980.01  2.60005e-06  -80
1985.01  2.60023e-06  -80
1990.01  2.6004e-06  -80
1995.01  2.60057e-06  -80
2000.01  2.60074e-06  -80
2005.01  2.60091e-06  -80
2010.01  2.60107e-06  -80
2015.01  2.60124e-06  -80
2020.01  2.6014e-06  -80
2025.01  2.60156e-06  -80
2030.01  2.60171e-06  -80
2035.01  2.60187e-06  -80
2040.01  2.60202e-06  -80
2045.01  2.60217e-06  -80
2050.01  2.60231e-06  -80
2055.01  2.60246e-06  -80
2060.01  2.6026e-06  -80
2065.01  2.60275e-06  -80
2070.01  2.60289e-06  -80
2075.01  2.60302e-06  -80
2080.01  2.60316e-06  -80
2085.01  2.60329e-06  -80
2090.01  2.60343e-06  -80
2095.01  2.60356e-06  -80
2100.01  2.60369e-06  -80
2105.01  2.60381e-06  -80
2110.01  2.60394e-06  -80
2115.01  2.60406e-06  -80
2120.01  2.60419e-06  -80
2125.01  2.60431e-06  -80
2130.01  2.60443e-06  -80
2135.01  2.60454e-06  -80
2140.01  2.60466e-06  -80
2145.01  2.60477e-06  -80
2150.01  2.60489e-06  -80
2155.01  2.605e-06  -80
2160.01  2.60511e-06  -80
2165.01  2.60521e-06  -80
2170.01  2.60532e-06  -80
2175.01  2.60543e-06  -80
2180.01  2.60553e-06  -80
2185.01  2.60563e-06  -80
2190.01  2.60573e-06  -80
2195.01  2.60583e-06  -80
2200.01  2.60593e-06  -80
2205.01  2.60603e-06  -80
2210.01  2.60613e-06  -80
2215.01  2.60622e-06  -80
2220.01  2.60631e-06  -80
2225.01  2.60641e-06  -80
2230.01  2.6065e-06  -80
2235.01  2.60659e-06  -80
2240.01  2.60667e-06  -80
2245.01  2.60676e-06  -80
2250.01  2.60685e-06  -80
2255.01  2.60693e-06  -80
2260.01  2.60702e-06  -80
2265.01  2.6071e-06  -80
2270.01  2.60718e-06  -80
2275.01  2.60726e-06  -80
2280.01  2.60734e-06  -80
2285.01  2.60742e-06  -80
2290.01  2.6075e-06  -80
2295.01  2.60757e-06  -80
2300.01  2.60765e-06  -80
2305.01  2.60772e-06  -80
2310.01  2.60779e-06  -80
2315.01  2.60787e-06  -80
2320.01  2.60794e-06  -80
2325.01  2.60801e-06  -80
2330.01  2.60808e-06  -80
2335.01  2.60815e-06  -80
2340.01  2.60821e-06  -80
2345.01  2.60828e-06  -80
2350.01  2.60835e-06  -80
2355.01  2.60841e-06  -80
2360.01  2.60847e-06  -80
2365.01  2.60854e-06  -80
2370.01  2.6086e-06  -80
2375.01  2.60866e-06  -80
2380.01  2.60872e-06  -80
2385.01  2.60878e-06  -80
2390.01  2.60884e-06  -80
2395.01  2.6089e-06  -80
2400.01  2.60895e-06  -80
2405.01  2.60901e-06  -80
2410.01  2.60907e-06  -80
2415.01  2.60912e-06  -80
2420.01  2.60918e-06  -80
2425.01  2.60923e-06  -80
2430.01  2.60928e-06  -80
2435.01  2.60934e-06  -80
2440.01  2.60939e-06  -80
2445.01  2.60944e-06  -80
2450.01  2.60949e-06  -80
2455.01  2.60954e-06  -80
2460.01  2.60959e-06  -80
2465.01  2.60963e-06  -80
2470.01  2.60968e-06  -80
2475.01  2.60973e-06  -80
2480.01  2.60977e-06  -80
2485.01  2.60982e-06  -80
2490.01  2.60986e-06  -80
2495.01  2.60991e-06  -80
2500.01  2.60995e-06  -80
2505.01  2.61e-06  -80
2510.01  2.61004e-06  -80
2515.01  2.61008e-06  -80
2520.01  2.61012e-06  -80
2525.01  2.61016e-06  -80
2530.01  2.6102e-06  -80
2535.01  2.61024e-06  -80
2540.01  2.61028e-06  -80
2545.01  2.61032e-06  -80
2550.01  2.61036e-06  -80
2555.01  2.6104e-06  -80
2560.01  2.61043e-06  -80
2565.01  2.61047e-06  -80
2570.01  2.61051e-06  -80
2575.01  2.61054e-06  -80
2580.01  2.61058e-06  -80
2585.01  2.61061e-06  -80
2590.01  2.61065e-06  -80
2595.01  2.61068e-06  -80
2600.01  2.61071e-06  -80
2605.01  2.61075e-06  -80
2610.01  2.61078e-06  -80
2615.01  2.61081e-06  -80
2620.01  2.61084e-06  -80
2625.01  2.61087e-06  -80
2630.01  2.61091e-06  -80
2635.01  2.61094e-06  -80
2640.01  2.61097e-06  -80
2645.01  2.611e-06  -80
2650.01  2.61102e-06  -80
2655.01  2.61105e-06  -80
2660.01  2.61108e-06  -80
2665.01  2.61111e-06  -80
2670.01  2.61114e-06  -80
2675.01  2.61116e-06  -80
2680.01  2.61119e-06  -80
2685.01  2.61122e-06  -80
2690.01  2.61124e-06  -80
2695.01  2.61127e-06  -80
2700.01  2.6113e-06  -80
2705.01  2.61132e-06  -80
2710.01  2.61135e-06  -80
2715.01  2.61137e-06  -80
2720.01  2.61139e-06  -80
2725.01  2.61142e-06  -80
2730.01  2.61144e-06  -80
2735.01  2.61146e-06  -80
2740.01  2.61149e-06  -80
2745.01  2.61151e-06  -80
2750.01  2.61153e-06  -80
2755.01  2.61155e-06  -80
2760.01  2.61158e-06  -80
2765.01  2.6116e-06  -80
2770.01  2.61162e-06  -80
2775.01  2.61164e-06  -80
2780.01  2.61166e-06  -80
2785.01  2.61168e-06  -80
2790.01  2.6117e-06  -80
2795.01  2.61172e-06  -80
2800.01  2.61174e-06  -80
2805.01  2.61176e-06  -80
2810.01  2.61178e-06  -80
2815.01  2.6118e-06  -80
2820.01  2.61181e-06  -80
2825.01  2.61183e-06  -80
2830.01  2.61185e-06  -80
2835.01  2.61187e-06  -80
2840.01  2.61189e-06  -80
2845.01  2.6119e-06  -80
2850.01  2.61192e-06  -80
2855.01  2.61194e-06  -80
2860.01  2.61195e-06  -80
2865.01  2.61197e-06  -80
2870.01  2.61199e-06  -80
2875.01  2.612e-06  -80
2880.01  2.61202e-06  -80
2885.01  2.61203e-06  -80
2890.01  2.61205e-06  -80
2895.01  2.61206e-06  -80
2900.01  2.61208e-06  -80
2905.01  2.61209e-06  -80
2910.01  2.61211e-06  -80
2915.01  2.61212e-06  -80
2920.01  2.61213e-06  -80
2925.01  2.61215e-06  -80
2930.01  2.61216e-06  -80
2935.01  2.61218e-06  -80
2940.01  2.61219e-06  -80
2945.01  2.6122e-06  -80
2950.01  2.61221e-06  -80
2955.01  2.61223e-06  -80
2960.01  2.61224e-06  -80
2965.01  2.61225e-06  -80
2970.01  2.61226e-06  -80
2975.01  2.61228e-06  -80
2980.01  2.61229e-06  -80
2985.01  2.6123e-06  -80
2990.01  2.61231e-06  -80
2995.01  2.61232e-06  -80
3000.01  2.61234e-06  -80
3005.01  2.61235e-06  -80
3010.01  2.61236e-06  -80
3015.01  2.61237e-06  -80
3020.01  2.61238e-06  -80
3025.01  2.61239e-06  -80
3030.01  2.6124e-06  -80
3035.01  2.61241e-06  -80
3040.01  2.61242e-06  -80
3045.01  2.61243e-06  -80
3050.01  2.61244e-06  -80
3055.01  2.61245e-06  -80
3060.01  2.61246e-06  -80
3065.01  2.61247e-06  -80
3070.01  2.61248e-06  -80
3075.01  2.61249e-06  -80
3080.01  2.6125e-06  -80
3085.01  2.61251e-06  -80
3090.01  2.61251e-06  -80
3095.01  2.61252e-06  -80
3100.01  2.61253e-06  -80
3105.01  2.61254e-06  -80
3110.01  2.61255e-06  -80
3115.01  2.61256e-06  -80
3120.01  2.61257e-06  -80
3125.01  2.61257e-06  -80
3130.01  2.61258e-06  -80
3135.01  2.61259e-06  -80
3140.01  2.6126e-06  -80
3145.01  2.6126e-06  -80
3150.01  2.61261e-06  -80
3155.01  2.61262e-06  -80
3160.01  2.61263e-06  -80
3165.01  2.61263e-06  -80
3170.01  2.61264e-06  -80
3175.01  2.61265e-06  -80
3180.01  2.61266e-06  -80
3185.01  2.61266e-06  -80
3190.01  2.61267e-06  -80
3195.01  2.61268e-06  -80
3200.01  2.61268e-06  -80
3205.01  2.61269e-06  -80
3210.01  2.6127e-06  -80
3215.01  2.6127e-06  -80
3220.01  2.61271e-06  -80
3225.01  2.61271e-06  -80
3230.01  2.61272e-06  -80
3235.01  2.61273e-06  -80
3240.01  2.61273e-06  -80
3245.01  2.61274e-06  -80
3250.01  2.61274e-06  -80
3255.01  2.61275e-06  -80
3260.01  2.61276e-06  -80
3265.01  2.61276e-06  -80
3270.01  2.61277e-06  -80
3275.01  2.61277e-06  -80
3280.01  2.61278e-06  -80
3285.01  2.61278e-06  -80
3290.01  2.61279e-06  -80
3295.01  2.61279e-06  -80
3300.01  2.6128e-06  -80
3305.01  2.6128e-06  -80
3310.01  2.61281e-06  -80
3315.01  2.61281e-06  -80
3320.01  2.61282e-06  -80
3325.01  2.61282e-06  -80
3330.01  2.61283e-06  -80
3335.01  2.61283e-06  -80
3340.01  2.61284e-06  -80
3345.01  2.61284e-06  -80
3350.01  2.61284e-06  -80
3355.01  2.61285e-06  -80
3360.01  2.61285e-06  -80
3365.01  2.61286e-06  -80
3370.01  2.61286e-06  -80
3375.01  2.61287e-06  -80
3380.01  2.61287e-06  -80
3385.01  2.61287e-06  -80
3390.01  2.61288e-06  -80
3395.01  2.61288e-06  -80
3400.01  2.61288e-06  -80
3405.01  2.61289e-06  -80
3410.01  2.61289e-06  -80
3415.01  2.6129e-06  -80
3420.01  2.6129e-06  -80
3425.01  2.6129e-06  -80
3430.01  2.61291e-06  -80
3435.01  2.61291e-06  -80
3440.01  2.61291e-06  -80
3445.01  2.61292e-06  -80
3450.01  2.61292e-06  -80
3455.01  2.61292e-06  -80
3460.01  2.61293e-06  -80
3465.01  2.61293e-06  -80
3470.01  2.61293e-06  -80
3475.01  2.61294e-06  -80
3480.01  2.61294e-06  -80
3485.01  2.61294e-06  -80
3490.01  2.61295e-06  -80
3495.01  2.61295e-06  -80
3500.01  2.61295e-06  -80
3505.01  2.61295e-06  -80
3510.01  2.61296e-06  -80
3515.01  2.61296e-06  -80
3520.01  2.61296e-06  -80
3525.01  2.61297e-06  -80
3530.01  2.61297e-06  -80
3535.01  2.61297e-06  -80
3540.01  2.61297e-06  -80
3545.01  2.61298e-06  -80
3550.01  2.61298e-06  -80
3555.01  2.61298e-06  -80
3560.01  2.61298e-06  -80
3565.01  2.61299e-06  -80
3570.01  2.61299e-06  -80
3575.01  2.61299e-06  -80
3580.01  2.61299e-06  -80
3585.01  2.613e-06  -80
3590.01  2.613e-06  -80
3595.01  2.613e-06  -80
3600.01  2.613e-06  -80
3605.01  2.613e-06  -80
3610.01  2.61301e-06  -80
3615.01  2.61301e-06  -80
3620.01  2.61301e-06  -80
3625.01  2.61301e-06  -80
3630.01  2.61302e-06  -80
3635.01  2.61302e-06  -80
3640.01  2.61302e-06  -80
3645.01  2.61302e-06  -80
3650.01  2.61302e-06  -80
3655.01  2.61303e-06  -80
3660.01  2.61303e-06  -80
3665.01  2.61303e-06  -80
3670.01  2.61303e-06  -80
3675.01  2.61303e-06  -80
3680.01  2.61303e-06  -80
3685.01  2.61304e-06  -80
3690.01  2.61304e-06  -80
3695.01  2.61304e-06  -80
3700.01  2.61304e-06  -80
3705.01  2.61304e-06  -80
3710.01  2.61304e-06  -80
3715.01  2.61305e-06  -80
3720.01  2.61305e-06  -80
3725.01  2.61305e-06  -80
3730.01  2.61305e-06  -80
3735.01  2.61305e-06  -80
3740.01  2.61305e-06  -80
3745.01  2.61306e-06  -80
3750.01  2.61306e-06  -80
3755.01  2.61306e-06  -80
3760.01  2.61306e-06  -80
3765.01  2.61306e-06  -80
3770.01  2.61306e-06  -80
3775.01  2.61306e-06  -80
3780.01  2.61307e-06  -80
3785.01  2.61307e-06  -80
3790.01  2.61307e-06  -80
3795.01  2.61307e-06  -80
3800.01  2.61307e-06  -80
3805.01  2.61307e-06  -80
3810.01  2.61307e-06  -80
3815.01  2.61307e-06  -80
3820.01  2.61308e-06  -80
3825.01  2.61308e-06  -80
3830.01  2.61308e-06  -80
3835.01  2.61308e-06  -80
3840.01  2.61308e-06  -80
3845.01  2.61308e-06  -80
3850.01  2.61308e-06  -80
3855.01  2.61308e-06  -80
3860.01  2.61309e-06  -80
3865.01  2.61309e-06  -80
3870.01  2.61309e-06  -80
3875.01  2.61309e-06  -80
3880.01  2.61309e-06  -80
3885.01  2.61309e-06  -80
3890.01  2.61309e-06  -80
3895.01  2.61309e-06  -80
3900.01  2.61309e-06  -80
3905.01  2.61309e-06  -80
3910.01  2.6131e-06  -80
3915.01  2.6131e-06  -80
3920.01  2.6131e-06  -80
3925.01  2.6131e-06  -80
3930.01  2.6131e-06  -80
3935.01  2.6131e-06  -80
3940.01  2.6131e-06  -80
3945.01  2.6131e-06  -80
3950.01  2.6131e-06  -80
3955.01  2.6131e-06  -80
3960.01  2.6131e-06  -80
3965.01  2.61311e-06  -80
3970.01  2.61311e-06  -80
3975.01  2.61311e-06  -80
3980.01  2.61311e-06  -80
3985.01  2.61311e-06  -80
3990.01  2.61311e-06  -80
3995.01  2.61311e-06  -80
4000.01  2.61311e-06  -80
4005.01  2.61311e-06  -80
4010.01  2.61311e-06  -80
4015.01  2.61311e-06  -80
4020.01  2.61311e-06  -80
4025.01  2.61311e-06  -80
4030.01  2.61312e-06  -80
4035.01  2.61312e-06  -80
4040.01  2.61312e-06  -80
4045.01  2.61312e-06  -80
4050.01  2.61312e-06  -80
4055.01  2.61312e-06  -80
4060.01  2.61312e-06  -80
4065.01  2.61312e-06  -80
4070.01  2.61312e-06  -80
4075.01  2.61312e-06  -80
4080.01  2.61312e-06  -80
4085.01  2.61312e-06  -80
4090.01  2.61312e-06  -80
4095.01  2.61312e-06  -80
4100.01  2.61312e-06  -80
4105.01  2.61312e-06  -80
4110.01  2.61313e-06  -80
4115.01  2.61313e-06  -80
4120.01  2.61313e-06  -80
4125.01  2.61313e-06  -80
4130.01  2.61313e-06  -80
4135.01  2.61313e-06  -80
4140.01  2.61313e-06  -80
4145.01  2.61313e-06  -80
4150.01  2.61313e-06  -80
4155.01  2.61313e-06  -80
4160.01  2.61313e-06  -80
4165.01  2.61313e-06  -80
4170.01  2.61313e-06  -80
4175.01  2.61313e-06  -80
4180.01  2.61313e-06  -80
4185.01  2.61313e-06  -80
4190.01  2.61313e-06  -80
4195.01  2.61313e-06  -80
4200.01  2.61313e-06  -80
4205.01  2.61313e-06  -80
4210.01  2.61314e-06  -80
4215.01  2.61314e-06  -80
4220.01  2.61314e-06  -80
4225.01  2.61314e-06  -80
4230.01  2.61314e-06  -80
4235.01  2.61314e-06  -80
4240.01  2.61314e-06  -80
4245.01  2.61314e-06  -80
4250.01  2.61314e-06  -80
4255.01  2.61314e-06  -80
4260.01  2.61314e-06  -80
4265.01  2.61314e-06  -80
4270.01  2.61314e-06  -80
4275.01  2.61314e-06  -80
4280.01  2.61314e-06  -80
4285.01  2.61314e-06  -80
4290.01  2.61314e-06  -80
4295.01  2.61314e-06  -80
4300.01  2.61314e-06  -80
4305.01  2.61314e-06  -80
4310.01  2.61314e-06  -80
4315.01  2.61314e-06  -80
4320.01  2.61314e-06  -80
4325.01  2.61314e-06  -80
4330.01  2.61314e-06  -80
4335.01  2.61314e-06  -80
4340.01  2.61314e-06  -80
4345.01  2.61314e-06  -80
4350.01  2.61314e-06  -80
4355.01  2.61315e-06  -80
4360.01  2.61315e-06  -80
4365.01  2.61315e-06  -80
4370.01  2.61315e-06  -80
4375.01  2.61315e-06  -80
4380.01  2.61315e-06  -80
4385.01  2.61315e-06  -80
4390.01  2.61315e-06  -80
4395.01  2.61315e-06  -80
4400.01  2.61315e-06  -80
4405.01  2.61315e-06  -80
4410.01  2.61315e-06  -80
4415.01  2.61315e-06  -80
4420.01  2.61315e-06  -80
4425.01  2.61315e-06  -80
4430.01  2.61315e-06  -80
4435.01  2.61315e-06  -80
4440.01  2.61315e-06  -80
4445.01  2.61315e-06  -80
4450.01  2.61315e-06  -80
4455.01  2.61315e-06  -80
4460.01  2.61315e-06  -80
4465.01  2.61315e-06  -80
4470.01  2.61315e-06  -80
4475.01  2.61315e-06  -80
4480.01  2.61315e-06  -80
4485.01  2.61315e-06  -80
4490.01  2.61315e-06  -80
4495.01  2.61315e-06  -80
4500.01  2.61315e-06  -80
4505.01  2.61315e-06  -80
4510.01  2.61315e-06  -80
4515.01  2.61315e-06  -80
4520.01  2.61315e-06  -80
4525.01  2.61315e-06  -80
4530.01  2.61315e-06  -80
4535.01  2.61315e-06  -80
4540.01  2.61315e-06  -80
4545.01  2.61315e-06  -80
4550.01  2.61315e-06  -80
4555.01  2.61315e-06  -80
4560.01  2.61315e-06  -80
4565.01  2.61315e-06  -80
4570.01  2.61315e-06  -80
4575.01  2.61315e-06  -80
4580.01  2.61315e-06  -80
4585.01  2.61316e-06  -80
4590.01  2.61316e-06  -80
4595.01  2.61316e-06  -80
4600.01  2.61316e-06  -80
4605.01  2.61316e-06  -80
4610.01  2.61316e-06  -80
4615.01  2.61316e-06  -80
4620.01  2.61316e-06  -80
4625.01  2.61316e-06  -80
4630.01  2.61316e-06  -80
4635.01  2.61316e-06  -80
4640.01  2.61316e-06  -80
4645.01  2.61316e-06  -80
4650.01  2.61316e-06  -80
4655.01  2.61316e-06  -80
4660.01  2.61316e-06  -80
4665.01  2.61316e-06  -80
4670.01  2.61316e-06  -80
4675.01  2.61316e-06  -80
4680.01  2.61316e-06  -80
4685.01  2.61316e-06  -80
4690.01  2.61316e-06  -80
4695.01  2.61316e-06  -80
4700.01  2.61316e-06  -80
4705.01  2.61316e-06  -80
4710.01  2.61316e-06  -80
4715.01  2.61316e-06  -80
4720.01  2.61316e-06  -80
4725.01  2.61316e-06  -80
4730.01  2.61316e-06  -80
4735.01  2.61316e-06  -80
4740.01  2.61316e-06  -80
4745.01  2.61316e-06  -80
4750.01  2.61316e-06  -80
4755.01  2.61316e-06  -80
4760.01  2.61316e-06  -80
4765.01  2.61316e-06  -80
4770.01  2.61316e-06  -80
4775.01  2.61316e-06  -80
4780.01  2.61316e-06  -80
4785.01  2.61316e-06  -80
4790.01  2.61316e-06  -80
4795.01  2.61316e-06  -80
4800.01  2.61316e-06  -80
4805.01  2.61316e-06  -80
4810.01  2.61316e-06  -80
4815.01  2.61316e-06  -80
4820.01  2.61316e-06  -80
4825.01  2.61316e-06  -80
4830.01  2.61316e-06  -80
4835.01  2.61316e-06  -80
4840.01  2.61316e-06  -80
4845.01  2.61316e-06  -80
4850.01  2.61316e-06  -80
4855.01  2.61316e-06  -80
4860.01  2.61316e-06  -80
4865.01  2.61316e-06  -80
4870.01  2.61316e-06  -80
4875.01  2.61316e-06  -80
4880.01  2.61316e-06  -80
4885.01  2.61316e-06  -80
4890.01  2.61316e-06  -80
4895.01  2.61316e-06  -80
4900.01  2.61316e-06  -80
4905.01  2.61316e-06  -80
4910.01  2.61316e-06  -80
4915.01  2.61316e-06  -80
4920.01  2.61316e-06  -80
4925.01  2.61316e-06  -80
4930.01  2.61316e-06  -80
4935.01  2.61316e-06  -80
4940.01  2.61316e-06  -80
4945.01  2.61316e-06  -80
4950.01  2.61316e-06  -80
4955.01  2.61316e-06  -80
4960.01  2.61316e-06  -80
4965.01  2.61316e-06  -80
4970.01  2.61316e-06  -80
4975.01  2.61316e-06  -80
4980.01  2.61316e-06  -80
4985.01  2.61316e-06  -80
4990.01  2.61316e-06  -80
4995.01  2.61316e-06  -80
5000.01  2.61316e-06  -80
5005.01  2.61316e-06  -80
5010.01  2.61316e-06  -80
5015.01  2.61316e-06  -80
5020.01  2.61316e-06  -80
5025.01  2.61316e-06  -80
5030.01  2.61316e-06  -80
5035.01  2.61316e-06  -80
5040.01  2.61316e-06  -80
5045.01  2.61316e-06  -80
5050.01  2.61316e-06  -80
5055.01  2.61316e-06  -80
5060.01  2.61316e-06  -80
5065.01  2.61316e-06  -80
5070.01  2.61316e-06  -80
5075.01  2.61316e-06  -80
5080.01  2.61316e-06  -80
5085.01  2.61316e-06  -80
5090.01  2.61316e-06  -80
5095.01  2.61316e-06  -80
5100.01  2.61316e-06  -80
5105.01  2.61316e-06  -80
5110.01  2.61316e-06  -80
5115.01  2.61316e-06  -80
5120.01  2.61316e-06  -80
5125.01  2.61316e-06  -80
5130.01  2.61316e-06  -80
5135.01  2.61316e-06  -80
5140.01  2.61316e-06  -80
5145.01  2.61316e-06  -80
5150.01  2.61316e-06  -80
5155.01  2.61316e-06  -80
5160.01  2.61316e-06  -80
5165.01  2.61316e-06  -80
5170.01  2.61316e-06  -80
5175.01  2.61316e-06  -80
5180.01  2.61316e-06  -80
5185.01  2.61316e-06  -80
5190.01  2.61316e-06  -80
5195.01  2.61316e-06  -80
5200.01  2.61316e-06  -80
5205.01  2.61316e-06  -80
5210.01  2.61316e-06  -80
5215.01  2.61316e-06  -80
5220.01  2.61316e-06  -80
5225.01  2.61316e-06  -80
5230.01  2.61316e-06  -80
5235.01  2.61316e-06  -80
5240.01  2.61316e-06  -80
5245.01  2.61316e-06  -80
5250.01  2.61316e-06  -80
5255.01  2.61316e-06  -80
5260.01  2.61316e-06  -80
5265.01  2.61316e-06  -80
5270.01  2.61316e-06  -80
5275.01  2.61316e-06  -80
5280.01  2.61316e-06  -80
5285.01  2.61316e-06  -80
5290.01  2.61316e-06  -80
5295.01  2.61316e-06  -80
5300.01  2.61316e-06  -80
5305.01  2.61316e-06  -80
5310.01  2.61316e-06  -80
5315.01  2.61316e-06  -80
5320.01  2.61316e-06  -80
5325.01  2.61316e-06  -80
5330.01  2.61317e-06  -80
5335.01  2.61317e-06  -80
5340.01  2.61317e-06  -80
5345.01  2.61317e-06  -80
5350.01  2.61317e-06  -80
5355.01  2.61317e-06  -80
5360.01  2.61317e-06  -80
5365.01  2.61317e-06  -80
5370.01  2.61317e-06  -80
5375.01  2.61317e-06  -80
5380.01  2.61317e-06  -80
5385.01  2.61317e-06  -80
5390.01  2.61317e-06  -80
5395.01  2.61317e-06  -80
5400.01  2.61317e-06  -80
5405.01  2.61317e-06  -80
5410.01  2.61317e-06  -80
5415.01  2.61317e-06  -80
5420.01  2.61317e-06  -80
5425.01  2.61317e-06  -80
5430.01  2.61317e-06  -80
5435.01  2.61317e-06  -80
5440.01  2.61317e-06  -80
5445.01  2.61317e-06  -80
5450.01  2.61317e-06  -80
5455.01  2.61317e-06  -80
5460.01  2.61317e-06  -80
5465.01  2.61317e-06  -80
5470.01  2.61317e-06  -80
5475.01  2.61317e-06  -80
5480.01  2.61317e-06  -80
5485.01  2.61317e-06  -80
5490.01  2.61317e-06  -80
5495.01  2.61317e-06  -80
5500.01  2.61317e-06  -80
5505.01  2.61317e-06  -80
5510.01  2.61317e-06  -80
5515.01  2.61317e-06  -80
5520.01  2.61317e-06  -80
5525.01  2.61317e-06  -80
5530.01  2.61317e-06  -80
5535.01  2.61317e-06  -80
5540.01  2.61317e-06  -80
5545.01  2.61317e-06  -80
5550.01  2.61317e-06  -80
5555.01  2.61317e-06  -80
5560.01  2.61317e-06  -80
5565.01  2.61317e-06  -80
5570.01  2.61317e-06  -80
5575.01  2.61317e-06  -80
5580.01  2.61317e-06  -80
5585.01  2.61317e-06  -80
5590.01  2.61317e-06  -80
5595.01  2.61317e-06  -80
5600.01  2.61317e-06  -80
5605.01  2.61317e-06  -80
5610.01  2.61317e-06  -80
5615.01  2.61317e-06  -80
5620.01  2.61317e-06  -80
5625.01  2.61317e-06  -80
5630.01  2.61317e-06  -80
5635.01  2.61317e-06  -80
5640.01  2.61317e-06  -80
5645.01  2.61317e-06  -80
5650.01  2.61317e-06  -80
5655.01  2.61317e-06  -80
5660.01  2.61317e-06  -80
5665.01  2.61317e-06  -80
5670.01  2.61317e-06  -80
5675.01  2.61317e-06  -80
5680.01  2.61317e-06  -80
5685.01  2.61317e-06  -80
5690.01  2.61317e-06  -80
5695.01  2.61317e-06  -80
5700.01  2.61317e-06  -80
5705.01  2.61317e-06  -80
5710.01  2.61317e-06  -80
5715.01  2.61317e-06  -80
5720.01  2.61317e-06  -80
5725.01  2.61317e-06  -80
5730.01  2.61317e-06  -80
5735.01  2.61317e-06  -80
5740.01  2.61317e-06  -80
5745.01  2.61317e-06  -80
5750.01  2.61317e-06  -80
5755.01  2.61317e-06  -80
5760.01  2.61317e-06  -80
5765.01  2.61317e-06  -80
5770.01  2.61317e-06  -80
5775.01  2.61317e-06  -80
5780.01  2.61317e-06  -80
5785.01  2.61317e-06  -80
5790.01  2.61317e-06  -80
5795.01  2.61317e-06  -80
5800.01  2.61317e-06  -80
5805.01  2.61317e-06  -80
5810.01  2.61317e-06  -80
5815.01  2.61317e-06  -80
5820.01  2.61317e-06  -80
5825.01  2.61317e-06  -80
5830.01  2.61317e-06  -80
5835.01  2.61317e-06  -80
5840.01  2.61317e-06  -80
5845.01  2.61317e-06  -80
5850.01  2.61317e-06  -80
5855.01  2.61317e-06  -80
5860.01  2.61317e-06  -80
5865.01  2.61317e-06  -80
5870.01  2.61317e-06  -80
5875.01  2.61317e-06  -80
5880.01  2.61317e-06  -80
5885.01  2.61317e-06  -80
5890.01  2.61317e-06  -80
5895.01  2.61317e-06  -80
5900.01  2.61317e-06  -80
5905.01  2.61317e-06  -80
5910.01  2.61317e-06  -80
5915.01  2.61317e-06  -80
5920.01  2.61317e-06  -80
5925.01  2.61317e-06  -80
5930.01  2.61317e-06  -80
5935.01  2.61317e-06  -80
5940.01  2.61317e-06  -80
5945.01  2.61317e-06  -80
5950.01  2.61317e-06  -80
5955.01  2.61317e-06  -80
5960.01  2.61317e-06  -80
5965.01  2.61317e-06  -80
5970.01  2.61317e-06  -80
5975.01  2.61317e-06  -80
5980.01  2.61317e-06  -80
5985.01  2.61317e-06  -80
5990.01  2.61317e-06  -80
5995.01  2.61317e-06  -80
6000.01  2.61317e-06  -80
6005.01  2.61317e-06  -80
6010.01  2.61317e-06  -80
6015.01  2.61317e-06  -80
6020.01  2.61317e-06  -80
6025.01  2.61317e-06  -80
6030.01  2.61317e-06  -80
6035.01  2.61317e-06  -80
6040.01  2.61317e-06  -80
6045.01  2.61317e-06  -80
6050.01  2.61317e-06  -80
6055.01  2.61317e-06  -80
6060.01  2.61317e-06  -80
6065.01  2.61317e-06  -80
6070.01  2.61317e-06  -80
6075.01  2.61317e-06  -80
6080.01  2.61317e-06  -80
6085.01  2.61317e-06  -80
6090.01  2.61317e-06  -80
6095.01  2.61317e-06  -80
6100.01  2.61317e-06  -80
6105.01  2.61317e-06  -80
6110.01  2.61317e-06  -80
6115.01  2.61317e-06  -80
6120.01  2.61317e-06  -80
6125.01  2.61317e-06  -80
6130.01  2.61317e-06  -80
6135.01  2.61317e-06  -80
6140.01  2.61317e-06  -80
6145.01  2.61317e-06  -80
6150.01  2.61317e-06  -80
6155.01  2.61317e-06  -80
6160.01  2.61317e-06  -80
6165.01  2.61317e-06  -80
6170.01  2.61317e-06  -80
6175.01  2.61317e-06  -80
6180.01  2.61317e-06  -80
6185.01  2.61317e-06  -80
6190.01  2.61317e-06  -80
6195.01  2.61317e-06  -80
6200.01  2.61317e-06  -80
6205.01  2.61317e-06  -80
6210.01  2.61317e-06  -80
6215.01  2.61317e-06  -80
6220.01  2.61317e-06  -80
6225.01  2.61317e-06  -80
6230.01  2.61317e-06  -80
6235.01  2.61317e-06  -80
6240.01  2.61317e-06  -80
6245.01  2.61317e-06  -80
6250.01  2.61317e-06  -80
6255.01  2.61317e-06  -80
6260.01  2.61317e-06  -80
6265.01  2.61317e-06  -80
6270.01  2.61317e-06  -80
6275.01  2.61317e-06  -80
6280.01  2.61317e-06  -80
6285.01  2.61317e-06  -80
6290.01  2.61317e-06  -80
6295.01  2.61317e-06  -80
6300.01  2.61317e-06  -80
6305.01  2.61317e-06  -80
6310.01  2.61317e-06  -80
6315.01  2.61317e-06  -80
6320.01  2.61317e-06  -80
6325.01  2.61317e-06  -80
6330.01  2.61317e-06  -80
6335.01  2.61317e-06  -80
6340.01  2.61317e-06  -80
6345.01  2.61317e-06  -80
6350.01  2.61317e-06  -80
6355.01  2.61317e-06  -80
6360.01  2.61317e-06  -80
6365.01  2.61317e-06  -80
6370.01  2.61317e-06  -80
6375.01  2.61317e-06  -80
6380.01  2.61317e-06  -80
6385.01  2.61317e-06  -80
6390.01  2.61317e-06  -80
6395.01  2.61317e-06  -80
6400.01  2.61317e-06  -80
6405.01  2.61317e-06  -80
6410.01  2.61317e-06  -80
6415.01  2.61317e-06  -80
6420.01  2.61317e-06  -80
6425.01  2.61317e-06  -80
6430.01  2.61317e-06  -80
6435.01  2.61317e-06  -80
6440.01  2.61317e-06  -80
6445.01  2.61317e-06  -80
6450.01  2.61317e-06  -80
6455.01  2.61317e-06  -80
6460.01  2.61317e-06  -80
6465.01  2.61317e-06  -80
6470.01  2.61317e-06  -80
6475.01  2.61317e-06  -80
6480.01  2.61317e-06  -80
6485.01  2.61317e-06  -80
6490.01  2.61317e-06  -80
6495.01  2.61317e-06  -80
6500.01  2.61317e-06  -80
6505.01  2.61317e-06  -80
6510.01  2.61317e-06  -80
6515.01  2.61317e-06  -80
6520.01  2.61317e-06  -80
6525.01  2.61317e-06  -80
6530.01  2.61317e-06  -80
6535.01  2.61317e-06  -80
6540.01  2.61317e-06  -80
6545.01  2.61317e-06  -80
6550.01  2.61317e-06  -80
6555.01  2.61317e-06  -80
6560.01  2.61317e-06  -80
6565.01  2.61317e-06  -80
6570.01  2.61317e-06  -80
6575.01  2.61317e-06  -80
6580.01  2.61317e-06  -80
6585.01  2.61317e-06  -80
6590.01  2.61317e-06  -80
6595.01  2.61317e-06  -80
6600.01  2.61317e-06  -80
6605.01  2.61317e-06  -80
6610.01  2.61317e-06  -80
6615.01  2.61317e-06  -80
6620.01  2.61317e-06  -80
6625.01  2.61317e-06  -80
6630.01  2.61317e-06  -80
6635.01  2.61317e-06  -80
6640.01  2.61317e-06  -80
6645.01  2.61317e-06  -80
6650.01  2.61317e-06  -80
6655.01  2.61317e-06  -80
6660.01  2.61317e-06  -80
6665.01  2.61317e-06  -80
6670.01  2.61317e-06  -80
6675.01  2.61317e-06  -80
6680.01  2.61317e-06  -80
6685.01  2.61317e-06  -80
6690.01  2.61317e-06  -80
6695.01  2.61317e-06  -80
6700.01  2.61317e-06  -80
6705.01  2.61317e-06  -80
6710.01  2.61317e-06  -80
6715.01  2.61317e-06  -80
6720.01  2.61317e-06  -80
6725.01  2.61317e-06  -80
6730.01  2.61317e-06  -80
6735.01  2.61317e-06  -80
6740.01  2.61317e-06  -80
6745.01  2.61317e-06  -80
6750.01  2.61317e-06  -80
6755.01  2.61317e-06  -80
6760.01  2.61317e-06  -80
6765.01  2.61317e-06  -80
6770.01  2.61317e-06  -80
6775.01  2.61317e-06  -80
6780.01  2.61317e-06  -80
6785.01  2.61317e-06  -80
6790.01  2.61317e-06  -80
6795.01  2.61317e-06  -80
6800.01  2.61317e-06  -80
6805.01  2.61317e-06  -80
6810.01  2.61317e-06  -80
6815.01  2.61317e-06  -80
6820.01  2.61317e-06  -80
6825.01  2.61317e-06  -80
6830.01  2.61317e-06  -80
6835.01  2.61317e-06  -80
6840.01  2.61317e-06  -80
6845.01  2.61317e-06  -80
6850.01  2.61317e-06  -80
6855.01  2.61317e-06  -80
6860.01  2.61317e-06  -80
6865.01  2.61317e-06  -80
6870.01  2.61317e-06  -80
6875.01  2.61317e-06  -80
6880.01  2.61317e-06  -80
6885.01  2.61317e-06  -80
6890.01  2.61317e-06  -80
6895.01  2.61317e-06  -80
6900.01  2.61317e-06  -80
6905.01  2.61317e-06  -80
6910.01  2.61317e-06  -80
6915.01  2.61317e-06  -80
6920.01  2.61317e-06  -80
6925.01  2.61317e-06  -80
6930.01  2.61317e-06  -80
6935.01  2.61317e-06  -80
6940.01  2.61317e-06  -80
6945.01  2.61317e-06  -80
6950.01  2.61317e-06  -80
6955.01  2.61317e-06  -80
6960.01  2.61317e-06  -80
6965.01  2.61317e-06  -80
6970.01  2.61317e-06  -80
6975.01  2.61317e-06  -80
6980.01  2.61317e-06  -80
6985.01  2.61317e-06  -80
6990.01  2.61317e-06  -80
6995.01  2.61317e-06  -80
7000.01  2.61317e-06  -80
7005.01  2.61317e-06  -80
7010.01  2.61317e-06  -80
7015.01  2.61317e-06  -80
7020.01  2.61317e-06  -80
7025.01  2.61317e-06  -80
7030.01  2.61317e-06  -80
7035.01  2.61317e-06  -80
7040.01  2.61317e-06  -80
7045.01  2.61317e-06  -80
7050.01  2.61317e-06  -80
7055.01  2.61317e-06  -80
7060.01  2.61317e-06  -80
7065.01  2.61317e-06  -80
7070.01  2.61317e-06  -80
7075.01  2.61317e-06  -80
7080.01  2.61317e-06  -80
7085.01  2.61317e-06  -80
7090.01  2.61317e-06  -80
7095.01  2.61317e-06  -80
7100.01  2.61317e-06  -80
7105.01  2.61317e-06  -80
7110.01  2.61317e-06  -80
7115.01  2.61317e-06  -80
7120.01  2.61317e-06  -80
7125.01  2.61317e-06  -80
7130.01  2.61317e-06  -80
7135.01  2.61317e-06  -80
7140.01  2.61317e-06  -80
7145.01  2.61317e-06  -80
7150.01  2.61317e-06  -80
7155.01  2.61317e-06  -80
7160.01  2.61317e-06  -80
7165.01  2.61317e-06  -80
7170.01  2.61317e-06  -80
7175.01  2.61317e-06  -80
7180.01  2.61317e-06  -80
7185.01  2.61317e-06  -80
7190.01  2.61317e-06  -80
7195.01  2.61317e-06  -80
7200.01  2.61317e-06  -80
7205.01  2.61317e-06  -80
7210.01  2.61317e-06  -80
7215.01  2.61317e-06  -80
7220.01  2.61317e-06  -80
7225.01  2.61317e-06  -80
7230.01  2.61317e-06  -80
7235.01  2.61317e-06  -80
7240.01  2.61317e-06  -80
7245.01  2.61317e-06  -80
7250.01  2.61317e-06  -80
7255.01  2.61317e-06  -80
7260.01  2.61317e-06  -80
7265.01  2.61317e-06  -80
7270.01  2.61317e-06  -80
7275.01  2.61317e-06  -80
7280.01  2.61317e-06  -80
7285.01  2.61317e-06  -80
7290.01  2.61317e-06  -80
7295.01  2.61317e-06  -80
7300.01  2.61317e-06  -80
7305.01  2.61317e-06  -80
7310.01  2.61317e-06  -80
7315.01  2.61317e-06  -80
7320.01  2.61317e-06  -80
7325.01  2.61317e-06  -80
7330.01  2.61317e-06  -80
7335.01  2.61317e-06  -80
7340.01  2.61317e-06  -80
7345.01  2.61317e-06  -80
7350.01  2.61317e-06  -80
7355.01  2.61317e-06  -80
7360.01  2.61317e-06  -80
7365.01  2.61317e-06  -80
7370.01  2.61317e-06  -80
7375.01  2.61317e-06  -80
7380.01  2.61317e-06  -80
7385.01  2.61317e-06  -80
7390.01  2.61317e-06  -80
7395.01  2.61317e-06  -80
7400.01  2.61317e-06  -80
7405.01  2.61317e-06  -80
7410.01  2.61317e-06  -80
7415.01  2.61317e-06  -80
7420.01  2.61317e-06  -80
7425.01  2.61317e-06  -80
7430.01  2.61317e-06  -80
7435.01  2.61317e-06  -80
7440.01  2.61317e-06  -80
7445.01  2.61317e-06  -80
7450.01  2.61317e-06  -80
7455.01  2.61317e-06  -80
7460.01  2.61317e-06  -80
7465.01  2.61317e-06  -80
7470.01  2.61317e-06  -80
7475.01  2.61317e-06  -80
7480.01  2.61317e-06  -80
7485.01  2.61317e-06  -80
7490.01  2.61317e-06  -80
7495.01  2.61317e-06  -80
7500.01  2.61317e-06  -80
7505.01  2.61317e-06  -80
7510.01  2.61317e-06  -80
7515.01  2.61317e-06  -80
7520.01  2.61317e-06  -80
7525.01  2.61317e-06  -80
7530.01  2.61317e-06  -80
7535.01  2.61317e-06  -80
7540.01  2.61317e-06  -80
7545.01  2.61317e-06  -80
7550.01  2.61317e-06  -80
7555.01  2.61317e-06  -80
7560.01  2.61317e-06  -80
7565.01  2.61317e-06  -80
7570.01  2.61317e-06  -80
7575.01  2.61317e-06  -80
7580.01  2.61317e-06  -80
7585.01  2.61317e-06  -80
7590.01  2.61317e-06  -80
7595.01  2.61317e-06  -80
7600.01  2.61317e-06  -80
7605.01  2.61317e-06  -80
7610.01  2.61317e-06  -80
7615.01  2.61317e-06  -80
7620.01  2.61317e-06  -80
7625.01  2.61317e-06  -80
7630.01  2.61317e-06  -80
7635.01  2.61317e-06  -80
7640.01  2.61317e-06  -80
7645.01  2.61317e-06  -80
7650.01  2.61317e-06  -80
7655.01  2.61317e-06  -80
7660.01  2.61317e-06  -80
7665.01  2.61317e-06  -80
7670.01  2.61317e-06  -80
7675.01  2.61317e-06  -80
7680.01  2.61317e-06  -80
7685.01  2.61317e-06  -80
7690.01  2.61317e-06  -80
7695.01  2.61317e-06  -80
7700.01  2.61317e-06  -80
7705.01  2.61317e-06  -80
7710.01  2.61317e-06  -80
7715.01  2.61317e-06  -80
7720.01  2.61317e-06  -80
7725.01  2.61317e-06  -80
7730.01  2.61317e-06  -80
7735.01  2.61317e-06  -80
7740.01  2.61317e-06  -80
7745.01  2.61317e-06  -80
7750.01  2.61317e-06  -80
7755.01  2.61317e-06  -80
7760.01  2.61317e-06  -80
7765.01  2.61317e-06  -80
7770.01  2.61317e-06  -80
7775.01  2.61317e-06  -80
7780.01  2.61317e-06  -80
7785.01  2.61317e-06  -80
7790.01  2.61317e-06  -80
7795.01  2.61317e-06  -80
7800.01  2.61317e-06  -80
7805.01  2.61317e-06  -80
7810.01  2.61317e-06  -80
7815.01  2.61317e-06  -80
7820.01  2.61317e-06  -80
7825.01  2.61317e-06  -80
7830.01  2.61317e-06  -80
7835.01  2.61317e-06  -80
7840.01  2.61317e-06  -80
7845.01  2.61317e-06  -80
7850.01  2.61317e-06  -80
7855.01  2.61317e-06  -80
7860.01  2.61317e-06  -80
7865.01  2.61317e-06  -80
7870.01  2.61317e-06  -80
7875.01  2.61317e-06  -80
7880.01  2.61317e-06  -80
7885.01  2.61317e-06  -80
7890.01  2.61317e-06  -80
7895.01  2.61317e-06  -80
7900.01  2.61317e-06  -80
7905.01  2.61317e-06  -80
7910.01  2.61317e-06  -80
7915.01  2.61317e-06  -80
7920.01  2.61317e-06  -80
7925.01  2.61317e-06  -80
7930.01  2.61317e-06  -80
7935.01  2.61317e-06  -80
7940.01  2.61317e-06  -80
7945.01  2.61317e-06  -80
7950.01  2.61317e-06  -80
7955.01  2.61317e-06  -80
7960.01  2.61317e-06  -80
7965.01  2.61317e-06  -80
7970.01  2.61317e-06  -80
7975.01  2.61317e-06  -80
7980.01  2.61317e-06  -80
7985.01  2.61317e-06  -80
7990.01  2.61317e-06  -80
7995.01  2.61317e-06  -80
8000.01  2.61317e-06  -80
8005.01  2.61317e-06  -80
8010.01  2.61317e-06  -80
8015.01  2.61317e-06  -80
8020.01  2.61317e-06  -80
8025.01  2.61317e-06  -80
8030.01  2.61317e-06  -80
8035.01  2.61317e-06  -80
8040.01  2.61317e-06  -80
8045.01  2.61317e-06  -80
8050.01  2.61317e-06  -80
8055.01  2.61317e-06  -80
8060.01  2.61317e-06  -80
8065.01  2.61317e-06  -80
8070.01  2.61317e-06  -80
8075.01  2.61317e-06  -80
8080.01  2.61317e-06  -80
8085.01  2.61317e-06  -80
8090.01  2.61317e-06  -80
8095.01  2.61317e-06  -80
8100.01  2.61317e-06  -80
8105.01  2.61317e-06  -80
8110.01  2.61317e-06  -80
8115.01  2.61317e-06  -80
8120.01  2.61317e-06  -80
8125.01  2.61317e-06  -80
8130.01  2.61317e-06  -80
8135.01  2.61317e-06  -80
8140.01  2.61317e-06  -80
8145.01  2.61317e-06  -80
8150.01  2.61317e-06  -80
8155.01  2.61317e-06  -80
8160.01  2.61317e-06  -80
8165.01  2.61317e-06  -80
8170.01  2.61317e-06  -80
8175.01  2.61317e-06  -80
8180.01  2.61317e-06  -80
8185.01  2.61317e-06  -80
8190.01  2.61317e-06  -80
8195.01  2.61317e-06  -80
8200.01  2.61317e-06  -80
8205.01  2.61317e-06  -80
8210.01  2.61317e-06  -80
8215.01  2.61317e-06  -80
8220.01  2.61317e-06  -80
8225.01  2.61317e-06  -80
8230.01  2.61317e-06  -80
8235.01  2.61317e-06  -80
8240.01  2.61317e-06  -80
8245.01  2.61317e-06  -80
8250.01  2.61317e-06  -80
8255.01  2.61317e-06  -80
8260.01  2.61317e-06  -80
8265.01  2.61317e-06  -80
8270.01  2.61317e-06  -80
8275.01  2.61317e-06  -80
8280.01  2.61317e-06  -80
8285.01  2.61317e-06  -80
8290.01  2.61317e-06  -80
8295.01  2.61317e-06  -80
8300.01  2.61317e-06  -80
8305.01  2.61317e-06  -80
8310.01  2.61317e-06  -80
8315.01  2.61317e-06  -80
8320.01  2.61317e-06  -80
8325.01  2.61317e-06  -80
8330.01  2.61317e-06  -80
8335.01  2.61317e-06  -80
8340.01  2.61317e-06  -80
8345.01  2.61317e-06  -80
8350.01  2.61317e-06  -80
8355.01  2.61317e-06  -80
8360.01  2.61317e-06  -80
8365.01  2.61317e-06  -80
8370.01  2.61317e-06  -80
8375.01  2.61317e-06  -80
8380.01  2.61317e-06  -80
8385.01  2.61317e-06  -80
8390.01  2.61317e-06  -80
8395.01  2.61317e-06  -80
8400.01  2.61317e-06  -80
8405.01  2.61317e-06  -80
8410.01  2.61317e-06  -80
8415.01  2.61317e-06  -80
8420.01  2.61317e-06  -80
8425.01  2.61317e-06  -80
8430.01  2.61317e-06  -80
8435.01  2.61317e-06  -80
8440.01  2.61317e-06  -80
8445.01  2.61317e-06  -80
8450.01  2.61317e-06  -80
8455.01  2.61317e-06  -80
8460.01  2.61317e-06  -80
8465.01  2.61317e-06  -80
8470.01  2.61317e-06  -80
8475.01  2.61317e-06  -80
8480.01  2.61317e-06  -80
8485.01  2.61317e-06  -80
8490.01  2.61317e-06  -80
8495.01  2.61317e-06  -80
8500.01  2.61317e-06  -80
8505.01  2.61317e-06  -80
8510.01  2.61317e-06  -80
8515.01  2.61317e-06  -80
8520.01  2.61317e-06  -80
8525.01  2.61317e-06  -80
8530.01  2.61317e-06  -80
8535.01  2.61317e-06  -80
8540.01  2.61317e-06  -80
8545.01  2.61317e-06  -80
8550.01  2.61317e-06  -80
8555.01  2.61317e-06  -80
8560.01  2.61317e-06  -80
8565.01  2.61317e-06  -80
8570.01  2.61317e-06  -80
8575.01  2.61317e-06  -80
8580.01  2.61317e-06  -80
8585.01  2.61317e-06  -80
8590.01  2.61317e-06  -80
8595.01  2.61317e-06  -80
8600.01  2.61317e-06  -80
8605.01  2.61317e-06  -80
8610.01  2.61317e-06  -80
8615.01  2.61317e-06  -80
8620.01  2.61317e-06  -80
8625.01  2.61317e-06  -80
8630.01  2.61317e-06  -80
8635.01  2.61317e-06  -80
8640.01  2.61317e-06  -80
8645.01  2.61317e-06  -80
8650.01  2.61317e-06  -80
8655.01  2.61317e-06  -80
8660.01  2.61317e-06  -80
8665.01  2.61317e-06  -80
8670.01  2.61317e-06  -80
8675.01  2.61317e-06  -80
8680.01  2.61317e-06  -80
8685.01  2.61317e-06  -80
8690.01  2.61317e-06  -80
8695.01  2.61317e-06  -80
8700.01  2.61317e-06  -80
8705.01  2.61317e-06  -80
8710.01  2.61317e-06  -80
8715.01  2.61317e-06  -80
8720.01  2.61317e-06  -80
8725.01  2.61317e-06  -80
8730.01  2.61317e-06  -80
8735.01  2.61317e-06  -80
8740.01  2.61317e-06  -80
8745.01  2.61317e-06  -80
8750.01  2.61317e-06  -80
8755.01  2.61317e-06  -80
8760.01  2.61317e-06  -80
8765.01  2.61317e-06  -80
8770.01  2.61317e-06  -80
8775.01  2.61317e-06  -80
8780.01  2.61317e-06  -80
8785.01  2.61317e-06  -80
8790.01  2.61317e-06  -80
8795.01  2.61317e-06  -80
8800.01  2.61317e-06  -80
8805.01  2.61317e-06  -80
8810.01  2.61317e-06  -80
8815.01  2.61317e-06  -80
8820.01  2.61317e-06  -80
8825.01  2.61317e-06  -80
8830.01  2.61317e-06  -80
8835.01  2.61317e-06  -80
8840.01  2.61317e-06  -80
8845.01  2.61317e-06  -80
8850.01  2.61317e-06  -80
8855.01  2.61317e-06  -80
8860.01  2.61317e-06  -80
8865.01  2.61317e-06  -80
8870.01  2.61317e-06  -80
8875.01  2.61317e-06  -80
8880.01  2.61317e-06  -80
8885.01  2.61317e-06  -80
8890.01  2.61317e-06  -80
8895.01  2.61317e-06  -80
8900.01  2.61317e-06  -80
8905.01  2.61317e-06  -80
8910.01  2.61317e-06  -80
8915.01  2.61317e-06  -80
8920.01  2.61317e-06  -80
8925.01  2.61317e-06  -80
8930.01  2.61317e-06  -80
8935.01  2.61317e-06  -80
8940.01  2.61317e-06  -80
8945.01  2.61317e-06  -80
8950.01  2.61317e-06  -80
8955.01  2.61317e-06  -80
8960.01  2.61317e-06  -80
8965.01  2.61317e-06  -80
8970.01  2.61317e-06  -80
8975.01  2.61317e-06  -80
8980.01  2.61317e-06  -80
8985.01  2.61317e-06  -80
8990.01  2.61317e-06  -80
8995.01  2.61317e-06  -80
9000.01  2.61317e-06  -80
9005.01  2.61317e-06  -80
9010.01  2.61317e-06  -80
9015.01  2.61317e-06  -80
9020.01  2.61317e-06  -80
9025.01  2.61317e-06  -80
9030.01  2.61317e-06  -80
9035.01  2.61317e-06  -80
9040.01  2.61317e-06  -80
9045.01  2.61317e-06  -80
9050.01  2.61317e-06  -80
9055.01  2.61317e-06  -80
9060.01  2.61317e-06  -80
9065.01  2.61317e-06  -80
9070.01  2.61317e-06  -80
9075.01  2.61317e-06  -80
9080.01  2.61317e-06  -80
9085.01  2.61317e-06  -80
9090.01  2.61317e-06  -80
9095.01  2.61317e-06  -80
9100.01  2.61317e-06  -80
9105.01  2.61317e-06  -80
9110.01  2.61317e-06  -80
9115.01  2.61317e-06  -80
9120.01  2.61317e-06  -80
9125.01  2.61317e-06  -80
9130.01  2.61317e-06  -80
9135.01  2.61317e-06  -80
9140.01  2.61317e-06  -80
9145.01  2.61317e-06  -80
9150.01  2.61317e-06  -80
9155.01  2.61317e-06  -80
9160.01  2.61317e-06  -80
9165  2.61317e-06  -80
9170  2.61317e-06  -80
9175  2.61317e-06  -80
9180  2.61317e-06  -80
9185  2.61317e-06  -80
9190  2.61317e-06  -80
9195  2.61317e-06  -80
9200  2.61317e-06  -80
9205  2.61317e-06  -80
9210  2.61317e-06  -80
9215  2.61317e-06  -80
9220  2.61317e-06  -80
9225  2.61317e-06  -80
9230  2.61317e-06  -80
9235  2.61317e-06  -80
9240  2.61317e-06  -80
9245  2.61317e-06  -80
9250  2.61317e-06  -80
9255  2.61317e-06  -80
9260  2.61317e-06  -80
9265  2.61317e-06  -80
9270  2.61317e-06  -80
9275  2.61317e-06  -80
9280  2.61317e-06  -80
9285  2.61317e-06  -80
9290  2.61317e-06  -80
9295  2.61317e-06  -80
9300  2.61317e-06  -80
9305  2.61317e-06  -80
9310  2.61317e-06  -80
9315  2.61317e-06  -80
9320  2.61317e-06  -80
9325  2.61317e-06  -80
9330  2.61317e-06  -80
9335  2.61317e-06  -80
9340  2.61317e-06  -80
9345  2.61317e-06  -80
9350  2.61317e-06  -80
9355  2.61317e-06  -80
9360  2.61317e-06  -80
9365  2.61317e-06  -80
9370  2.61317e-06  -80
9375  2.61317e-06  -80
9380  2.61317e-06  -80
9385  2.61317e-06  -80
9390  2.61317e-06  -80
9395  2.61317e-06  -80
9400  2.61317e-06  -80
9405  2.61317e-06  -80
9410  2.61317e-06  -80
9415  2.61317e-06  -80
9420  2.61317e-06  -80
9425  2.61317e-06  -80
9430  2.61317e-06  -80
9435  2.61317e-06  -80
9440  2.61317e-06  -80
9445  2.61317e-06  -80
9450  2.61317e-06  -80
9455  2.61317e-06  -80
9460  2.61317e-06  -80
9465  2.61317e-06  -80
9470  2.61317e-06  -80
9475  2.61317e-06  -80
9480  2.61317e-06  -80
9485  2.61317e-06  -80
9490  2.61317e-06  -80
9495  2.61317e-06  -80
9500  2.61317e-06  -80
9505  2.61317e-06  -80
9510  2.61317e-06  -80
9515  2.61317e-06  -80
9520  2.61317e-06  -80
9525  2.61317e-06  -80
9530  2.61317e-06  -80
9535  2.61317e-06  -80
9540  2.61317e-06  -80
9545  2.61317e-06  -80
9550  2.61317e-06  -80
9555  2.61317e-06  -80
9560  2.61317e-06  -80
9565  2.61317e-06  -80
9570  2.61317e-06  -80
9575  2.61317e-06  -80
9580  2.61317e-06  -80
9585  2.61317e-06  -80
9590  2.61317e-06  -80
9595  2.61317e-06  -80
9600  2.61317e-06  -80
9605  2.61317e-06  -80
9610  2.61317e-06  -80
9615  2.61317e-06  -80
9620  2.61317e-06  -80
9625  2.61317e-06  -80
9630  2.61317e-06  -80
9635  2.61317e-06  -80
9640  2.61317e-06  -80
9645  2.61317e-06  -80
9650  2.61317e-06  -80
9655  2.61317e-06  -80
9660  2.61317e-06  -80
9665  2.61317e-06  -80
9670  2.61317e-06  -80
9675  2.61317e-06  -80
9680  2.61317e-06  -80
9685  2.61317e-06  -80
9690  2.61317e-06  -80
9695  2.61317e-06  -80
9700  2.61317e-06  -80
9705  2.61317e-06  -80
9710  2.61317e-06  -80
9715  2.61317e-06  -80
9720  2.61317e-06  -80
9725  2.61317e-06  -80
9730  2.61317e-06  -80
9735  2.61317e-06  -80
9740  2.61317e-06  -80
9745  2.61317e-06  -80
9750  2.61317e-06  -80
9755  2.61317e-06  -80
9760  2.61317e-06  -80
9765  2.61317e-06  -80
9770  2.61317e-06  -80
9775  2.61317e-06  -80
9780  2.61317e-06  -80
9785  2.61317e-06  -80
9790  2.61317e-06  -80
9795  2.61317e-06  -80
9800  2.61317e-06  -80
9805  2.61317e-06  -80
9810  2.61317e-06  -80
9815  2.61317e-06  -80
9820  2.61317e-06  -80
9825  2.61317e-06  -80
9830  2.61317e-06  -80
9835  2.61317e-06  -80
9840  2.61317e-06  -80
9845  2.61317e-06  -80
9850  2.61317e-06  -80
9855  2.61317e-06  -80
9860  2.61317e-06  -80
9865  2.61317e-06  -80
9870  2.61317e-06  -80
9875  2.61317e-06  -80
9880  2.61317e-06  -80
9885  2.61317e-06  -80
9890  2.61317e-06  -80
9895  2.61317e-06  -80
9900  2.61317e-06  -80
9905  2.61317e-06  -80
9910  2.61317e-06  -80
9915  2.61317e-06  -80
9920  2.61317e-06  -80
9925  2.61317e-06  -80
9930  2.61317e-06  -80
9935  2.61317e-06  -80
9940  2.61317e-06  -80
9945  2.61317e-06  -80
9950  2.61317e-06  -80
9955  2.61317e-06  -80
9960  2.61317e-06  -80
9965  2.61317e-06  -80
9970  2.61317e-06  -80
9975  2.61317e-06  -80
9980  2.61317e-06  -80
9985  2.61317e-06  -80
9990  2.61317e-06  -80
9995  2.61317e-06  -80
10000  8.24765e-05  40
10005  0.000596112  40
10010  0.00249133  40
10015  0.00514762  40
10020  0.00788377  40
10025  0.010331  40
10030  0.0123502  40
10035  0.013928  40
10040  0.015109  40
10045  0.0159579  40
10050  0.0165411  40
10055  0.0169182  40
10060  0.0171387  40
10065  0.0172423  40
10070  0.0172601  40
10075  0.0172155  40
10080  0.0171264  40
10085  0.0170057  40
10090  0.0168632  40
10095  0.016706  40
10100  0.0165391  40
10105  0.0163663  40
10110  0.0161901  40
10115  0.0160125  40
10120  0.0158348  40
10125  0.0156579  40
10130  0.0154825  40
10135  0.015309  40
10140  0.0151378  40
10145  0.0149689  40
10150  0.0148027  40
10155  0.0146391  40
10160  0.0144781  40
10165  0.0143199  40
10170  0.0141643  40
10175  0.0140114  40
10180  0.0138612  40
10185  0.0137136  40
10190  0.0135685  40
10195  0.013426  40
10200  0.013286  40
10205  0.0131485  40
10210  0.0130134  40
10215  0.0128807  40
10220  0.0127503  40
10225  0.0126222  40
10230  0.0124963  40
10235  0.0123727  40
10240  0.0122513  40
10245  0.012132  40
10250  0.0120148  40
10255  0.0118997  40
10260  0.0117866  40
10265  0.0116755  40
10270  0.0115664  40
10275  0.0114592  40
10280  0.0113539  40
10285  0.0112505  40
10290  0.0111488  40
10295  0.011049  40
10300  0.0109509  40
10305  0.0108546  40
10310  0.01076  40
10315  0.010667  40
10320  0.0105757  40
10325  0.010486  40
10330  0.0103979  40
10335  0.0103113  40
10340  0.0102262  40
10345  0.0101427  40
10350  0.0100606  40
10355  0.00998002  40
10360  0.00990083  40
10365  0.00982303  40
10370  0.00974661  40
10375  0.00967153  40
10380  0.00959779  40
10385  0.00952534  40
10390  0.00945417  40
10395  0.00938426  40
10400  0.00931559  40
10405  0.00924812  40
10410  0.00918185  40
10415  0.00911674  40
10420  0.00905279  40
10425  0.00898997  40
10430  0.00892825  40
10435  0.00886762  40
10440  0.00880807  40
10445  0.00874956  40
10450  0.00869209  40
10455  0.00863563  40
10460  0.00858017  40
10465  0.00852569  40
10470  0.00847217  40
10475  0.0084196  40
10480  0.00836795  40
10485  0.00831721  40
10490  0.00826737  40
10495  0.00821841  40
10500  0.00817032  40
10505  0.00812307  40
10510  0.00807666  40
10515  0.00803107  40
10520  0.00798628  40
10525  0.00794228  40
10530  0.00789906  40
10535  0.00785661  40
10540  0.0078149  40
10545  0.00777393  40
10550  0.00773368  40
10555  0.00769414  40
10560  0.0076553  40
10565  0.00761715  40
10570  0.00757966  40
10575  0.00754285  40
10580  0.00750668  40
10585  0.00747115  40
10590  0.00743624  40
10595  0.00740196  40
10600  0.00736827  40
10605  0.00733519  40
10610  0.00730268  40
10615  0.00727075  40
10620  0.00723939  40
10625  0.00720858  40
10630  0.00717831  40
10635  0.00714857  40
10640  0.00711937  40
10645  0.00709067  40
10650  0.00706249  40
10655  0.0070348  40
10660  0.0070076  40
10665  0.00698088  40
10670  0.00695463  40
10675  0.00692884  40
10680  0.00690351  40
10685  0.00687863  40
10690  0.00685419  40
10695  0.00683018  40
10700  0.00680659  40
10705  0.00678342  40
10710  0.00676066  40
10715  0.00673829  40
10720  0.00671633  40
10725  0.00669475  40
10730  0.00667355  40
10735  0.00665273  40
10740  0.00663228  40
10745  0.00661218  40
10750  0.00659244  40
10755  0.00657305  40
10760  0.006554  40
10765  0.00653529  40
10770  0.00651691  40
10775  0.00649885  40
10780  0.00648111  40
10785  0.00646369  40
10790  0.00644657  40
10795  0.00642975  40
10800  0.00641323  40
10805  0.00639701  40
10810  0.00638107  40
10815  0.00636541  40
10820  0.00635002  40
10825  0.00633491  40
10830  0.00632007  40
10835  0.00630548  40
10840  0.00629116  40
10845  0.00627709  40
10850  0.00626326  40
10855  0.00624968  40
10860  0.00623634  40
10865  0.00622324  40
10870  0.00621037  40
10875  0.00619772  40
10880  0.0061853  40
10885  0.00617309  40
10890  0.00616111  40
10895  0.00614933  40
10900  0.00613776  40
10905  0.0061264  40
10910  0.00611523  40
10915  0.00610427  40
10920  0.00609349  40
10925  0.00608291  40
10930  0.00607252  40
10935  0.0060623  40
10940  0.00605227  40
10945  0.00604242  40
10950  0.00603273  40
10955  0.00602322  40
10960  0.00601388  40
10965  0.00600471  40
10970  0.00599569  40
10975  0.00598683  40
10980  0.00597813  40
10985  0.00596959  40
10990  0.00596119  40
10995  0.00595295  40
11000  -0.00219232  -120
11000  -0.0010837  -100
11005  -0.0816976  -100
11010  -0.125298  -100
11015  -0.147577  -100
11020  -0.157617  -100
11025  -0.160678  -100
11030  -0.159802  -100
11035  -0.156747  -100
11040  -0.152528  -100
11045  -0.147728  -100
11050  -0.142682  -100
11055  -0.13758  -100
11060  -0.132529  -100
11065  -0.127588  -100
11070  -0.122787  -100
11075  -0.118142  -100
11080  -0.113659  -100
11085  -0.109337  -100
11090  -0.105175  -100
11095  -0.101169  -100
11100  -0.0973141  -100
11105  -0.0936052  -100
11110  -0.0900372  -100
11115  -0.086605  -100
11120  -0.0833036  -100
11125  -0.080128  -100
11130  -0.0770735  -100
11135  -0.0741355  -100
11140  -0.0713094  -100
11145  -0.0685912  -100
11150  -0.0659765  -100
11155  -0.0634616  -100
11160  -0.0610425  -100
11165  -0.0587157  -100
11170  -0.0564776  -100
11175  -0.0543248  -100
11180  -0.0522541  -100
11185  -0.0502624  -100
11190  -0.0483465  -100
11195  -0.0465037  -100
11200  -0.0447312  -100
11205  -0.0430262  -100
11210  -0.0413862  -100
11215  -0.0398087  -100
11220  -0.0382913  -100
11225  -0.0368318  -100
11230  -0.0354279  -100
11235  -0.0340776  -100
11240  -0.0327787  -100
11245  -0.0315293  -100
11250  -0.0303275  -100
11255  -0.0291716  -100
11260  -0.0280597  -100
11265  -0.0269901  -100
11270  -0.0259614  -100
11275  -0.0249719  -100
11280  -0.0240201  -100
11285  -0.0231045  -100
11290  -0.0222239  -100
11295  -0.0213768  -100
11300  -0.020562  -100
11305  -0.0197783  -100
11310  -0.0190244  -100
11315  -0.0182993  -100
11320  -0.0176018  -100
11325  -0.0169309  -100
11330  -0.0162856  -100
11335  -0.0156649  -100
11340  -0.0150678  -100
11345  -0.0144935  -100
11350  -0.0139411  -100
11355  -0.0134097  -100
11360  -0.0128986  -100
11365  -0.012407  -100
11370  -0.0119341  -100
11375  -0.0114792  -100
11380  -0.0110417  -100
11385  -0.0106209  -100
11390  -0.0102161  -100
11395  -0.00982667  -100
11400  -0.00945214  -100
11405  -0.00909188  -100
11410  -0.00874535  -100
11415  -0.00841203  -100
11420  -0.00809141  -100
11425  -0.00778302  -100
11430  -0.00748637  -100
11435  -0.00720104  -100
11440  -0.00692658  -100
11445  -0.00666259  -100
11450  -0.00640865  -100
11455  -0.0061644  -100
11460  -0.00592945  -100
11465  -0.00570346  -100
11470  -0.00548609  -100
11475  -0.005277  -100
11480  -0.00507588  -100
11485  -0.00488242  -100
11490  -0.00469634  -100
11495  -0.00451735  -100
11500  -0.00434519  -100
11505  -0.00417958  -100
11510  -0.00402029  -100
11515  -0.00386707  -100
11520  -0.00371969  -100
11525  -0.00357793  -100
11530  -0.00344157  -100
11535  -0.00331041  -100
11540  -0.00318425  -100
11545  -0.0030629  -100
11550  -0.00294617  -100
11555  -0.00283389  -100
11560  -0.00272589  -100
11565  -0.00262201  -100
11570  -0.00252209  -100
11575  -0.00242597  -100
11580  -0.00233352  -100
11585  -0.0022446  -100
11590  -0.00215906  -100
11595  -0.00207678  -100
11600  -0.00199764  -100
11605  -0.00192152  -100
11610  -0.0018483  -100
11615  -0.00177786  -100
11620  -0.00171012  -100
11625  -0.00164495  -100
11630  -0.00158227  -100
11635  -0.00152198  -100
11640  -0.00146399  -100
11645  -0.0014082  -100
11650  -0.00135455  -100
11655  -0.00130293  -100
11660  -0.00125329  -100
11665  -0.00120554  -100
11670  -0.00115961  -100
11675  -0.00111542  -100
11680  -0.00107293  -100
11685  -0.00103205  -100
11690  -0.000992731  -100
11695  -0.00095491  -100
11700  -0.000918531  -100
11705  -0.000883539  -100
11710  -0.00084988  -100
11715  -0.000817504  -100
11720  -0.000786363  -100
11725  -0.000756408  -100
11730  -0.000727595  -100
11735  -0.00069988  -100
11740  -0.000673222  -100
11745  -0.00064758  -100
11750  -0.000622915  -100
11755  -0.00059919  -100
11760  -0.00057637  -100
11765  -0.000554419  -100
11770  -0.000533306  -100
11775  -0.000512996  -100
11780  -0.000493461  -100
11785  -0.000474671  -100
11790  -0.000456597  -100
11795  -0.000439212  -100
11800  -0.000422489  -100
11805  -0.000406404  -100
11810  -0.000390932  -100
11815  -0.000376049  -100
11820  -0.000361734  -100
11825  -0.000347965  -100
11830  -0.00033472  -100
11835  -0.00032198  -100
11840  -0.000309726  -100
11845  -0.000297939  -100
11850  -0.000286601  -100
11855  -0.000275696  -100
11860  -0.000265206  -100
11865  -0.000255115  -100
11870  -0.00024541  -100
11875  -0.000236074  -100
11880  -0.000227095  -100
11885  -0.000218457  -100
11890  -0.000210149  -100
11895  -0.000202157  -100
11900  -0.00019447  -100
11905  -0.000187076  -100
11910  -0.000179964  -100
11915  -0.000173123  -100
11920  -0.000166543  -100
11925  -0.000160213  -100
11930  -0.000154125  -100
11935  -0.000148269  -100
11940  -0.000142636  -100
11945  -0.000137217  -100
11950  -0.000132006  -100
11955  -0.000126993  -100
11960  -0.000122171  -100
11965  -0.000117532  -100
11970  -0.000113071  -100
11975  -0.00010878  -100
11980  -0.000104652  -100
11985  -0.000100681  -100
11990  -9.68623e-05  -100
11995  -9.31887e-05  -100
12000  -8.96552e-05  -100
12005  -8.62564e-05  -100
12010  -8.29871e-05  -100
12015  -7.98424e-05  -100
12020  -7.68176e-05  -100
12025  -7.39081e-05  -100
12030  -7.11094e-05  -100
12035  -6.84175e-05  -100
12040  -6.58281e-05  -100
12045  -6.33375e-05  -100
12050  -6.09418e-05  -100
12055  -5.86374e-05  -100
12060  -5.64208e-05  -100
12065  -5.42888e-05  -100
12070  -5.22379e-05  -100
12075  -5.02653e-05  -100
12080  -4.83679e-05  -100
12085  -4.65427e-05  -100
12090  -4.47872e-05  -100
12095  -4.30985e-05  -100
12100  -4.14743e-05  -100
12105  -3.99119e-05  -100
12110  -3.84091e-05  -100
12115  -3.69635e-05  -100
12120  -3.55731e-05  -100
12125  -3.42357e-05  -100
12130  -3.29492e-05  -100
12135  -3.17118e-05  -100
12140  -3.05215e-05  -100
12145  -2.93766e-05  -100
12150  -2.82754e-05  -100
12155  -2.72161e-05  -100
12160  -2.61972e-05  -100
12165  -2.52171e-05  -100
12170  -2.42744e-05  -100
12175  -2.33676e-05  -100
12180  -2.24954e-05  -100
12185  -2.16565e-05  -100
12190  -2.08495e-05  -100
12195  -2.00732e-05  -100
12200  -1.93266e-05  -100
12205  -1.86084e-05  -100
12210  -1.79176e-05  -100
12215  -1.72531e-05  -100
12220  -1.6614e-05  -100
12225  -1.59992e-05  -100
12230  -1.54078e-05  -100
12235  -1.4839e-05  -100
12240  -1.42919e-05  -100
12245  -1.37656e-05  -100
12250  -1.32594e-05  -100
12255  -1.27725e-05  -100
12260  -1.23041e-05  -100
12265  -1.18536e-05  -100
12270  -1.14202e-05  -100
12275  -1.10034e-05  -100
12280  -1.06025e-05  -100
12285  -1.02168e-05  -100
12290  -9.84587e-06  -100
12295  -9.48905e-06  -100
12300  -9.14584e-06  -100
12305  -8.81571e-06  -100
12310  -8.49816e-06  -100
12315  -8.19271e-06  -100
12320  -7.89891e-06  -100
12325  -7.61631e-06  -100
12330  -7.34447e-06  -100
12335  -7.083e-06  -100
12340  -6.8315e-06  -100
12345  -6.58958e-06  -100
12350  -6.35688e-06  -100
12355  -6.13305e-06  -100
12360  -5.91776e-06  -100
12365  -5.71067e-06  -100
12370  -5.51147e-06  -100
12375  -5.31987e-06  -100
12380  -5.13557e-06  -100
12385  -4.95829e-06  -100
12390  -4.78777e-06  -100
12395  -4.62375e-06  -100
12400  -4.46598e-06  -100
12405  -4.31423e-06  -100
12410  -4.16826e-06  -100
12415  -4.02785e-06  -100
12420  -3.8928e-06  -100
12425  -3.76289e-06  -100
12430  -3.63794e-06  -100
12435  -3.51775e-06  -100
12440  -3.40214e-06  -100
12445  -3.29093e-06  -100
12450  -3.18397e-06  -100
12455  -3.08108e-06  -100
12460  -2.98211e-06  -100
12465  -2.88692e-06  -100
12470  -2.79535e-06  -100
12475  -2.70727e-06  -100
12480  -2.62256e-06  -100
12485  -2.54107e-06  -100
12490  -2.46268e-06  -100
12495  -2.38729e-06  -100
12500  -2.31476e-06  -100
12505  -2.24501e-06  -100
12510  -2.17791e-06  -100
12515  -2.11337e-06  -100
12520  -2.05129e-06  -100
12525  -1.99157e-06  -100
12530  -1.93413e-06  -100
12535  -1.87888e-06  -100
12540  -1.82574e-06  -100
12545  -1.77462e-06  -100
12550  -1.72545e-06  -100
12555  -1.67816e-06  -100
12560  -1.63266e-06  -100
12565  -1.5889e-06  -100
12570  -1.54681e-06  -100
12575  -1.50633e-06  -100
12580  -1.46738e-06  -100
12585  -1.42992e-06  -100
12590  -1.39389e-06  -100
12595  -1.35924e-06  -100
12600  -1.3259e-06  -100
12605  -1.29383e-06  -100
12610  -1.26299e-06  -100
12615  -1.23332e-06  -100
12620  -1.20478e-06  -100
12625  -1.17733e-06  -100
12630  -1.15093e-06  -100
12635  -1.12553e-06  -100
12640  -1.10111e-06  -100
12645  -1.07761e-06  -100
12650  -1.05501e-06  -100
12655  -1.03327e-06  -100
12660  -1.01235e-06  -100
12665  -9.92238e-07  -100
12670  -9.7289e-07  -100
12675  -9.5428e-07  -100
12680  -9.36378e-07  -100
12685  -9.19159e-07  -100
12690  -9.02597e-07  -100
12695  -8.86665e-07  -100
12700  -8.71341e-07  -100
12705  -8.56601e-07  -100
12710  -8.42423e-07  -100
12715  -8.28785e-07  -100
12720  -8.15668e-07  -100
12725  -8.0305e-07  -100
12730  -7.90913e-07  -100
12735  -7.79238e-07  -100
12740  -7.68009e-07  -100
12745  -7.57208e-07  -100
12750  -7.46818e-07  -100
12755  -7.36824e-07  -100
12760  -7.27212e-07  -100
12765  -7.17965e-07  -100
12770  -7.09071e-07  -100
12775  -7.00517e-07  -100
12780  -6.92288e-07  -100
12785  -6.84373e-07  -100
12790  -6.76759e-07  -100
12795  -6.69436e-07  -100
12800  -6.62392e-07  -100
12805  -6.55616e-07  -100
12810  -6.49099e-07  -100
12815  -6.4283e-07  -100
12820  -6.368e-07  -100
12825  -6.31e-07  -100
12830  -6.25421e-07  -100
12835  -6.20054e-07  -100
12840  -6.14892e-07  -100
12845  -6.09927e-07  -100
12850  -6.05151e-07  -100
12855  -6.00557e-07  -100
12860  -5.96139e-07  -100
12865  -5.91888e-07  -100
12870  -5.878e-07  -100
12875  -5.83868e-07  -100
12880  -5.80085e-07  -100
12885  -5.76447e-07  -100
12890  -5.72947e-07  -100
12895  -5.69581e-07  -100
12900  -5.66343e-07  -100
12905  -5.63228e-07  -100
12910  -5.60232e-07  -100
12915  -5.5735e-07  -100
12920  -5.54578e-07  -100
12925  -5.51912e-07  -100
12930  -5.49348e-07  -100
12935  -5.46881e-07  -100
12940  -5.44508e-07  -100
12945  -5.42226e-07  -100
12950  -5.4003e-07  -100
12955  -5.37919e-07  -100
12960  -5.35888e-07  -100
12965  -5.33934e-07  -100
12970  -5.32054e-07  -100
12975  -5.30247e-07  -100
12980  -5.28508e-07  -100
12985  -5.26836e-07  -100
12990  -5.25227e-07  -100
12995  -5.23679e-07  -100
13000  -5.22191e-07  -100
13005  -5.20759e-07  -100
13010  -5.19382e-07  -100
13015  -5.18057e-07  -100
13020  -5.16783e-07  -100
13025  -5.15558e-07  -100
13030  -5.14379e-07  -100
13035  -5.13245e-07  -100
13040  -5.12154e-07  -100
13045  -5.11105e-07  -100
13050  -5.10096e-07  -100
13055  -5.09125e-07  -100
13060  -5.08191e-07  -100
13065  -5.07293e-07  -100
13070  -5.0643e-07  -100
13075  -5.05599e-07  -100
13080  -5.04799e-07  -100
13085  -5.04031e-07  -100
13090  -5.03291e-07  -100
13095  -5.0258e-07  -100
13100  -5.01895e-07  -100
13105  -5.01237e-07  -100
13110  -5.00604e-07  -100
13115  -4.99995e-07  -100
13120  -4.9941e-07  -100
13125  -4.98846e-07  -100
13130  -4.98304e-07  -100
13135  -4.97783e-07  -100
13140  -4.97282e-07  -100
13145  -4.968e-07  -100
13150  -4.96336e-07  -100
13155  -4.95889e-07  -100
13160  -4.9546e-07  -100
13165  -4.95047e-07  -100
13170  -4.9465e-07  -100
13175  -4.94268e-07  -100
13180  -4.93901e-07  -100
13185  -4.93548e-07  -100
13190  -4.93208e-07  -100
13195  -4.92881e-07  -100
13200  -4.92566e-07  -100
13205  -4.92264e-07  -100
13210  -4.91973e-07  -100
13215  -4.91693e-07  -100
13220  -4.91424e-07  -100
13225  -4.91165e-07  -100
13230  -4.90915e-07  -100
13235  -4.90676e-07  -100
13240  -4.90445e-07  -100
13245  -4.90224e-07  -100
13250  -4.9001e-07  -100
13255  -4.89805e-07  -100
13260  -4.89608e-07  -100
13265  -4.89418e-07  -100
13270  -4.89236e-07  -100
13275  -4.8906e-07  -100
13280  -4.88891e-07  -100
13285  -4.88729e-07  -100
13290  -4.88573e-07  -100
13295  -4.88422e-07  -100
13300  -4.88278e-07  -100
13305  -4.88139e-07  -100
13310  -4.88005e-07  -100
13315  -4.87876e-07  -100
13320  -4.87752e-07  -100
13325  -4.87633e-07  -100
13330  -4.87519e-07  -100
13335  -4.87409e-07  -100
13340  -4.87303e-07  -100
13345  -4.87201e-07  -100
13350  -4.87103e-07  -100
13355  -4.87009e-07  -100
13360  -4.86918e-07  -100
13365  -4.86831e-07  -100
13370  -4.86747e-07  -100
13375  -4.86666e-07  -100
13380  -4.86588e-07  -100
13385  -4.86514e-07  -100
13390  -4.86442e-07  -100
13395  -4.86373e-07  -100
13400  -4.86306e-07  -100
13405  -4.86242e-07  -100
13410  -4.86181e-07  -100
13415  -4.86122e-07  -100
13420  -4.86065e-07  -100
13425  -4.8601e-07  -100
13430  -4.85958e-07  -100
13435  -4.85907e-07  -100
13440  -4.85858e-07  -100
13445  -4.85811e-07  -100
13450  -4.85766e-07  -100
13455  -4.85723e-07  -100
13460  -4.85681e-07  -100
13465  -4.85641e-07  -100
13470  -4.85603e-07  -100
13475  -4.85566e-07  -100
13480  -4.8553e-07  -100
13485  -4.85496e-07  -100
13490  -4.85463e-07  -100
13495  -4.85431e-07  -100
13500  -4.854e-07  -100
13505  -4.85371e-07  -100
13510  -4.85343e-07  -100
13515  -4.85315e-07  -100
13520  -4.85289e-07  -100
13525  -4.85264e-07  -100
13530  -4.8524e-07  -100
13535  -4.85217e-07  -100
13540  -4.85194e-07  -100
13545  -4.85173e-07  -100
13550  -4.85152e-07  -100
13555  -4.85132e-07  -100
13560  -4.85113e-07  -100
13565  -4.85094e-07  -100
13570  -4.85077e-07  -100
13575  -4.8506e-07  -100
13580  -4.85043e-07  -100
13585  -4.85027e-07  -100
13590  -4.85012e-07  -100
13595  -4.84998e-07  -100
13600  -4.84984e-07  -100
13605  -4.8497e-07  -100
13610  -4.84957e-07  -100
13615  -4.84945e-07  -100
13620  -4.84933e-07  -100
13625  -4.84921e-07  -100
13630  -4.8491e-07  -100
13635  -4.84899e-07  -100
13640  -4.84889e-07  -100
13645  -4.84879e-07  -100
13650  -4.8487e-07  -100
13655  -4.8486e-07  -100
13660  -4.84852e-07  -100
13665  -4.84843e-07  -100
13670  -4.84835e-07  -100
13675  -4.84827e-07  -100
13680  -4.8482e-07  -100
13685  -4.84812e-07  -100
13690  -4.84805e-07  -100
13695  -4.84799e-07  -100
13700  -4.84792e-07  -100
13705  -4.84786e-07  -100
13710  -4.8478e-07  -100
13715  -4.84774e-07  -100
13720  -4.84769e-07  -100
13725  -4.84763e-07  -100
13730  -4.84758e-07  -100
13735  -4.84753e-07  -100
13740  -4.84749e-07  -100
13745  -4.84744e-07  -100
13750  -4.8474e-07  -100
13755  -4.84736e-07  -100
13760  -4.84731e-07  -100
13765  -4.84728e-07  -100
13770  -4.84724e-07  -100
13775  -4.8472e-07  -100
13780  -4.84717e-07  -100
13785  -4.84713e-07  -100
13790  -4.8471e-07  -100
13795  -4.84707e-07  -100
13800  -4.84704e-07  -100
13805  -4.84701e-07  -100
13810  -4.84699e-07  -100
13815  -4.84696e-07  -100
13820  -4.84693e-07  -100
13825  -4.84691e-07  -100
13830  -4.84689e-07  -100
13835  -4.84686e-07  -100
13840  -4.84684e-07  -100
13845  -4.84682e-07  -100
13850  -4.8468e-07  -100
13855  -4.84678e-07  -100
13860  -4.84676e-07  -100
13865  -4.84674e-07  -100
13870  -4.84673e-07  -100
13875  -4.84671e-07  -100
13880  -4.84669e-07  -100
13885  -4.84668e-07  -100
13890  -4.84666e-07  -100
13895  -4.84665e-07  -100
13900  -4.84664e-07  -100
13905  -4.84662e-07  -100
13910  -4.84661e-07  -100
13915  -4.8466e-07  -100
13920  -4.84659e-07  -100
13925  -4.84658e-07  -100
13930  -4.84657e-07  -100
13935  -4.84656e-07  -100
13940  -4.84655e-07  -100
13945  -4.84654e-07  -100
13950  -4.84653e-07  -100
13955  -4.84652e-07  -100
13960  -4.84651e-07  -100
13965  -4.8465e-07  -100
13970  -4.84649e-07  -100
13975  -4.84648e-07  -100
13980  -4.84648e-07  -100
13985  -4.84647e-07  -100
13990  -4.84646e-07  -100
13995  -4.84646e-07  -100
14000  -4.84645e-07  -100
14005  -4.84645e-07  -100
14010  -4.84644e-07  -100
14015  -4.84643e-07  -100
14020  -4.84643e-07  -100
14025  -4.84642e-07  -100
14030  -4.84642e-07  -100
14035  -4.84641e-07  -100
14040  -4.84641e-07  -100
14045  -4.8464e-07  -100
14050  -4.8464e-07  -100
14055  -4.8464e-07  -100
14060  -4.84639e-07  -100
14065  -4.84639e-07  -100
14070  -4.84638e-07  -100
14075  -4.84638e-07  -100
14080  -4.84638e-07  -100
14085  -4.84637e-07  -100
14090  -4.84637e-07  -100
14095  -4.84637e-07  -100
14100  -4.84637e-07  -100
14105  -4.84636e-07  -100
14110  -4.84636e-07  -100
14115  -4.84636e-07  -100
14120  -4.84636e-07  -100
14125  -4.84635e-07  -100
14130  -4.84635e-07  -100
14135  -4.84635e-07  -100
14140  -4.84635e-07  -100
14145  -4.84634e-07  -100
14150  -4.84634e-07  -100
14155  -4.84634e-07  -100
14160  -4.84634e-07  -100
14165  -4.84634e-07  -100
14170  -4.84634e-07  -100
14175  -4.84633e-07  -100
14180  -4.84633e-07  -100
14185  -4.84633e-07  -100
14190  -4.84633e-07  -100
14195  -4.84633e-07  -100
14200  -4.84633e-07  -100
14205  -4.84632e-07  -100
14210  -4.84632e-07  -100
14215  -4.84632e-07  -100
14220  -4.84632e-07  -100
14225  -4.84632e-07  -100
14230  -4.84632e-07  -100
14235  -4.84632e-07  -100
14240  -4.84632e-07  -100
14245  -4.84632e-07  -100
14250  -4.84632e-07  -100
14255  -4.84631e-07  -100
14260  -4.84631e-07  -100
14265  -4.84631e-07  -100
14270  -4.84631e-07  -100
14275  -4.84631e-07  -100
14280  -4.84631e-07  -100
14285  -4.84631e-07  -100
14290  -4.84631e-07  -100
14295  -4.84631e-07  -100
14300  -4.84631e-07  -100
14305  -4.84631e-07  -100
14310  -4.84631e-07  -100
14315  -4.84631e-07  -100
14320  -4.84631e-07  -100
14325  -4.84631e-07  -100
14330  -4.84631e-07  -100
14335  -4.8463e-07  -100
14340  -4.8463e-07  -100
14345  -4.8463e-07  -100
14350  -4.8463e-07  -100
14355  -4.8463e-07  -100
14360  -4.8463e-07  -100
14365  -4.8463e-07  -100
14370  -4.8463e-07  -100
14375  -4.8463e-07  -100
14380  -4.8463e-07  -100
14385  -4.8463e-07  -100
14390  -4.8463e-07  -100
14395  -4.8463e-07  -100
14400  -4.8463e-07  -100
14405  -4.8463e-07  -100
14410  -4.8463e-07  -100
14415  -4.8463e-07  -100
14420  -4.8463e-07  -100
14425  -4.8463e-07  -100
14430  -4.8463e-07  -100
14435  -4.8463e-07  -100
14440  -4.8463e-07  -100
14445  -4.8463e-07  -100
14450  -4.8463e-07  -100
14455  -4.8463e-07  -100
14460  -4.8463e-07  -100
14465  -4.8463e-07  -100
14470  -4.8463e-07  -100
14475  -4.8463e-07  -100
14480  -4.8463e-07  -100
14485  -4.8463e-07  -100
14490  -4.8463e-07  -100
14495  -4.8463e-07  -100
14500  -4.8463e-07  -100
14505  -4.8463e-07  -100
14510  -4.8463e-07  -100
14515  -4.8463e-07  -100
14520  -4.8463e-07  -100
14525  -4.8463e-07  -100
14530  -4.8463e-07  -100
14535  -4.8463e-07  -100
14540  -4.8463e-07  -100
14545  -4.8463e-07  -100
14550  -4.8463e-07  -100
14555  -4.84629e-07  -100
14560  -4.84629e-07  -100
14565  -4.84629e-07  -100
14570  -4.84629e-07  -100
14575  -4.84629e-07  -100
14580  -4.84629e-07  -100
14585  -4.84629e-07  -100
14590  -4.84629e-07  -100
14595  -4.84629e-07  -100
14600  -4.84629e-07  -100
14605  -4.84629e-07  -100
14610  -4.84629e-07  -100
14615  -4.84629e-07  -100
14620  -4.84629e-07  -100
14625  -4.84629e-07  -100
14630  -4.84629e-07  -100
14635  -4.84629e-07  -100
14640  -4.84629e-07  -100
14645  -4.84629e-07  -100
14650  -4.84629e-07  -100
14655  -4.84629e-07  -100
14660  -4.84629e-07  -100
14665  -4.84629e-07  -100
14670  -4.84629e-07  -100
14675  -4.84629e-07  -100
14680  -4.84629e-07  -100
14685  -4.84629e-07  -100
14690  -4.84629e-07  -100
14695  -4.84629e-07  -100
14700  -4.84629e-07  -100
14705  -4.84629e-07  -100
14710  -4.84629e-07  -100
14715  -4.84629e-07  -100
14720  -4.84629e-07  -100
14725  -4.84629e-07  -100
14730  -4.84629e-07  -100
14735  -4.84629e-07  -100
14740  -4.84629e-07  -100
14745  -4.84629e-07  -100
14750  -4.84629e-07  -100
14755  -4.84629e-07  -100
14760  -4.84629e-07  -100
14765  -4.84629e-07  -100
14770  -4.84629e-07  -100
14775  -4.84629e-07  -100
14780  -4.84629e-07  -100
14785  -4.84629e-07  -100
14790  -4.84629e-07  -100
14795  -4.84629e-07  -100
14800  -4.84629e-07  -100
14805  -4.84629e-07  -100
14810  -4.84629e-07  -100
14815  -4.84629e-07  -100
14820  -4.84629e-07  -100
14825  -4.84629e-07  -100
14830  -4.84629e-07  -100
14835  -4.84629e-07  -100
14840  -4.84629e-07  -100
14845  -4.84629e-07  -100
14850  -4.84629e-07  -100
14855  -4.84629e-07  -100
14860  -4.84629e-07  -100
14865  -4.84629e-07  -100
14870  -4.84629e-07  -100
14875  -4.84629e-07  -100
14880  -4.84629e-07  -100
14885  -4.84629e-07  -100
14890  -4.84629e-07  -100
14895  -4.84629e-07  -100
14900  -4.84629e-07  -100
14905  -4.84629e-07  -100
14910  -4.84629e-07  -100
14915  -4.84629e-07  -100
14920  -4.84629e-07  -100
14925  -4.84629e-07  -100
14930  -4.84629e-07  -100
14935  -4.84629e-07  -100
14940  -4.84629e-07  -100
14945  -4.84629e-07  -100
14950  -4.84629e-07  -100
14955  -4.84629e-07  -100
14960  -4.84629e-07  -100
